Name:			CBMix2.dat
#Vehicles:		28
Capacity:		1578
Depot:			1
#Nodes:			68
#Edges:			0
#Arcs:			246
#Required-N:	36
#Required-E:	0
#Required-A:	149
#Nb-Turns:		954

----------NODES----------
INDEX	QTY	IS-REQUIRED	X	Y
1	0	0	38.16	27.96
2	0	0	110.31	27.3
3	0	0	193.71	17.33
4	0	0	229.48	13.2
5	0	0	267.76	10.38
6	242	1	307.27	2.34
7	170	1	346.60	0.55
8	169	1	382.54	1.81
9	394	1	418.69	8.94
10	372	1	30.83	99.93
11	237	1	105.14	105.7
12	353	1	188.25	96.39
13	404	1	232.23	85.29
14	0	0	275.33	82.28
15	0	0	320.20	76.21
16	98	1	359.50	76.68
17	0	0	398.70	75.93
18	0	0	433.14	84.55
19	257	1	195.9	134.18
20	0	0	239.0	137.22
21	0	0	280.8	121.96
22	0	0	323.80	119.8
23	142	1	362.63	119.97
24	0	0	403.85	126.91
25	0	0	445.53	125.49
26	0	0	16.54	179.11
27	229	1	88.24	184.36
28	383	1	190.91	177.46
29	231	1	235.18	167.64
30	445	1	285.83	166.64
31	0	0	320.17	159.52
32	0	0	366.18	169.33
33	0	0	405.6	156.37
34	0	0	446.17	156.78
35	0	0	0.55	225.25
36	340	1	39.78	217.41
37	340	1	70.71	225.43
38	0	0	188.60	211.97
39	271	1	229.57	212.76
40	0	0	270.42	217.16
41	0	0	374.79	207.53
42	439	1	413.69	202.40
43	151	1	451.33	193.33
44	0	0	11.21	260.13
45	0	0	47.78	271.80
46	190	1	89.66	260.21
47	0	0	182.93	256.54
48	61	1	228.40	254.60
49	452	1	269.47	254.62
50	449	1	324.42	261.0
51	364	1	364.93	245.75
52	0	0	408.18	249.90
53	0	0	446.19	241.46
54	0	0	284.28	290.82
55	0	0	332.53	289.87
56	261	1	368.31	290.15
57	82	1	407.91	285.33
58	264	1	446.78	283.34
59	452	1	19.93	332.98
60	447	1	59.84	340.96
61	117	1	100.71	335.64
62	100	1	192.71	326.11
63	469	1	233.33	329.42
64	335	1	274.42	327.23
65	0	0	320.31	329.75
66	0	0	360.31	323.80
67	146	1	409.41	323.45
68	183	1	443.63	315.98

----------EDGES----------
INDEX-I	INDEX-J	QTY	IS-REQUIRED	TR-COST

-----------ARCS----------
INDEX-I	INDEX-J	QTY	IS-REQUIRED	TR-COST
1	10	383	1	40
2	1	41	1	38
2	11	296	1	39
3	2	268	1	39
4	13	66	1	36
5	4	366	1	18
5	6	346	1	19
5	14	231	1	34
6	15	164	1	39
7	6	227	1	19
7	8	108	1	18
7	16	295	1	39
8	9	393	1	19
8	17	241	1	38
9	8	295	1	19
10	1	242	1	40
10	11	251	1	37
11	2	121	1	39
11	10	388	1	37
12	19	321	1	18
13	4	179	1	36
13	12	164	1	20
13	14	64	1	19
14	21	21	1	18
15	6	124	1	39
15	14	232	1	20
15	16	377	1	18
16	7	251	1	39
16	17	28	1	19
16	23	102	1	21
17	8	80	1	38
17	16	358	1	19
17	18	156	1	18
18	17	65	1	18
18	24	303	1	26
18	25	74	1	21
19	28	289	1	20
20	21	296	1	20
20	29	317	1	14
21	14	64	1	18
21	22	76	1	20
21	30	331	1	20
22	31	83	1	19
23	32	49	1	23
24	16	82	1	33
24	17	290	1	24
24	23	344	1	20
24	25	293	1	21
24	32	398	1	27
24	33	331	1	14
24	34	270	1	24
25	18	383	1	21
25	24	168	1	21
26	10	60	1	41
26	27	314	1	33
26	35	134	1	24
27	11	236	1	37
27	28	351	1	40
27	37	213	1	21
28	29	48	1	19
28	38	61	1	16
28	39	55	1	25
29	20	256	1	14
29	28	296	1	19
29	30	78	1	21
30	21	236	1	20
30	51	281	1	53
31	30	220	1	15
33	32	149	1	19
33	34	286	1	21
34	24	284	1	24
34	25	389	1	15
34	43	234	1	17
35	26	126	1	24
35	36	61	1	23
35	44	38	1	18
36	27	364	1	29
36	35	338	1	23
36	37	269	1	17
36	44	346	1	28
37	27	254	1	21
37	36	70	1	17
38	39	242	1	21
38	47	224	1	21
39	29	344	1	21
39	40	247	1	21
39	48	246	1	20
39	49	291	1	27
41	32	140	1	17
41	42	190	1	19
42	33	314	1	22
42	41	236	1	19
42	43	12	1	20
43	53	262	1	22
44	35	372	1	18
44	45	226	1	19
45	46	300	1	20
46	45	76	1	20
46	61	227	1	40
47	38	31	1	21
47	46	294	1	37
47	48	66	1	19
48	39	264	1	20
48	47	242	1	19
48	49	259	1	17
48	63	354	1	40
49	39	322	1	27
49	40	43	1	17
49	50	317	1	22
50	49	190	1	22
50	55	371	1	14
51	41	102	1	17
51	52	48	1	19
51	56	65	1	20
52	42	104	1	23
52	51	340	1	19
52	53	27	1	18
53	43	273	1	22
54	49	235	1	18
54	55	47	1	23
54	64	58	1	18
55	54	128	1	23
55	56	280	1	17
55	65	92	1	21
56	51	222	1	20
56	55	271	1	17
56	66	72	1	16
57	56	177	1	19
58	57	28	1	19
58	68	294	1	16
59	60	150	1	21
60	45	128	1	41
60	59	105	1	21
61	60	40	1	20
61	62	383	1	39
62	61	59	1	39
62	63	205	1	18
63	62	52	1	18
64	54	209	1	18
64	63	397	1	18
64	65	369	1	20
65	55	21	1	21
65	66	23	1	18
66	56	237	1	16
66	65	65	1	18
66	67	59	1	23
67	57	296	1	19
67	66	82	1	23
67	68	184	1	17
1	2	0	0	38
2	3	0	0	39
3	4	0	0	17
3	12	0	0	39
4	3	0	0	17
4	5	0	0	18
6	5	0	0	19
6	7	0	0	19
8	7	0	0	18
9	18	0	0	38
10	26	0	0	41
11	12	0	0	36
11	27	0	0	37
12	3	0	0	39
12	11	0	0	36
12	13	0	0	20
13	20	0	0	25
14	5	0	0	34
14	13	0	0	19
14	15	0	0	20
15	22	0	0	21
16	15	0	0	18
16	24	0	0	33
17	24	0	0	24
18	9	0	0	38
19	12	0	0	18
19	20	0	0	21
20	13	0	0	25
20	19	0	0	21
21	20	0	0	20
22	15	0	0	21
22	21	0	0	20
22	23	0	0	18
23	16	0	0	21
23	22	0	0	18
23	24	0	0	20
24	18	0	0	26
25	34	0	0	15
27	26	0	0	33
27	36	0	0	29
28	19	0	0	20
28	27	0	0	40
29	39	0	0	21
30	29	0	0	21
30	31	0	0	15
30	40	0	0	23
31	22	0	0	19
31	32	0	0	20
32	23	0	0	23
32	24	0	0	27
32	31	0	0	20
32	33	0	0	19
32	41	0	0	17
33	24	0	0	14
33	42	0	0	22
34	33	0	0	21
37	46	0	0	19
38	28	0	0	16
39	28	0	0	25
39	38	0	0	21
40	30	0	0	23
40	39	0	0	21
40	49	0	0	17
41	51	0	0	17
42	52	0	0	23
43	34	0	0	17
43	42	0	0	20
44	36	0	0	28
44	59	0	0	39
45	44	0	0	19
45	60	0	0	41
46	37	0	0	19
46	47	0	0	37
47	62	0	0	33
49	48	0	0	17
49	54	0	0	18
50	51	0	0	18
51	30	0	0	53
51	50	0	0	18
52	57	0	0	17
53	52	0	0	18
53	58	0	0	20
55	50	0	0	14
56	57	0	0	19
57	52	0	0	17
57	58	0	0	19
57	67	0	0	19
58	53	0	0	20
59	44	0	0	39
60	61	0	0	20
61	46	0	0	40
62	47	0	0	33
63	48	0	0	40
63	64	0	0	18
65	64	0	0	20
68	58	0	0	16
68	67	0	0	17

----------TURNS----------
INDEX-I	INDEX-J INDEX-K	COST TYPE
1	2	1	25	U
1	2	3	5	F
1	2	11	15	L
1	10	1	25	U
1	10	11	0	R
1	10	26	5	F
2	1	2	0	O
2	1	10	0	O
2	3	2	25	U
2	3	4	5	F
2	3	12	15	L
2	11	2	25	U
2	11	10	15	L
2	11	12	0	R
2	11	27	5	F
3	2	1	5	F
3	2	3	25	U
3	2	11	0	R
3	4	3	25	U
3	4	5	5	F
3	4	13	15	L
3	12	3	25	U
3	12	11	15	L
3	12	13	0	R
3	12	19	5	F
4	3	2	5	F
4	3	4	25	U
4	3	12	0	R
4	5	4	25	U
4	5	6	5	F
4	5	14	15	L
4	13	4	25	U
4	13	12	15	L
4	13	14	0	R
4	13	20	5	F
5	4	3	5	F
5	4	5	25	U
5	4	13	0	R
5	6	5	25	U
5	6	7	5	F
5	6	15	15	L
5	14	5	25	U
5	14	13	15	L
5	14	15	0	R
5	14	21	5	F
6	5	4	5	F
6	5	6	25	U
6	5	14	0	R
6	7	6	25	U
6	7	8	5	F
6	7	16	15	L
6	15	6	25	U
6	15	14	15	L
6	15	16	0	R
6	15	22	5	F
7	6	5	5	F
7	6	7	25	U
7	6	15	0	R
7	8	7	25	U
7	8	9	5	F
7	8	17	15	L
7	16	7	25	U
7	16	15	15	L
7	16	17	0	R
7	16	23	5	F
7	16	24	0	R
8	7	6	5	F
8	7	8	25	U
8	7	16	0	R
8	9	8	25	U
8	9	18	5	F
8	17	8	25	U
8	17	16	15	L
8	17	18	0	R
8	17	24	5	F
9	8	7	5	F
9	8	9	25	U
9	8	17	0	R
9	18	9	25	U
9	18	17	15	L
9	18	24	15	L
9	18	25	5	F
10	1	2	0	O
10	1	10	0	O
10	11	2	0	R
10	11	10	25	U
10	11	12	5	F
10	11	27	15	L
10	26	10	25	U
10	26	27	0	R
10	26	35	5	F
11	2	1	0	R
11	2	3	5	F
11	2	11	25	U
11	10	1	15	L
11	10	11	25	U
11	10	26	5	F
11	12	3	0	R
11	12	11	25	U
11	12	13	5	F
11	12	19	15	L
11	27	11	25	U
11	27	26	15	L
11	27	28	0	R
11	27	36	15	L
11	27	37	5	F
12	3	2	0	R
12	3	4	5	F
12	3	12	25	U
12	11	2	15	L
12	11	10	5	F
12	11	12	25	U
12	11	27	0	R
12	13	4	0	R
12	13	12	25	U
12	13	14	5	F
12	13	20	15	L
12	19	12	25	U
12	19	20	0	R
12	19	28	5	F
13	4	3	0	R
13	4	5	5	F
13	4	13	25	U
13	12	3	15	L
13	12	11	5	F
13	12	13	25	U
13	12	19	0	R
13	14	5	0	R
13	14	13	25	U
13	14	15	5	F
13	14	21	15	L
13	20	13	25	U
13	20	19	15	L
13	20	21	0	R
13	20	29	5	F
14	5	4	0	R
14	5	6	5	F
14	5	14	25	U
14	13	4	15	L
14	13	12	5	F
14	13	14	25	U
14	13	20	0	R
14	15	6	0	R
14	15	14	25	U
14	15	16	5	F
14	15	22	15	L
14	21	14	25	U
14	21	20	15	L
14	21	22	0	R
14	21	30	5	F
15	6	5	5	F
15	6	7	15	L
15	6	15	25	U
15	14	5	15	L
15	14	13	5	F
15	14	15	25	U
15	14	21	0	R
15	16	7	0	R
15	16	15	25	U
15	16	17	5	F
15	16	23	15	L
15	16	24	15	L
15	22	15	25	U
15	22	21	15	L
15	22	23	0	R
15	22	31	5	F
16	7	6	5	F
16	7	8	15	L
16	7	16	25	U
16	15	6	15	L
16	15	14	5	F
16	15	16	25	U
16	15	22	0	R
16	17	8	0	R
16	17	16	25	U
16	17	18	5	F
16	17	24	15	L
16	23	16	25	U
16	23	22	15	L
16	23	24	0	R
16	23	32	5	F
16	24	16	25	U
16	24	17	0	R
16	24	18	0	R
16	24	23	15	L
16	24	25	0	R
16	24	32	15	L
16	24	33	15	L
16	24	34	5	F
17	8	7	5	F
17	8	9	15	L
17	8	17	25	U
17	16	7	15	L
17	16	15	5	F
17	16	17	25	U
17	16	23	0	R
17	16	24	0	R
17	18	9	0	R
17	18	17	25	U
17	18	24	15	L
17	18	25	5	F
17	24	16	15	L
17	24	17	25	U
17	24	18	0	R
17	24	23	15	L
17	24	25	0	R
17	24	32	15	L
17	24	33	5	F
17	24	34	0	R
18	9	8	5	F
18	9	18	25	U
18	17	8	15	L
18	17	16	5	F
18	17	18	25	U
18	17	24	0	R
18	24	16	15	L
18	24	17	15	L
18	24	18	25	U
18	24	23	15	L
18	24	25	0	R
18	24	32	5	F
18	24	33	0	R
18	24	34	0	R
18	25	18	25	U
18	25	24	15	L
18	25	34	5	F
19	12	3	5	F
19	12	11	0	R
19	12	13	15	L
19	12	19	25	U
19	20	13	0	R
19	20	19	25	U
19	20	21	5	F
19	20	29	15	L
19	28	19	25	U
19	28	27	15	L
19	28	29	0	R
19	28	38	5	F
19	28	39	0	R
20	13	4	5	F
20	13	12	0	R
20	13	14	15	L
20	13	20	25	U
20	19	12	5	F
20	19	20	25	U
20	19	28	0	R
20	21	14	0	R
20	21	20	25	U
20	21	22	5	F
20	21	30	15	L
20	29	20	25	U
20	29	28	15	L
20	29	30	0	R
20	29	39	5	F
21	14	5	5	F
21	14	13	0	R
21	14	15	15	L
21	14	21	25	U
21	20	13	15	L
21	20	19	5	F
21	20	21	25	U
21	20	29	0	R
21	22	15	0	R
21	22	21	25	U
21	22	23	5	F
21	22	31	15	L
21	30	21	25	U
21	30	29	15	L
21	30	31	0	R
21	30	40	5	F
21	30	51	0	R
22	15	6	5	F
22	15	14	0	R
22	15	16	15	L
22	15	22	25	U
22	21	14	15	L
22	21	20	5	F
22	21	22	25	U
22	21	30	0	R
22	23	16	0	R
22	23	22	25	U
22	23	24	5	F
22	23	32	15	L
22	31	22	25	U
22	31	30	5	F
22	31	32	0	R
23	16	7	5	F
23	16	15	0	R
23	16	17	15	L
23	16	23	25	U
23	16	24	15	L
23	22	15	15	L
23	22	21	5	F
23	22	23	25	U
23	22	31	0	R
23	24	16	0	R
23	24	17	0	R
23	24	18	0	R
23	24	23	25	U
23	24	25	5	F
23	24	32	15	L
23	24	33	15	L
23	24	34	15	L
23	32	23	25	U
23	32	24	0	R
23	32	31	15	L
23	32	33	0	R
23	32	41	5	F
24	16	7	5	F
24	16	15	0	R
24	16	17	15	L
24	16	23	0	R
24	16	24	25	U
24	17	8	5	F
24	17	16	0	R
24	17	18	15	L
24	17	24	25	U
24	18	9	5	F
24	18	17	0	R
24	18	24	25	U
24	18	25	15	L
24	23	16	15	L
24	23	22	5	F
24	23	24	25	U
24	23	32	0	R
24	25	18	0	R
24	25	24	25	U
24	25	34	5	F
24	32	23	15	L
24	32	24	25	U
24	32	31	15	L
24	32	33	0	R
24	32	41	5	F
24	33	24	25	U
24	33	32	15	L
24	33	34	0	R
24	33	42	5	F
24	34	24	25	U
24	34	25	0	R
24	34	33	15	L
24	34	43	5	F
25	18	9	5	F
25	18	17	0	R
25	18	24	0	R
25	18	25	25	U
25	24	16	15	L
25	24	17	15	L
25	24	18	15	L
25	24	23	5	F
25	24	25	25	U
25	24	32	0	R
25	24	33	0	R
25	24	34	0	R
25	34	24	15	L
25	34	25	25	U
25	34	33	15	L
25	34	43	5	F
26	10	1	5	F
26	10	11	15	L
26	10	26	25	U
26	27	11	0	R
26	27	26	25	U
26	27	28	5	F
26	27	36	15	L
26	27	37	15	L
26	35	26	25	U
26	35	36	0	R
26	35	44	5	F
27	11	2	5	F
27	11	10	0	R
27	11	12	15	L
27	11	27	25	U
27	26	10	15	L
27	26	27	25	U
27	26	35	5	F
27	28	19	0	R
27	28	27	25	U
27	28	29	5	F
27	28	38	15	L
27	28	39	15	L
27	36	27	25	U
27	36	35	15	L
27	36	37	0	R
27	36	44	5	F
27	37	27	25	U
27	37	36	15	L
27	37	46	5	F
28	19	12	5	F
28	19	20	15	L
28	19	28	25	U
28	27	11	15	L
28	27	26	5	F
28	27	28	25	U
28	27	36	0	R
28	27	37	0	R
28	29	20	0	R
28	29	28	25	U
28	29	30	5	F
28	29	39	15	L
28	38	28	25	U
28	38	39	0	R
28	38	47	5	F
28	39	28	25	U
28	39	29	0	R
28	39	38	15	L
28	39	40	0	R
28	39	48	15	L
28	39	49	5	F
29	20	13	5	F
29	20	19	0	R
29	20	21	15	L
29	20	29	25	U
29	28	19	15	L
29	28	27	5	F
29	28	29	25	U
29	28	38	0	R
29	28	39	0	R
29	30	21	0	R
29	30	29	25	U
29	30	31	5	F
29	30	40	15	L
29	30	51	15	L
29	39	28	15	L
29	39	29	25	U
29	39	38	15	L
29	39	40	0	R
29	39	48	5	F
29	39	49	0	R
30	21	14	5	F
30	21	20	0	R
30	21	22	15	L
30	21	30	25	U
30	29	20	15	L
30	29	28	5	F
30	29	30	25	U
30	29	39	0	R
30	31	22	0	R
30	31	30	25	U
30	31	32	5	F
30	40	30	25	U
30	40	39	15	L
30	40	49	5	F
30	51	30	25	U
30	51	41	0	R
30	51	50	15	L
30	51	52	5	F
30	51	56	15	L
31	22	15	5	F
31	22	21	0	R
31	22	23	15	L
31	22	31	25	U
31	30	21	15	L
31	30	29	5	F
31	30	31	25	U
31	30	40	0	R
31	30	51	0	R
31	32	23	0	R
31	32	24	0	R
31	32	31	25	U
31	32	33	5	F
31	32	41	15	L
32	23	16	5	F
32	23	22	0	R
32	23	24	15	L
32	23	32	25	U
32	24	16	0	R
32	24	17	0	R
32	24	18	5	F
32	24	23	0	R
32	24	25	15	L
32	24	32	25	U
32	24	33	15	L
32	24	34	15	L
32	31	22	15	L
32	31	30	5	F
32	31	32	25	U
32	33	24	0	R
32	33	32	25	U
32	33	34	5	F
32	33	42	15	L
32	41	32	25	U
32	41	42	0	R
32	41	51	5	F
33	24	16	0	R
33	24	17	5	F
33	24	18	15	L
33	24	23	0	R
33	24	25	15	L
33	24	32	0	R
33	24	33	25	U
33	24	34	15	L
33	32	23	15	L
33	32	24	15	L
33	32	31	5	F
33	32	33	25	U
33	32	41	0	R
33	34	24	0	R
33	34	25	0	R
33	34	33	25	U
33	34	43	5	F
33	42	33	25	U
33	42	41	15	L
33	42	43	0	R
33	42	52	5	F
34	24	16	5	F
34	24	17	15	L
34	24	18	15	L
34	24	23	0	R
34	24	25	15	L
34	24	32	0	R
34	24	33	0	R
34	24	34	25	U
34	25	18	5	F
34	25	24	0	R
34	25	34	25	U
34	33	24	15	L
34	33	32	5	F
34	33	34	25	U
34	33	42	0	R
34	43	34	25	U
34	43	42	15	L
34	43	53	5	F
35	26	10	5	F
35	26	27	15	L
35	26	35	25	U
35	36	27	5	F
35	36	35	25	U
35	36	37	15	L
35	36	44	15	L
35	44	35	25	U
35	44	36	0	R
35	44	45	0	R
35	44	59	5	F
36	27	11	0	R
36	27	26	0	R
36	27	28	5	F
36	27	36	25	U
36	27	37	15	L
36	35	26	15	L
36	35	36	25	U
36	35	44	5	F
36	37	27	0	R
36	37	36	25	U
36	37	46	5	F
36	44	35	15	L
36	44	36	25	U
36	44	45	0	R
36	44	59	5	F
37	27	11	5	F
37	27	26	0	R
37	27	28	15	L
37	27	36	0	R
37	27	37	25	U
37	36	27	15	L
37	36	35	5	F
37	36	37	25	U
37	36	44	0	R
37	46	37	25	U
37	46	45	15	L
37	46	47	0	R
37	46	61	5	F
38	28	19	5	F
38	28	27	0	R
38	28	29	15	L
38	28	38	25	U
38	28	39	15	L
38	39	28	0	R
38	39	29	0	R
38	39	38	25	U
38	39	40	5	F
38	39	48	15	L
38	39	49	15	L
38	47	38	25	U
38	47	46	15	L
38	47	48	0	R
38	47	62	5	F
39	28	19	15	L
39	28	27	5	F
39	28	29	15	L
39	28	38	0	R
39	28	39	25	U
39	29	20	5	F
39	29	28	0	R
39	29	30	15	L
39	29	39	25	U
39	38	28	15	L
39	38	39	25	U
39	38	47	5	F
39	40	30	5	F
39	40	39	25	U
39	40	49	15	L
39	48	39	25	U
39	48	47	15	L
39	48	49	0	R
39	48	63	5	F
39	49	39	25	U
39	49	40	0	R
39	49	48	15	L
39	49	50	0	R
39	49	54	5	F
40	30	21	5	F
40	30	29	0	R
40	30	31	15	L
40	30	40	25	U
40	30	51	15	L
40	39	28	15	L
40	39	29	15	L
40	39	38	5	F
40	39	40	25	U
40	39	48	0	R
40	39	49	0	R
40	49	39	15	L
40	49	40	25	U
40	49	48	15	L
40	49	50	0	R
40	49	54	5	F
41	32	23	5	F
41	32	24	15	L
41	32	31	0	R
41	32	33	15	L
41	32	41	25	U
41	42	33	0	R
41	42	41	25	U
41	42	43	5	F
41	42	52	15	L
41	51	30	15	L
41	51	41	25	U
41	51	50	15	L
41	51	52	0	R
41	51	56	5	F
42	33	24	5	F
42	33	32	0	R
42	33	34	15	L
42	33	42	25	U
42	41	32	15	L
42	41	42	25	U
42	41	51	5	F
42	43	34	5	F
42	43	42	25	U
42	43	53	15	L
42	52	42	25	U
42	52	51	15	L
42	52	53	0	R
42	52	57	5	F
43	34	24	0	R
43	34	25	5	F
43	34	33	0	R
43	34	43	25	U
43	42	33	15	L
43	42	41	5	F
43	42	43	25	U
43	42	52	0	R
43	53	43	25	U
43	53	52	15	L
43	53	58	5	F
44	35	26	5	F
44	35	36	15	L
44	35	44	25	U
44	36	27	5	F
44	36	35	0	R
44	36	37	15	L
44	36	44	25	U
44	45	44	25	U
44	45	46	5	F
44	45	60	15	L
44	59	44	25	U
44	59	60	5	F
45	44	35	5	F
45	44	36	15	L
45	44	45	25	U
45	44	59	0	R
45	46	37	0	R
45	46	45	25	U
45	46	47	5	F
45	46	61	15	L
45	60	45	25	U
45	60	59	15	L
45	60	61	5	F
46	37	27	15	L
46	37	36	5	F
46	37	46	25	U
46	45	44	5	F
46	45	46	25	U
46	45	60	0	R
46	47	38	0	R
46	47	46	25	U
46	47	48	5	F
46	47	62	15	L
46	61	46	25	U
46	61	60	15	L
46	61	62	5	F
47	38	28	5	F
47	38	39	15	L
47	38	47	25	U
47	46	37	15	L
47	46	45	5	F
47	46	47	25	U
47	46	61	0	R
47	48	39	0	R
47	48	47	25	U
47	48	49	5	F
47	48	63	15	L
47	62	47	25	U
47	62	61	15	L
47	62	63	5	F
48	39	28	0	R
48	39	29	5	F
48	39	38	0	R
48	39	40	15	L
48	39	48	25	U
48	39	49	15	L
48	47	38	15	L
48	47	46	5	F
48	47	48	25	U
48	47	62	0	R
48	49	39	0	R
48	49	40	0	R
48	49	48	25	U
48	49	50	5	F
48	49	54	15	L
48	63	48	25	U
48	63	62	15	L
48	63	64	5	F
49	39	28	5	F
49	39	29	15	L
49	39	38	0	R
49	39	40	15	L
49	39	48	0	R
49	39	49	25	U
49	40	30	5	F
49	40	39	0	R
49	40	49	25	U
49	48	39	15	L
49	48	47	5	F
49	48	49	25	U
49	48	63	0	R
49	50	49	25	U
49	50	51	5	F
49	50	55	15	L
49	54	49	25	U
49	54	55	0	R
49	54	64	5	F
50	49	39	15	L
50	49	40	15	L
50	49	48	5	F
50	49	50	25	U
50	49	54	0	R
50	51	30	0	R
50	51	41	0	R
50	51	50	25	U
50	51	52	5	F
50	51	56	15	L
50	55	50	25	U
50	55	54	15	L
50	55	56	0	R
50	55	65	5	F
51	30	21	5	F
51	30	29	0	R
51	30	31	15	L
51	30	40	0	R
51	30	51	25	U
51	41	32	5	F
51	41	42	15	L
51	41	51	25	U
51	50	49	5	F
51	50	51	25	U
51	50	55	0	R
51	52	42	0	R
51	52	51	25	U
51	52	53	5	F
51	52	57	15	L
51	56	51	25	U
51	56	55	15	L
51	56	57	0	R
51	56	66	5	F
52	42	33	5	F
52	42	41	0	R
52	42	43	15	L
52	42	52	25	U
52	51	30	15	L
52	51	41	15	L
52	51	50	5	F
52	51	52	25	U
52	51	56	0	R
52	53	43	5	F
52	53	52	25	U
52	53	58	15	L
52	57	52	25	U
52	57	56	15	L
52	57	58	0	R
52	57	67	5	F
53	43	34	5	F
53	43	42	0	R
53	43	53	25	U
53	52	42	15	L
53	52	51	5	F
53	52	53	25	U
53	52	57	0	R
53	58	53	25	U
53	58	57	15	L
53	58	68	5	F
54	49	39	5	F
54	49	40	15	L
54	49	48	0	R
54	49	50	15	L
54	49	54	25	U
54	55	50	0	R
54	55	54	25	U
54	55	56	5	F
54	55	65	15	L
54	64	54	25	U
54	64	63	5	F
54	64	65	0	R
55	50	49	5	F
55	50	51	15	L
55	50	55	25	U
55	54	49	5	F
55	54	55	25	U
55	54	64	0	R
55	56	51	0	R
55	56	55	25	U
55	56	57	5	F
55	56	66	15	L
55	65	55	25	U
55	65	64	5	F
55	65	66	0	R
56	51	30	0	R
56	51	41	5	F
56	51	50	0	R
56	51	52	15	L
56	51	56	25	U
56	55	50	15	L
56	55	54	5	F
56	55	56	25	U
56	55	65	0	R
56	57	52	0	R
56	57	56	25	U
56	57	58	5	F
56	57	67	15	L
56	66	56	25	U
56	66	65	5	F
56	66	67	0	R
57	52	42	5	F
57	52	51	0	R
57	52	53	15	L
57	52	57	25	U
57	56	51	15	L
57	56	55	5	F
57	56	57	25	U
57	56	66	0	R
57	58	53	5	F
57	58	57	25	U
57	58	68	15	L
57	67	57	25	U
57	67	66	5	F
57	67	68	0	R
58	53	43	5	F
58	53	52	0	R
58	53	58	25	U
58	57	52	15	L
58	57	56	5	F
58	57	58	25	U
58	57	67	0	R
58	68	58	25	U
58	68	67	5	F
59	44	35	5	F
59	44	36	15	L
59	44	45	15	L
59	44	59	25	U
59	60	45	0	R
59	60	59	25	U
59	60	61	5	F
60	45	44	5	F
60	45	46	15	L
60	45	60	25	U
60	59	44	5	F
60	59	60	25	U
60	61	46	0	R
60	61	60	25	U
60	61	62	5	F
61	46	37	5	F
61	46	45	0	R
61	46	47	15	L
61	46	61	25	U
61	60	45	15	L
61	60	59	5	F
61	60	61	25	U
61	62	47	0	R
61	62	61	25	U
61	62	63	5	F
62	47	38	5	F
62	47	46	0	R
62	47	48	15	L
62	47	62	25	U
62	61	46	15	L
62	61	60	5	F
62	61	62	25	U
62	63	48	0	R
62	63	62	25	U
62	63	64	5	F
63	48	39	5	F
63	48	47	0	R
63	48	49	15	L
63	48	63	25	U
63	62	47	15	L
63	62	61	5	F
63	62	63	25	U
63	64	54	0	R
63	64	63	25	U
63	64	65	5	F
64	54	49	5	F
64	54	55	15	L
64	54	64	25	U
64	63	48	15	L
64	63	62	5	F
64	63	64	25	U
64	65	55	0	R
64	65	64	25	U
64	65	66	5	F
65	55	50	5	F
65	55	54	0	R
65	55	56	15	L
65	55	65	25	U
65	64	54	15	L
65	64	63	5	F
65	64	65	25	U
65	66	56	0	R
65	66	65	25	U
65	66	67	5	F
66	56	51	5	F
66	56	55	0	R
66	56	57	15	L
66	56	66	25	U
66	65	55	15	L
66	65	64	5	F
66	65	66	25	U
66	67	57	0	R
66	67	66	25	U
66	67	68	5	F
67	57	52	5	F
67	57	56	0	R
67	57	58	15	L
67	57	67	25	U
67	66	56	15	L
67	66	65	5	F
67	66	67	25	U
67	68	58	5	F
67	68	67	25	U
68	58	53	5	F
68	58	57	0	R
68	58	68	25	U
68	67	57	15	L
68	67	66	5	F
68	67	68	25	U
