Name:			CBMix13.dat
#Vehicles:		22
Capacity:		1874
Depot:			86
#Nodes:			150
#Edges:			2
#Arcs:			290
#Required-N:	79
#Required-E:	2
#Required-A:	60
#Nb-Turns:		557

----------NODES----------
INDEX	QTY	IS-REQUIRED	X	Y
1	0	0	555.2	3.26
2	421	1	564.2	40.87
3	480	1	567.52	83.80
4	0	0	570.50	126.27
5	233	1	568.71	170.87
6	333	1	570.27	221.77
7	0	0	572.80	273.31
8	0	0	579.35	380.45
9	0	0	584.51	427.6
10	458	1	590.98	477.21
11	0	0	599.81	513.37
12	109	1	588.31	547.4
13	154	1	528.20	81.85
14	178	1	528.55	121.21
15	0	0	527.24	161.58
16	92	1	542.23	299.65
17	0	0	540.69	387.98
18	0	0	539.47	432.92
19	0	0	547.86	474.53
20	372	1	557.90	518.4
21	0	0	549.57	556.76
22	299	1	457.28	0.87
23	0	0	484.32	29.94
24	0	0	473.74	77.20
25	0	0	480.6	128.64
26	0	0	489.7	179.85
27	387	1	489.54	219.21
28	123	1	492.29	270.53
29	340	1	499.28	382.40
30	119	1	501.71	436.9
31	0	0	498.64	475.26
32	274	1	520.24	515.2
33	474	1	508.32	556.91
34	0	0	419.95	0.55
35	0	0	432.20	79.63
36	0	0	436.72	131.31
37	0	0	439.50	178.43
38	0	0	443.79	223.89
39	258	1	450.5	275.66
40	0	0	441.55	382.93
41	406	1	449.46	432.15
42	444	1	456.26	476.41
43	341	1	460.45	558.39
44	196	1	365.83	1.3
45	382	1	367.97	44.22
46	415	1	389.29	83.39
47	300	1	394.1	129.27
48	307	1	393.8	180.8
49	0	0	387.42	225.83
50	273	1	390.94	283.59
51	61	1	389.94	329.24
52	0	0	393.30	386.41
53	404	1	394.54	431.82
54	115	1	400.57	475.52
55	0	0	392.93	530.77
56	0	0	405.14	564.88
57	0	0	323.52	3.7
58	390	1	318.5	42.66
59	0	0	331.30	82.78
60	0	0	337.25	129.0
61	0	0	337.58	180.53
62	305	1	353.68	229.42
63	0	0	346.74	284.15
64	299	1	347.8	335.66
65	79	1	352.46	386.19
66	0	0	354.78	430.8
67	351	1	350.64	487.57
68	173	1	350.39	527.20
69	0	0	346.72	568.75
70	0	0	286.25	4.49
71	377	1	284.86	45.74
72	0	0	289.83	84.66
73	0	0	293.90	130.98
74	483	1	300.12	177.4
75	107	1	288.71	233.60
76	78	1	292.33	290.37
77	0	0	297.61	328.40
78	0	0	289.81	387.90
79	221	1	297.94	438.72
80	335	1	292.18	489.81
81	0	0	309.49	529.12
82	0	0	308.22	570.20
83	308	1	225.14	7.46
84	251	1	231.88	46.43
85	498	1	246.4	89.5
86	0	0	253.34	127.53
87	283	1	239.56	181.51
88	0	0	244.27	229.87
89	0	0	250.47	277.66
90	0	0	245.63	404.48
91	486	1	244.70	455.66
92	490	1	245.34	490.37
93	0	0	262.62	575.65
94	374	1	185.29	8.0
95	0	0	188.91	47.5
96	0	0	196.44	92.8
97	0	0	204.71	134.14
98	66	1	193.35	183.95
99	207	1	186.3	235.92
100	56	1	187.77	291.39
101	278	1	178.20	342.14
102	0	0	187.57	398.23
103	183	1	198.73	447.99
104	0	0	205.51	496.29
105	0	0	188.25	537.32
106	0	0	201.36	583.21
107	0	0	137.85	10.17
108	364	1	139.93	53.5
109	108	1	137.56	97.83
110	0	0	136.20	189.48
111	0	0	139.46	244.41
112	0	0	136.68	292.58
113	336	1	131.18	340.62
114	197	1	144.48	384.12
115	0	0	156.88	508.52
116	363	1	155.37	548.65
117	360	1	162.7	587.76
118	0	0	94.33	20.51
119	0	0	100.4	64.52
120	371	1	89.69	106.39
121	182	1	78.73	149.12
122	131	1	92.31	192.63
123	165	1	89.1	250.59
124	295	1	93.13	292.71
125	118	1	90.97	344.38
126	0	0	97.59	395.61
127	175	1	103.79	446.62
128	0	0	110.65	495.73
129	0	0	113.13	546.10
130	239	1	119.53	582.64
131	0	0	53.83	117.98
132	92	1	38.34	157.42
133	374	1	44.19	204.46
134	0	0	44.74	247.99
135	71	1	45.91	290.95
136	0	0	45.72	335.51
137	402	1	47.86	378.87
138	0	0	72.77	508.46
139	167	1	77.99	582.5
140	200	1	13.33	43.86
141	0	0	1.89	119.44
142	72	1	0.55	162.13
143	402	1	1.91	208.21
144	429	1	9.36	253.8
145	0	0	6.23	307.92
146	0	0	7.43	345.20
147	0	0	16.80	392.29
148	148	1	26.47	437.63
149	0	0	32.26	484.1
150	399	1	41.43	565.11

----------EDGES----------
INDEX-I	INDEX-J	QTY	IS-REQUIRED	TR-COST
3	4	270	1	18
59	72	213	1	16

-----------ARCS----------
INDEX-I	INDEX-J	QTY	IS-REQUIRED	TR-COST
4	5	265	1	18
12	21	245	1	18
15	14	238	1	19
17	8	278	1	18
19	18	199	1	19
20	11	360	1	24
27	28	243	1	19
37	38	202	1	18
38	37	303	1	18
42	41	347	1	19
50	51	242	1	17
52	51	322	1	21
53	52	95	1	17
60	61	104	1	20
61	62	27	1	19
63	50	271	1	17
64	77	179	1	21
65	52	291	1	15
65	78	128	1	22
69	56	176	1	22
70	83	342	1	25
73	60	128	1	17
75	74	243	1	22
77	76	112	1	14
81	80	269	1	18
82	69	399	1	15
84	70	265	1	30
84	96	214	1	24
90	78	256	1	17
91	79	23	1	21
93	82	225	1	18
93	106	338	1	24
95	84	304	1	18
99	98	325	1	19
100	89	115	1	23
100	101	366	1	19
104	115	370	1	19
108	95	33	1	21
108	109	208	1	20
110	111	31	1	22
114	113	56	1	18
116	129	212	1	21
117	106	343	1	16
123	111	265	1	20
125	124	13	1	19
126	137	394	1	22
127	128	34	1	19
129	128	388	1	21
131	132	160	1	18
133	143	339	1	20
136	137	115	1	19
138	128	57	1	17
140	118	378	1	39
140	141	73	1	36
141	131	135	1	25
142	132	238	1	18
142	141	313	1	19
144	134	393	1	15
145	144	161	1	22
147	146	79	1	19
1	2	0	0	19
2	3	0	0	20
2	23	0	0	39
3	13	0	0	18
5	6	0	0	20
6	7	0	0	20
6	27	0	0	37
7	8	0	0	38
7	16	0	0	18
8	9	0	0	19
9	10	0	0	22
10	11	0	0	17
10	19	0	0	20
11	12	0	0	16
13	24	0	0	24
14	4	0	0	20
14	13	0	0	19
15	5	0	0	19
16	28	0	0	24
17	16	0	0	36
18	9	0	0	21
18	17	0	0	19
18	30	0	0	16
19	31	0	0	21
20	19	0	0	21
21	20	0	0	19
21	33	0	0	18
22	1	0	0	44
22	34	0	0	16
23	22	0	0	18
24	23	0	0	21
24	35	0	0	17
25	14	0	0	22
25	24	0	0	21
25	26	0	0	20
26	15	0	0	18
27	6	0	0	37
27	26	0	0	15
28	27	0	0	19
28	29	0	0	39
28	39	0	0	17
29	17	0	0	18
29	30	0	0	21
30	31	0	0	16
30	41	0	0	21
31	32	0	0	20
31	42	0	0	17
32	20	0	0	19
32	33	0	0	20
33	43	0	0	20
34	35	0	0	37
35	36	0	0	22
36	25	0	0	18
36	37	0	0	19
37	26	0	0	20
38	27	0	0	19
38	39	0	0	20
39	40	0	0	38
40	29	0	0	23
40	41	0	0	20
40	52	0	0	18
41	30	0	0	21
41	53	0	0	21
42	54	0	0	21
43	42	0	0	37
43	56	0	0	22
44	34	0	0	22
44	57	0	0	17
45	44	0	0	20
45	58	0	0	22
46	35	0	0	17
46	45	0	0	19
46	59	0	0	22
47	36	0	0	17
47	46	0	0	18
47	60	0	0	22
48	37	0	0	18
48	47	0	0	19
49	38	0	0	22
49	48	0	0	17
49	62	0	0	13
50	39	0	0	23
50	49	0	0	21
51	50	0	0	17
51	64	0	0	19
53	66	0	0	15
54	53	0	0	17
54	55	0	0	24
55	56	0	0	17
56	69	0	0	22
57	58	0	0	18
58	59	0	0	18
58	71	0	0	14
59	46	0	0	22
59	60	0	0	19
61	48	0	0	21
62	63	0	0	20
63	64	0	0	19
64	65	0	0	19
65	66	0	0	17
66	67	0	0	24
66	79	0	0	21
67	54	0	0	19
67	80	0	0	21
68	55	0	0	21
68	67	0	0	17
68	81	0	0	19
69	68	0	0	19
70	57	0	0	15
71	70	0	0	20
71	84	0	0	22
72	71	0	0	17
72	73	0	0	19
72	85	0	0	17
73	72	0	0	19
73	86	0	0	16
74	61	0	0	14
74	73	0	0	18
74	75	0	0	22
75	62	0	0	25
75	88	0	0	17
76	63	0	0	20
76	75	0	0	21
77	64	0	0	21
78	77	0	0	21
79	78	0	0	19
80	79	0	0	20
80	92	0	0	17
81	68	0	0	19
82	81	0	0	18
83	84	0	0	18
84	83	0	0	18
84	85	0	0	20
85	86	0	0	16
86	87	0	0	22
86	97	0	0	20
87	74	0	0	22
87	86	0	0	22
87	88	0	0	19
88	89	0	0	19
88	99	0	0	22
89	76	0	0	16
89	100	0	0	23
90	91	0	0	21
91	92	0	0	14
91	103	0	0	18
92	93	0	0	40
92	104	0	0	15
94	83	0	0	17
94	107	0	0	21
95	94	0	0	18
96	84	0	0	24
96	85	0	0	19
96	95	0	0	20
96	109	0	0	22
97	96	0	0	17
98	87	0	0	17
98	97	0	0	19
98	99	0	0	19
99	111	0	0	18
100	78	0	0	53
100	99	0	0	20
101	102	0	0	21
102	90	0	0	21
102	103	0	0	19
103	127	0	0	37
104	103	0	0	19
105	104	0	0	19
105	116	0	0	16
106	105	0	0	22
107	108	0	0	21
109	110	0	0	37
109	120	0	0	19
110	98	0	0	21
111	112	0	0	19
112	100	0	0	19
112	111	0	0	19
112	113	0	0	19
113	101	0	0	21
113	125	0	0	18
114	102	0	0	17
115	116	0	0	18
116	115	0	0	18
116	117	0	0	20
117	130	0	0	18
118	107	0	0	20
118	119	0	0	21
118	140	0	0	39
119	108	0	0	18
119	118	0	0	21
120	119	0	0	19
120	131	0	0	16
121	120	0	0	18
122	110	0	0	17
122	121	0	0	18
123	122	0	0	22
124	112	0	0	17
124	123	0	0	16
125	136	0	0	21
126	114	0	0	19
126	125	0	0	19
127	126	0	0	19
128	115	0	0	19
130	117	0	0	18
130	129	0	0	16
130	139	0	0	19
132	121	0	0	19
132	133	0	0	20
133	122	0	0	21
133	134	0	0	18
134	123	0	0	18
134	135	0	0	18
135	124	0	0	20
135	136	0	0	19
135	145	0	0	20
137	126	0	0	22
137	147	0	0	15
138	139	0	0	38
139	150	0	0	19
143	142	0	0	20
144	143	0	0	19
145	135	0	0	20
146	136	0	0	19
146	145	0	0	15
146	147	0	0	19
147	148	0	0	19
148	127	0	0	34
148	149	0	0	20
149	138	0	0	22
150	149	0	0	36

----------TURNS----------
INDEX-I	INDEX-J INDEX-K	COST TYPE
1	2	3	5	F
1	2	23	15	L
2	3	4	5	F
2	3	13	15	L
2	23	22	0	R
3	4	3	25	U
3	4	5	5	F
3	13	24	0	R
4	3	4	25	U
4	3	13	5	F
4	5	6	0	R
5	6	7	5	F
5	6	27	15	L
6	7	8	5	F
6	7	16	15	L
6	27	6	25	U
6	27	26	5	F
6	27	28	0	R
7	8	9	0	R
7	16	28	0	R
8	9	10	0	R
9	10	11	5	F
9	10	19	15	L
10	11	12	0	R
10	19	18	15	L
10	19	31	5	F
11	12	21	0	R
12	21	20	15	L
12	21	33	5	F
13	24	23	15	L
13	24	35	5	F
14	4	3	0	R
14	4	5	5	F
14	13	24	0	R
15	5	6	0	R
15	14	4	15	L
15	14	13	5	F
16	28	27	15	L
16	28	29	0	R
16	28	39	5	F
17	8	9	0	R
17	16	28	0	R
18	9	10	0	R
18	17	8	15	L
18	17	16	5	F
18	30	31	0	R
18	30	41	5	F
19	18	9	15	L
19	18	17	5	F
19	18	30	0	R
19	31	32	0	R
19	31	42	5	F
20	11	12	0	R
20	19	18	5	F
20	19	31	0	R
21	20	11	15	L
21	20	19	5	F
21	33	43	0	R
22	1	2	0	R
22	34	35	0	R
23	22	1	15	L
23	22	34	5	F
24	23	22	0	R
24	35	36	0	R
25	14	4	5	F
25	14	13	0	R
25	24	23	5	F
25	24	35	0	R
25	26	15	0	R
26	15	5	5	F
26	15	14	0	R
27	6	7	5	F
27	6	27	25	U
27	26	15	0	R
27	28	27	25	U
27	28	29	5	F
27	28	39	15	L
28	27	6	15	L
28	27	26	5	F
28	27	28	25	U
28	29	17	0	R
28	29	30	5	F
28	39	40	0	R
29	17	8	5	F
29	17	16	0	R
29	30	31	5	F
29	30	41	15	L
30	31	32	5	F
30	31	42	15	L
30	41	30	25	U
30	41	53	5	F
31	32	20	0	R
31	32	33	5	F
31	42	41	15	L
31	42	54	5	F
32	20	11	5	F
32	20	19	0	R
32	33	43	0	R
33	43	42	15	L
33	43	56	5	F
34	35	36	0	R
35	36	25	0	R
35	36	37	5	F
36	25	14	5	F
36	25	24	0	R
36	25	26	15	L
36	37	26	0	R
36	37	38	5	F
37	26	15	0	R
37	38	27	0	R
37	38	37	25	U
37	38	39	5	F
38	27	6	5	F
38	27	26	0	R
38	27	28	15	L
38	37	26	5	F
38	37	38	25	U
38	39	40	0	R
39	40	29	0	R
39	40	41	5	F
39	40	52	15	L
40	29	17	5	F
40	29	30	15	L
40	41	30	5	F
40	41	53	15	L
40	52	51	0	R
41	30	31	5	F
41	30	41	25	U
41	53	52	15	L
41	53	66	5	F
42	41	30	15	L
42	41	53	5	F
42	54	53	5	F
42	54	55	0	R
43	42	41	5	F
43	42	54	0	R
43	56	69	0	R
44	34	35	0	R
44	57	58	0	R
45	44	34	15	L
45	44	57	5	F
45	58	59	0	R
45	58	71	5	F
46	35	36	0	R
46	45	44	5	F
46	45	58	0	R
46	59	46	25	U
46	59	60	0	R
46	59	72	5	F
47	36	25	5	F
47	36	37	15	L
47	46	35	15	L
47	46	45	5	F
47	46	59	0	R
47	60	61	0	R
48	37	26	5	F
48	37	38	15	L
48	47	36	15	L
48	47	46	5	F
48	47	60	0	R
49	38	27	5	F
49	38	37	0	R
49	38	39	15	L
49	48	37	15	L
49	48	47	5	F
49	62	63	0	R
50	39	40	0	R
50	49	38	15	L
50	49	48	5	F
50	49	62	0	R
50	51	50	25	U
50	51	64	5	F
51	50	39	15	L
51	50	49	5	F
51	50	51	25	U
51	64	65	0	R
51	64	77	5	F
52	51	50	5	F
52	51	64	0	R
53	52	51	0	R
53	66	67	0	R
53	66	79	5	F
54	53	52	5	F
54	53	66	0	R
54	55	56	0	R
55	56	69	0	R
56	69	56	25	U
56	69	68	5	F
57	58	59	5	F
57	58	71	15	L
58	59	46	0	R
58	59	60	5	F
58	59	72	15	L
58	71	70	15	L
58	71	84	5	F
59	46	35	5	F
59	46	45	0	R
59	46	59	25	U
59	60	61	0	R
59	72	59	25	U
59	72	71	15	L
59	72	73	0	R
59	72	85	5	F
60	61	48	0	R
60	61	62	5	F
61	48	37	5	F
61	48	47	0	R
61	62	63	0	R
62	63	50	0	R
62	63	64	5	F
63	50	39	5	F
63	50	49	0	R
63	50	51	15	L
63	64	65	5	F
63	64	77	15	L
64	65	52	0	R
64	65	66	5	F
64	65	78	15	L
64	77	64	25	U
64	77	76	5	F
65	52	51	0	R
65	66	67	5	F
65	66	79	15	L
65	78	77	0	R
66	67	54	0	R
66	67	80	5	F
66	79	78	0	R
67	54	53	5	F
67	54	55	15	L
67	80	79	15	L
67	80	92	5	F
68	55	56	0	R
68	67	54	5	F
68	67	80	0	R
68	81	68	25	U
68	81	80	5	F
69	56	69	25	U
69	68	55	15	L
69	68	67	5	F
69	68	81	0	R
70	57	58	0	R
70	83	84	0	R
71	70	57	5	F
71	70	83	0	R
71	84	70	15	L
71	84	83	15	L
71	84	85	0	R
71	84	96	5	F
72	59	46	5	F
72	59	60	15	L
72	59	72	25	U
72	71	70	5	F
72	71	84	0	R
72	73	60	5	F
72	73	72	25	U
72	73	86	15	L
72	85	86	0	R
73	60	61	0	R
73	72	59	15	L
73	72	71	5	F
73	72	73	25	U
73	72	85	0	R
73	86	87	0	O
73	86	97	0	O
74	61	48	5	F
74	61	62	15	L
74	73	60	15	L
74	73	72	5	F
74	73	86	0	R
74	75	62	0	R
74	75	74	25	U
74	75	88	5	F
75	62	63	0	R
75	74	61	15	L
75	74	73	5	F
75	74	75	25	U
75	88	89	0	R
75	88	99	5	F
76	63	50	5	F
76	63	64	15	L
76	75	62	15	L
76	75	74	5	F
76	75	88	0	R
77	64	65	5	F
77	64	77	25	U
77	76	63	15	L
77	76	75	5	F
78	77	64	15	L
78	77	76	5	F
79	78	77	0	R
80	79	78	0	R
80	92	93	0	R
80	92	104	5	F
81	68	55	5	F
81	68	67	0	R
81	68	81	25	U
81	80	79	5	F
81	80	92	0	R
82	69	56	5	F
82	69	68	0	R
82	81	68	15	L
82	81	80	5	F
83	84	70	0	R
83	84	83	25	U
83	84	85	5	F
83	84	96	15	L
84	70	57	5	F
84	70	83	0	R
84	83	84	25	U
84	85	86	0	R
84	96	84	25	U
84	96	85	0	R
84	96	95	15	L
84	96	109	5	F
85	86	87	0	O
85	86	97	0	O
86	87	74	0	R
86	87	86	25	U
86	87	88	5	F
86	97	96	0	R
87	74	61	5	F
87	74	73	0	R
87	74	75	15	L
87	86	87	0	O
87	86	97	0	O
87	88	89	5	F
87	88	99	15	L
88	89	76	5	F
88	89	100	15	L
88	99	98	15	L
88	99	111	5	F
89	76	63	5	F
89	76	75	0	R
89	100	78	0	R
89	100	89	25	U
89	100	99	15	L
89	100	101	5	F
90	78	77	0	R
90	91	79	0	R
90	91	92	5	F
90	91	103	15	L
91	79	78	0	R
91	92	93	5	F
91	92	104	15	L
91	103	127	0	R
92	93	82	5	F
92	93	106	15	L
92	104	103	15	L
92	104	115	5	F
93	82	69	5	F
93	82	81	0	R
93	106	105	0	R
94	83	84	0	R
94	107	108	0	R
95	84	70	5	F
95	84	83	0	R
95	84	85	15	L
95	84	96	15	L
95	94	83	15	L
95	94	107	5	F
96	84	70	5	F
96	84	83	0	R
96	84	85	15	L
96	84	96	25	U
96	85	86	0	R
96	95	84	15	L
96	95	94	5	F
96	109	110	0	R
96	109	120	5	F
97	96	84	15	L
97	96	85	15	L
97	96	95	5	F
97	96	109	0	R
98	87	74	5	F
98	87	86	0	R
98	87	88	15	L
98	97	96	0	R
98	99	98	25	U
98	99	111	5	F
99	98	87	15	L
99	98	97	5	F
99	98	99	25	U
99	111	112	0	R
100	78	77	0	R
100	89	76	5	F
100	89	100	25	U
100	99	98	5	F
100	99	111	0	R
100	101	102	0	R
101	102	90	0	R
101	102	103	5	F
102	90	78	5	F
102	90	91	15	L
102	103	127	0	R
103	127	126	5	F
103	127	128	0	R
104	103	127	0	R
104	115	116	0	R
105	104	103	5	F
105	104	115	0	R
105	116	115	15	L
105	116	117	0	R
105	116	129	5	F
106	105	104	5	F
106	105	116	0	R
107	108	95	0	R
107	108	109	5	F
108	95	84	5	F
108	95	94	0	R
108	109	110	5	F
108	109	120	15	L
109	110	98	0	R
109	110	111	5	F
109	120	119	15	L
109	120	131	5	F
110	98	87	5	F
110	98	97	0	R
110	98	99	15	L
110	111	112	0	R
111	112	100	0	R
111	112	111	25	U
111	112	113	5	F
112	100	78	15	L
112	100	89	5	F
112	100	99	0	R
112	100	101	15	L
112	111	112	25	U
112	113	101	0	R
112	113	125	5	F
113	101	102	0	R
113	125	124	15	L
113	125	136	5	F
114	102	90	5	F
114	102	103	15	L
114	113	101	15	L
114	113	125	5	F
115	116	115	25	U
115	116	117	5	F
115	116	129	15	L
116	115	116	25	U
116	117	106	5	F
116	117	130	15	L
116	129	128	0	R
117	106	105	0	R
117	130	117	25	U
117	130	129	15	L
117	130	139	5	F
118	107	108	0	R
118	119	108	5	F
118	119	118	25	U
118	140	118	25	U
118	140	141	5	F
119	108	95	5	F
119	108	109	15	L
119	118	107	5	F
119	118	119	25	U
119	118	140	0	R
120	119	108	15	L
120	119	118	5	F
120	131	132	0	R
121	120	119	5	F
121	120	131	0	R
122	110	98	5	F
122	110	111	15	L
122	121	120	0	R
123	111	112	0	R
123	122	110	15	L
123	122	121	5	F
124	112	100	5	F
124	112	111	0	R
124	112	113	15	L
124	123	111	15	L
124	123	122	5	F
125	124	112	15	L
125	124	123	5	F
125	136	137	0	R
126	114	102	5	F
126	114	113	0	R
126	125	124	5	F
126	125	136	0	R
126	137	126	25	U
126	137	147	5	F
127	126	114	15	L
127	126	125	5	F
127	126	137	0	R
127	128	115	0	R
128	115	116	0	R
129	128	115	0	R
130	117	106	5	F
130	117	130	25	U
130	129	128	0	R
130	139	150	0	R
131	132	121	0	R
131	132	133	5	F
132	121	120	0	R
132	133	122	0	R
132	133	134	5	F
132	133	143	15	L
133	122	110	5	F
133	122	121	0	R
133	134	123	0	R
133	134	135	5	F
133	143	142	0	R
134	123	111	5	F
134	123	122	0	R
134	135	124	0	R
134	135	136	5	F
134	135	145	15	L
135	124	112	5	F
135	124	123	0	R
135	136	137	0	R
135	145	135	25	U
135	145	144	5	F
136	137	126	5	F
136	137	147	15	L
137	126	114	5	F
137	126	125	0	R
137	126	137	25	U
137	147	146	15	L
137	147	148	5	F
138	128	115	0	R
138	139	150	0	R
139	150	149	0	R
140	118	107	5	F
140	118	119	15	L
140	118	140	25	U
140	141	131	0	R
141	131	132	0	R
142	132	121	5	F
142	132	133	15	L
142	141	131	0	R
143	142	132	15	L
143	142	141	5	F
144	134	123	5	F
144	134	135	15	L
144	143	142	0	R
145	135	124	5	F
145	135	136	15	L
145	135	145	25	U
145	144	134	15	L
145	144	143	5	F
146	136	137	0	R
146	145	135	15	L
146	145	144	5	F
146	147	146	25	U
146	147	148	5	F
147	146	136	15	L
147	146	145	5	F
147	146	147	25	U
147	148	127	0	R
147	148	149	5	F
148	127	126	0	R
148	127	128	5	F
148	149	138	0	R
149	138	128	5	F
149	138	139	15	L
150	149	138	0	R
