Name:			CBMix15.dat
#Vehicles:		28
Capacity:		1570
Depot:			22
#Nodes:			52
#Edges:			91
#Arcs:			0
#Required-N:	0
#Required-E:	91
#Required-A:	0
#Nb-Turns:		674

----------NODES----------
INDEX	QTY	IS-REQUIRED	X	Y
1	0	0	22.52	27.71
2	0	0	76.67	18.90
3	0	0	136.7	11.14
4	0	0	194.59	2.87
5	0	0	249.19	0.55
6	0	0	301.11	3.18
7	0	0	352.25	6.27
8	0	0	18.81	84.33
9	0	0	71.81	75.74
10	0	0	131.52	61.52
11	0	0	191.57	55.77
12	0	0	248.62	51.37
13	0	0	302.76	52.74
14	0	0	355.77	58.19
15	0	0	131.70	94.82
16	0	0	157.46	81.83
17	0	0	184.62	83.32
18	0	0	15.75	141.32
19	0	0	66.54	131.12
20	0	0	125.55	125.85
21	0	0	185.19	111.22
22	0	0	247.66	114.49
23	0	0	302.5	105.89
24	0	0	352.57	116.17
25	0	0	10.96	202.85
26	0	0	65.76	192.19
27	0	0	88.13	190.39
28	0	0	116.72	179.13
29	0	0	176.24	173.66
30	0	0	243.46	167.79
31	0	0	293.92	167.48
32	0	0	348.27	167.48
33	0	0	6.10	254.90
34	0	0	36.61	263.97
35	0	0	62.5	257.10
36	0	0	96.92	245.88
37	0	0	123.78	236.83
38	0	0	179.28	228.66
39	0	0	242.82	222.48
40	0	0	301.51	223.22
41	0	0	354.94	218.65
42	0	0	0.55	287.31
43	0	0	29.91	290.11
44	0	0	56.39	284.66
45	0	0	7.65	314.17
46	0	0	36.90	318.71
47	0	0	65.78	310.32
48	0	0	128.72	294.25
49	0	0	184.78	288.29
50	0	0	244.27	279.91
51	0	0	295.36	269.10
52	0	0	349.94	271.93

----------EDGES----------
INDEX-I	INDEX-J	QTY	IS-REQUIRED	TR-COST
1	2	631	1	40
1	8	534	1	41
2	3	253	1	40
2	9	467	1	40
3	4	108	1	38
3	10	438	1	36
4	5	365	1	36
4	11	461	1	39
5	6	602	1	36
5	12	340	1	37
6	7	361	1	38
6	13	431	1	36
7	14	409	1	39
8	9	227	1	38
8	18	486	1	38
9	10	270	1	40
9	19	115	1	36
10	11	184	1	37
10	15	473	1	22
10	16	107	1	25
11	12	444	1	37
11	17	502	1	19
12	13	429	1	37
12	22	455	1	43
13	14	642	1	39
13	23	663	1	37
14	24	255	1	41
15	16	456	1	20
15	20	277	1	21
16	17	420	1	19
16	21	220	1	29
17	21	449	1	18
18	19	410	1	36
18	25	602	1	39
19	20	774	1	39
19	26	437	1	38
20	21	613	1	39
20	28	509	1	35
20	29	361	1	51
21	22	565	1	40
21	29	336	1	39
22	23	645	1	37
22	30	407	1	35
23	24	378	1	37
23	31	431	1	43
24	32	374	1	36
25	26	303	1	39
25	33	135	1	33
26	27	632	1	15
26	35	680	1	40
27	28	312	1	20
27	36	491	1	40
28	29	344	1	38
28	37	710	1	38
29	30	323	1	41
29	37	147	1	52
29	38	188	1	37
30	31	183	1	33
30	39	618	1	37
31	32	271	1	39
31	40	487	1	40
32	40	497	1	53
32	41	383	1	38
33	34	513	1	21
33	42	491	1	21
34	35	447	1	17
34	43	613	1	18
35	36	231	1	23
35	44	546	1	18
36	37	433	1	18
37	38	167	1	35
37	48	426	1	38
38	39	658	1	40
38	49	624	1	43
39	40	530	1	39
39	50	287	1	42
40	41	324	1	39
40	51	453	1	33
41	52	536	1	42
42	43	299	1	20
42	45	640	1	18
43	44	512	1	18
43	46	315	1	20
44	47	227	1	18
45	46	708	1	19
46	47	339	1	19
47	48	417	1	39
48	49	271	1	35
49	50	408	1	38
50	51	429	1	35
51	52	224	1	40

-----------ARCS----------
INDEX-I	INDEX-J	QTY	IS-REQUIRED	TR-COST

----------TURNS----------
INDEX-I	INDEX-J INDEX-K	COST TYPE
1	2	1	35	U
1	2	3	7	F
1	2	9	21	L
1	8	1	35	U
1	8	9	0	R
1	8	18	7	F
2	1	2	35	U
2	1	8	7	F
2	3	2	35	U
2	3	4	7	F
2	3	10	21	L
2	9	2	35	U
2	9	8	21	L
2	9	10	0	R
2	9	19	7	F
3	2	1	7	F
3	2	3	35	U
3	2	9	0	R
3	4	3	35	U
3	4	5	7	F
3	4	11	21	L
3	10	3	35	U
3	10	9	21	L
3	10	11	0	R
3	10	15	7	F
3	10	16	0	R
4	3	2	7	F
4	3	4	35	U
4	3	10	0	R
4	5	4	35	U
4	5	6	7	F
4	5	12	21	L
4	11	4	35	U
4	11	10	21	L
4	11	12	0	R
4	11	17	7	F
5	4	3	7	F
5	4	5	35	U
5	4	11	0	R
5	6	5	35	U
5	6	7	7	F
5	6	13	21	L
5	12	5	35	U
5	12	11	21	L
5	12	13	0	R
5	12	22	7	F
6	5	4	7	F
6	5	6	35	U
6	5	12	0	R
6	7	6	35	U
6	7	14	7	F
6	13	6	35	U
6	13	12	21	L
6	13	14	0	R
6	13	23	7	F
7	6	5	7	F
7	6	7	35	U
7	6	13	0	R
7	14	7	35	U
7	14	13	21	L
7	14	24	7	F
8	1	2	7	F
8	1	8	35	U
8	9	2	0	R
8	9	8	35	U
8	9	10	7	F
8	9	19	21	L
8	18	8	35	U
8	18	19	0	R
8	18	25	7	F
9	2	1	0	R
9	2	3	7	F
9	2	9	35	U
9	8	1	21	L
9	8	9	35	U
9	8	18	7	F
9	10	3	0	R
9	10	9	35	U
9	10	11	7	F
9	10	15	21	L
9	10	16	21	L
9	19	9	35	U
9	19	18	21	L
9	19	20	0	R
9	19	26	7	F
10	3	2	0	R
10	3	4	7	F
10	3	10	35	U
10	9	2	21	L
10	9	8	7	F
10	9	10	35	U
10	9	19	0	R
10	11	4	0	R
10	11	10	35	U
10	11	12	7	F
10	11	17	21	L
10	15	10	35	U
10	15	16	0	R
10	15	20	7	F
10	16	10	35	U
10	16	15	21	L
10	16	17	0	R
10	16	21	7	F
11	4	3	0	R
11	4	5	7	F
11	4	11	35	U
11	10	3	21	L
11	10	9	7	F
11	10	11	35	U
11	10	15	0	R
11	10	16	0	R
11	12	5	0	R
11	12	11	35	U
11	12	13	7	F
11	12	22	21	L
11	17	11	35	U
11	17	16	21	L
11	17	21	7	F
12	5	4	0	R
12	5	6	7	F
12	5	12	35	U
12	11	4	21	L
12	11	10	7	F
12	11	12	35	U
12	11	17	0	R
12	13	6	0	R
12	13	12	35	U
12	13	14	7	F
12	13	23	21	L
12	22	12	0	O
12	22	21	0	O
12	22	23	0	O
12	22	30	0	O
13	6	5	7	F
13	6	7	21	L
13	6	13	35	U
13	12	5	21	L
13	12	11	7	F
13	12	13	35	U
13	12	22	0	R
13	14	7	0	R
13	14	13	35	U
13	14	24	7	F
13	23	13	35	U
13	23	22	21	L
13	23	24	0	R
13	23	31	7	F
14	7	6	7	F
14	7	14	35	U
14	13	6	21	L
14	13	12	7	F
14	13	14	35	U
14	13	23	0	R
14	24	14	35	U
14	24	23	21	L
14	24	32	7	F
15	10	3	7	F
15	10	9	0	R
15	10	11	21	L
15	10	15	35	U
15	10	16	21	L
15	16	10	0	R
15	16	15	35	U
15	16	17	7	F
15	16	21	21	L
15	20	15	35	U
15	20	19	21	L
15	20	21	0	R
15	20	28	7	F
15	20	29	0	R
16	10	3	21	L
16	10	9	7	F
16	10	11	21	L
16	10	15	0	R
16	10	16	35	U
16	15	10	21	L
16	15	16	35	U
16	15	20	7	F
16	17	11	7	F
16	17	16	35	U
16	17	21	21	L
16	21	16	35	U
16	21	17	0	R
16	21	20	21	L
16	21	22	7	F
16	21	29	21	L
17	11	4	7	F
17	11	10	0	R
17	11	12	21	L
17	11	17	35	U
17	16	10	21	L
17	16	15	7	F
17	16	17	35	U
17	16	21	0	R
17	21	16	21	L
17	21	17	35	U
17	21	20	21	L
17	21	22	0	R
17	21	29	7	F
18	8	1	7	F
18	8	9	21	L
18	8	18	35	U
18	19	9	0	R
18	19	18	35	U
18	19	20	7	F
18	19	26	21	L
18	25	18	35	U
18	25	26	0	R
18	25	33	7	F
19	9	2	7	F
19	9	8	0	R
19	9	10	21	L
19	9	19	35	U
19	18	8	21	L
19	18	19	35	U
19	18	25	7	F
19	20	15	0	R
19	20	19	35	U
19	20	21	7	F
19	20	28	21	L
19	20	29	21	L
19	26	19	35	U
19	26	25	21	L
19	26	27	0	R
19	26	35	7	F
20	15	10	7	F
20	15	16	21	L
20	15	20	35	U
20	19	9	21	L
20	19	18	7	F
20	19	20	35	U
20	19	26	0	R
20	21	16	0	R
20	21	17	0	R
20	21	20	35	U
20	21	22	7	F
20	21	29	21	L
20	28	20	35	U
20	28	27	21	L
20	28	29	0	R
20	28	37	7	F
20	29	20	35	U
20	29	21	0	R
20	29	28	21	L
20	29	30	0	R
20	29	37	21	L
20	29	38	7	F
21	16	10	7	F
21	16	15	0	R
21	16	17	21	L
21	16	21	35	U
21	17	11	7	F
21	17	16	0	R
21	17	21	35	U
21	20	15	21	L
21	20	19	7	F
21	20	21	35	U
21	20	28	0	R
21	20	29	0	R
21	22	12	0	O
21	22	21	0	O
21	22	23	0	O
21	22	30	0	O
21	29	20	21	L
21	29	21	35	U
21	29	28	21	L
21	29	30	0	R
21	29	37	21	L
21	29	38	7	F
22	12	5	7	F
22	12	11	0	R
22	12	13	21	L
22	12	22	35	U
22	21	16	21	L
22	21	17	21	L
22	21	20	7	F
22	21	22	35	U
22	21	29	0	R
22	23	13	0	R
22	23	22	35	U
22	23	24	7	F
22	23	31	21	L
22	30	22	35	U
22	30	29	21	L
22	30	31	0	R
22	30	39	7	F
23	13	6	7	F
23	13	12	0	R
23	13	14	21	L
23	13	23	35	U
23	22	12	0	O
23	22	21	0	O
23	22	23	0	O
23	22	30	0	O
23	24	14	0	R
23	24	23	35	U
23	24	32	7	F
23	31	23	35	U
23	31	30	21	L
23	31	32	0	R
23	31	40	7	F
24	14	7	7	F
24	14	13	0	R
24	14	24	35	U
24	23	13	21	L
24	23	22	7	F
24	23	24	35	U
24	23	31	0	R
24	32	24	35	U
24	32	31	21	L
24	32	40	21	L
24	32	41	7	F
25	18	8	7	F
25	18	19	21	L
25	18	25	35	U
25	26	19	0	R
25	26	25	35	U
25	26	27	7	F
25	26	35	21	L
25	33	25	35	U
25	33	34	0	R
25	33	42	7	F
26	19	9	7	F
26	19	18	0	R
26	19	20	21	L
26	19	26	35	U
26	25	18	21	L
26	25	26	35	U
26	25	33	7	F
26	27	26	35	U
26	27	28	7	F
26	27	36	21	L
26	35	26	35	U
26	35	34	21	L
26	35	36	0	R
26	35	44	7	F
27	26	19	21	L
27	26	25	7	F
27	26	27	35	U
27	26	35	0	R
27	28	20	0	R
27	28	27	35	U
27	28	29	7	F
27	28	37	21	L
27	36	27	35	U
27	36	35	7	F
27	36	37	0	R
28	20	15	7	F
28	20	19	0	R
28	20	21	21	L
28	20	28	35	U
28	20	29	21	L
28	27	26	7	F
28	27	28	35	U
28	27	36	0	R
28	29	20	0	R
28	29	21	0	R
28	29	28	35	U
28	29	30	7	F
28	29	37	21	L
28	29	38	21	L
28	37	28	35	U
28	37	29	0	R
28	37	36	21	L
28	37	38	0	R
28	37	48	7	F
29	20	15	21	L
29	20	19	7	F
29	20	21	21	L
29	20	28	0	R
29	20	29	35	U
29	21	16	0	R
29	21	17	7	F
29	21	20	0	R
29	21	22	21	L
29	21	29	35	U
29	28	20	21	L
29	28	27	7	F
29	28	29	35	U
29	28	37	0	R
29	30	22	0	R
29	30	29	35	U
29	30	31	7	F
29	30	39	21	L
29	37	28	21	L
29	37	29	35	U
29	37	36	7	F
29	37	38	0	R
29	37	48	0	R
29	38	29	35	U
29	38	37	21	L
29	38	39	0	R
29	38	49	7	F
30	22	12	0	O
30	22	21	0	O
30	22	23	0	O
30	22	30	0	O
30	29	20	21	L
30	29	21	21	L
30	29	28	7	F
30	29	30	35	U
30	29	37	0	R
30	29	38	0	R
30	31	23	0	R
30	31	30	35	U
30	31	32	7	F
30	31	40	21	L
30	39	30	35	U
30	39	38	21	L
30	39	40	0	R
30	39	50	7	F
31	23	13	7	F
31	23	22	0	R
31	23	24	21	L
31	23	31	35	U
31	30	22	21	L
31	30	29	7	F
31	30	31	35	U
31	30	39	0	R
31	32	24	0	R
31	32	31	35	U
31	32	40	21	L
31	32	41	7	F
31	40	31	35	U
31	40	32	0	R
31	40	39	21	L
31	40	41	0	R
31	40	51	7	F
32	24	14	7	F
32	24	23	0	R
32	24	32	35	U
32	31	23	21	L
32	31	30	7	F
32	31	32	35	U
32	31	40	0	R
32	40	31	21	L
32	40	32	35	U
32	40	39	21	L
32	40	41	0	R
32	40	51	7	F
32	41	32	35	U
32	41	40	21	L
32	41	52	7	F
33	25	18	7	F
33	25	26	21	L
33	25	33	35	U
33	34	33	35	U
33	34	35	7	F
33	34	43	21	L
33	42	33	35	U
33	42	43	0	R
33	42	45	7	F
34	33	25	7	F
34	33	34	35	U
34	33	42	0	R
34	35	26	0	R
34	35	34	35	U
34	35	36	7	F
34	35	44	21	L
34	43	34	35	U
34	43	42	21	L
34	43	44	0	R
34	43	46	7	F
35	26	19	7	F
35	26	25	0	R
35	26	27	21	L
35	26	35	35	U
35	34	33	7	F
35	34	35	35	U
35	34	43	0	R
35	36	27	0	R
35	36	35	35	U
35	36	37	7	F
35	44	35	35	U
35	44	43	21	L
35	44	47	7	F
36	27	26	0	R
36	27	28	7	F
36	27	36	35	U
36	35	26	21	L
36	35	34	7	F
36	35	36	35	U
36	35	44	0	R
36	37	28	0	R
36	37	29	0	R
36	37	36	35	U
36	37	38	7	F
36	37	48	21	L
37	28	20	7	F
37	28	27	0	R
37	28	29	21	L
37	28	37	35	U
37	29	20	0	R
37	29	21	7	F
37	29	28	0	R
37	29	30	21	L
37	29	37	35	U
37	29	38	21	L
37	36	27	21	L
37	36	35	7	F
37	36	37	35	U
37	38	29	0	R
37	38	37	35	U
37	38	39	7	F
37	38	49	21	L
37	48	37	35	U
37	48	47	7	F
37	48	49	0	R
38	29	20	0	R
38	29	21	7	F
38	29	28	0	R
38	29	30	21	L
38	29	37	0	R
38	29	38	35	U
38	37	28	21	L
38	37	29	21	L
38	37	36	7	F
38	37	38	35	U
38	37	48	0	R
38	39	30	0	R
38	39	38	35	U
38	39	40	7	F
38	39	50	21	L
38	49	38	35	U
38	49	48	7	F
38	49	50	0	R
39	30	22	7	F
39	30	29	0	R
39	30	31	21	L
39	30	39	35	U
39	38	29	21	L
39	38	37	7	F
39	38	39	35	U
39	38	49	0	R
39	40	31	0	R
39	40	32	0	R
39	40	39	35	U
39	40	41	7	F
39	40	51	21	L
39	50	39	35	U
39	50	49	7	F
39	50	51	0	R
40	31	23	7	F
40	31	30	0	R
40	31	32	21	L
40	31	40	35	U
40	32	24	7	F
40	32	31	0	R
40	32	40	35	U
40	32	41	21	L
40	39	30	21	L
40	39	38	7	F
40	39	40	35	U
40	39	50	0	R
40	41	32	7	F
40	41	40	35	U
40	41	52	21	L
40	51	40	35	U
40	51	50	7	F
40	51	52	0	R
41	32	24	7	F
41	32	31	0	R
41	32	40	0	R
41	32	41	35	U
41	40	31	21	L
41	40	32	21	L
41	40	39	7	F
41	40	41	35	U
41	40	51	0	R
41	52	41	35	U
41	52	51	7	F
42	33	25	7	F
42	33	34	21	L
42	33	42	35	U
42	43	34	0	R
42	43	42	35	U
42	43	44	7	F
42	43	46	21	L
42	45	42	35	U
42	45	46	7	F
43	34	33	0	R
43	34	35	7	F
43	34	43	35	U
43	42	33	7	F
43	42	43	35	U
43	42	45	0	R
43	44	35	7	F
43	44	43	35	U
43	44	47	21	L
43	46	43	35	U
43	46	45	21	L
43	46	47	7	F
44	35	26	7	F
44	35	34	0	R
44	35	36	21	L
44	35	44	35	U
44	43	34	21	L
44	43	42	7	F
44	43	44	35	U
44	43	46	0	R
44	47	44	35	U
44	47	46	21	L
44	47	48	7	F
45	42	33	7	F
45	42	43	21	L
45	42	45	35	U
45	46	43	0	R
45	46	45	35	U
45	46	47	7	F
46	43	34	7	F
46	43	42	0	R
46	43	44	21	L
46	43	46	35	U
46	45	42	7	F
46	45	46	35	U
46	47	44	0	R
46	47	46	35	U
46	47	48	7	F
47	44	35	7	F
47	44	43	0	R
47	44	47	35	U
47	46	43	21	L
47	46	45	7	F
47	46	47	35	U
47	48	37	0	R
47	48	47	35	U
47	48	49	7	F
48	37	28	7	F
48	37	29	21	L
48	37	36	0	R
48	37	38	21	L
48	37	48	35	U
48	47	44	21	L
48	47	46	7	F
48	47	48	35	U
48	49	38	0	R
48	49	48	35	U
48	49	50	7	F
49	38	29	7	F
49	38	37	0	R
49	38	39	21	L
49	38	49	35	U
49	48	37	21	L
49	48	47	7	F
49	48	49	35	U
49	50	39	0	R
49	50	49	35	U
49	50	51	7	F
50	39	30	7	F
50	39	38	0	R
50	39	40	21	L
50	39	50	35	U
50	49	38	21	L
50	49	48	7	F
50	49	50	35	U
50	51	40	0	R
50	51	50	35	U
50	51	52	7	F
51	40	31	7	F
51	40	32	21	L
51	40	39	0	R
51	40	41	21	L
51	40	51	35	U
51	50	39	21	L
51	50	49	7	F
51	50	51	35	U
51	52	41	7	F
51	52	51	35	U
52	41	32	7	F
52	41	40	0	R
52	41	52	35	U
52	51	40	21	L
52	51	50	7	F
52	51	52	35	U
