Name:			CBMix12.dat
#Vehicles:		9
Capacity:		1811
Depot:			21
#Nodes:			38
#Edges:			0
#Arcs:			71
#Required-N:	1
#Required-E:	0
#Required-A:	52
#Nb-Turns:		137

----------NODES----------
INDEX	QTY	IS-REQUIRED	X	Y
1	0	0	277.39	19.87
2	0	0	271.71	77.98
3	0	0	273.63	144.2
4	0	0	270.29	202.38
5	0	0	271.34	256.13
6	0	0	216.14	5.76
7	0	0	212.14	65.91
8	0	0	211.73	98.29
9	0	0	209.71	130.73
10	0	0	211.70	198.30
11	0	0	215.76	257.5
12	0	0	188.79	0.55
13	0	0	183.10	56.80
14	0	0	157.42	5.73
15	0	0	147.89	67.20
16	0	0	154.98	99.53
17	0	0	140.39	129.69
18	0	0	136.24	199.19
19	0	0	156.34	256.60
20	0	0	112.47	75.25
21	0	0	109.65	106.46
22	0	0	100.1	137.65
23	0	0	110.99	198.44
24	132	1	88.92	14.58
25	0	0	78.56	81.41
26	0	0	66.68	113.64
27	0	0	72.90	139.80
28	0	0	66.35	172.83
29	0	0	80.44	199.99
30	0	0	95.58	265.6
31	0	0	34.66	170.40
32	0	0	31.26	19.37
33	0	0	18.71	76.58
34	0	0	3.51	108.1
35	0	0	0.55	134.56
36	0	0	5.65	173.52
37	0	0	14.65	204.40
38	0	0	36.13	261.47

----------EDGES----------
INDEX-I	INDEX-J	QTY	IS-REQUIRED	TR-COST

-----------ARCS----------
INDEX-I	INDEX-J	QTY	IS-REQUIRED	TR-COST
2	3	318	1	41
4	5	268	1	36
5	11	300	1	37
6	1	135	1	41
6	12	310	1	17
7	6	76	1	37
7	13	48	1	18
8	7	355	1	19
9	8	126	1	19
10	4	136	1	37
10	9	97	1	39
10	18	397	1	44
11	10	224	1	37
12	13	66	1	37
13	15	366	1	21
14	24	231	1	40
16	8	244	1	35
16	15	48	1	19
17	16	108	1	19
17	18	295	1	40
17	22	311	1	22
18	10	393	1	44
18	19	241	1	38
18	23	363	1	15
19	10	328	1	55
19	30	242	1	37
20	21	315	1	19
21	17	373	1	25
21	22	174	1	20
22	17	374	1	22
23	22	380	1	37
24	25	400	1	40
25	20	273	1	19
25	21	179	1	28
25	33	164	1	35
26	25	356	1	19
26	34	317	1	40
27	26	269	1	15
27	31	240	1	29
28	29	124	1	18
29	23	34	1	18
31	27	168	1	29
31	28	63	1	20
32	24	374	1	36
33	32	232	1	37
34	33	358	1	21
34	35	156	1	16
35	27	287	1	44
35	36	225	1	23
36	31	303	1	18
36	37	74	1	19
38	30	188	1	37
1	2	0	0	38
2	7	0	0	38
2	9	0	0	56
3	4	0	0	37
7	8	0	0	19
9	2	0	0	56
9	3	0	0	40
9	17	0	0	38
14	12	0	0	19
15	14	0	0	37
15	20	0	0	20
19	11	0	0	37
22	27	0	0	15
28	27	0	0	19
29	37	0	0	40
30	29	0	0	42
31	37	0	0	27
37	31	0	0	27
37	38	0	0	38

----------TURNS----------
INDEX-I	INDEX-J INDEX-K	COST TYPE
1	2	3	7	F
1	2	7	21	L
1	2	9	21	L
2	3	4	0	R
2	7	6	21	L
2	7	8	0	R
2	7	13	7	F
2	9	2	35	U
2	9	3	0	R
2	9	8	21	L
2	9	17	7	F
3	4	5	0	R
4	5	11	0	R
5	11	10	0	R
6	1	2	0	R
6	12	13	0	R
7	6	1	21	L
7	6	12	7	F
7	8	7	35	U
7	13	15	0	R
8	7	6	7	F
8	7	8	35	U
8	7	13	0	R
9	2	3	21	L
9	2	7	7	F
9	2	9	35	U
9	3	4	0	R
9	8	7	0	R
9	17	16	21	L
9	17	18	0	R
9	17	22	7	F
10	4	5	0	R
10	9	2	21	L
10	9	3	21	L
10	9	8	7	F
10	9	17	0	R
10	18	10	35	U
10	18	19	0	R
10	18	23	7	F
11	10	4	21	L
11	10	9	7	F
11	10	18	0	R
12	13	15	0	R
13	15	14	21	L
13	15	20	7	F
14	12	13	0	R
14	24	25	0	R
15	14	12	7	F
15	14	24	0	R
15	20	21	0	R
16	8	7	0	R
16	15	14	7	F
16	15	20	0	R
17	16	8	21	L
17	16	15	7	F
17	18	10	0	R
17	18	19	7	F
17	18	23	21	L
17	22	17	35	U
17	22	27	7	F
18	10	4	7	F
18	10	9	0	R
18	10	18	35	U
18	19	10	0	R
18	19	11	7	F
18	19	30	21	L
18	23	22	0	R
19	10	4	21	L
19	10	9	7	F
19	10	18	0	R
19	11	10	0	R
19	30	29	0	R
20	21	17	0	O
20	21	22	0	O
21	17	16	0	R
21	17	18	7	F
21	17	22	21	L
21	22	17	0	R
21	22	27	7	F
22	17	16	7	F
22	17	18	21	L
22	17	22	35	U
22	27	26	21	L
22	27	31	7	F
23	22	17	21	L
23	22	27	7	F
24	25	20	0	R
24	25	21	7	F
24	25	33	21	L
25	20	21	0	R
25	21	17	0	O
25	21	22	0	O
25	33	32	0	R
26	25	20	7	F
26	25	21	21	L
26	25	33	0	R
26	34	33	21	L
26	34	35	7	F
27	26	25	7	F
27	26	34	0	R
27	31	27	35	U
27	31	28	0	R
27	31	37	7	F
28	27	26	7	F
28	27	31	0	R
28	29	23	7	F
28	29	37	21	L
29	23	22	0	R
29	37	31	21	L
29	37	38	7	F
30	29	23	21	L
30	29	37	7	F
31	27	26	7	F
31	27	31	35	U
31	28	27	0	R
31	28	29	7	F
31	37	31	35	U
31	37	38	7	F
32	24	25	0	R
33	32	24	0	R
34	33	32	0	R
34	35	27	0	R
34	35	36	7	F
35	27	26	7	F
35	27	31	21	L
35	36	31	0	R
35	36	37	7	F
36	31	27	0	R
36	31	28	7	F
36	31	37	21	L
36	37	31	0	R
36	37	38	7	F
37	31	27	7	F
37	31	28	21	L
37	31	37	35	U
37	38	30	0	R
38	30	29	0	R
