Name:			CBMix20.dat
#Vehicles:		13
Capacity:		1947
Depot:			1
#Nodes:			43
#Edges:			2
#Arcs:			129
#Required-N:	38
#Required-E:	2
#Required-A:	33
#Nb-Turns:		431

----------NODES----------
INDEX	QTY	IS-REQUIRED	X	Y
1	0	0	129.76	0.55
2	324	1	172.63	41.50
3	0	0	224.44	89.25
4	232	1	275.48	138.30
5	397	1	297.51	161.95
6	251	1	319.75	188.2
7	485	1	366.1	239.36
8	428	1	413.93	290.1
9	402	1	360.24	273.54
10	296	1	406.50	315.79
11	289	1	82.67	31.42
12	298	1	125.7	76.83
13	494	1	175.43	124.21
14	0	0	228.67	174.51
15	394	1	255.15	202.75
16	372	1	281.87	230.92
17	410	1	335.0	288.58
18	499	1	355.3	317.58
19	61	1	378.35	339.27
20	439	1	51.23	44.72
21	349	1	97.25	80.39
22	433	1	206.65	202.57
23	186	1	233.49	218.99
24	156	1	243.76	252.33
25	452	1	313.87	322.81
26	233	1	341.28	343.44
27	405	1	359.43	361.41
28	157	1	36.17	68.29
29	421	1	85.94	109.54
30	420	1	133.61	167.15
31	144	1	179.81	218.12
32	449	1	204.24	244.14
33	468	1	231.72	270.63
34	0	0	286.52	328.10
35	462	1	303.81	353.24
36	462	1	325.90	381.99
37	0	0	0.55	102.27
38	219	1	40.8	143.43
39	229	1	84.75	196.63
40	321	1	130.55	252.22
41	334	1	180.84	306.67
42	297	1	232.25	355.75
43	324	1	274.48	401.47

----------EDGES----------
INDEX-I	INDEX-J	QTY	IS-REQUIRED	TR-COST
2	12	102	1	39
22	31	207	1	19

-----------ARCS----------
INDEX-I	INDEX-J	QTY	IS-REQUIRED	TR-COST
1	11	364	1	39
2	1	65	1	37
5	4	300	1	18
5	6	209	1	19
6	5	212	1	19
6	16	93	1	35
8	10	126	1	16
11	12	390	1	36
11	20	366	1	22
15	14	113	1	20
15	16	295	1	20
19	18	321	1	18
20	28	64	1	18
22	23	21	1	19
24	33	331	1	13
25	26	294	1	20
25	34	276	1	16
26	18	156	1	17
27	19	41	1	17
29	28	280	1	39
29	30	296	1	41
30	31	31	1	36
31	30	296	1	36
33	24	49	1	13
33	32	158	1	20
33	34	247	1	39
36	43	265	1	34
37	28	168	1	35
41	33	132	1	39
41	40	100	1	39
42	43	238	1	37
43	36	47	1	34
43	42	278	1	37
1	2	0	0	37
2	3	0	0	40
3	2	0	0	40
3	4	0	0	38
3	13	0	0	39
4	3	0	0	38
4	5	0	0	18
4	14	0	0	38
5	15	0	0	37
6	7	0	0	37
7	6	0	0	37
7	8	0	0	39
7	9	0	0	21
9	7	0	0	21
9	10	0	0	40
9	17	0	0	17
10	9	0	0	40
10	19	0	0	22
11	1	0	0	39
12	11	0	0	36
12	13	0	0	37
12	21	0	0	17
13	3	0	0	39
13	12	0	0	37
13	14	0	0	37
13	30	0	0	38
14	4	0	0	38
14	13	0	0	37
14	15	0	0	20
14	22	0	0	22
15	5	0	0	37
15	23	0	0	16
16	6	0	0	35
16	15	0	0	20
16	17	0	0	38
16	24	0	0	26
17	9	0	0	17
17	16	0	0	38
17	18	0	0	19
17	25	0	0	23
18	17	0	0	19
18	19	0	0	18
18	26	0	0	17
19	27	0	0	17
20	11	0	0	22
20	21	0	0	39
21	20	0	0	39
21	29	0	0	19
22	14	0	0	22
23	15	0	0	16
23	22	0	0	19
23	24	0	0	21
23	32	0	0	23
24	16	0	0	26
24	23	0	0	21
25	17	0	0	23
26	27	0	0	15
26	35	0	0	23
27	26	0	0	15
27	36	0	0	23
28	20	0	0	18
28	29	0	0	39
28	37	0	0	35
28	38	0	0	52
29	38	0	0	39
30	13	0	0	38
30	29	0	0	41
30	39	0	0	37
31	40	0	0	39
32	23	0	0	23
32	31	0	0	19
32	33	0	0	20
33	41	0	0	39
34	25	0	0	16
34	33	0	0	39
34	35	0	0	17
34	42	0	0	37
35	26	0	0	23
35	34	0	0	17
35	36	0	0	21
36	27	0	0	23
36	35	0	0	21
37	38	0	0	36
38	28	0	0	52
38	29	0	0	39
38	37	0	0	36
38	39	0	0	40
39	30	0	0	37
39	38	0	0	40
39	40	0	0	39
40	31	0	0	39
40	39	0	0	39
40	41	0	0	39
41	42	0	0	39
42	34	0	0	37
42	41	0	0	39

----------TURNS----------
INDEX-I	INDEX-J INDEX-K	COST TYPE
1	2	1	30	U
1	2	3	6	F
1	2	12	18	L
1	11	1	30	U
1	11	12	0	R
1	11	20	6	F
2	1	2	0	O
2	1	11	0	O
2	3	2	30	U
2	3	4	6	F
2	3	13	18	L
2	12	2	30	U
2	12	11	18	L
2	12	13	0	R
2	12	21	6	F
3	2	1	6	F
3	2	3	30	U
3	2	12	0	R
3	4	3	30	U
3	4	5	6	F
3	4	14	18	L
3	13	3	30	U
3	13	12	18	L
3	13	14	0	R
3	13	30	6	F
4	3	2	6	F
4	3	4	30	U
4	3	13	0	R
4	5	4	30	U
4	5	6	6	F
4	5	15	18	L
4	14	4	30	U
4	14	13	18	L
4	14	15	0	R
4	14	22	6	F
5	4	3	6	F
5	4	5	30	U
5	4	14	0	R
5	6	5	30	U
5	6	7	6	F
5	6	16	18	L
5	15	5	30	U
5	15	14	18	L
5	15	16	0	R
5	15	23	6	F
6	5	4	6	F
6	5	6	30	U
6	5	15	0	R
6	7	6	30	U
6	7	8	6	F
6	7	9	18	L
6	16	6	30	U
6	16	15	18	L
6	16	17	0	R
6	16	24	6	F
7	6	5	6	F
7	6	7	30	U
7	6	16	0	R
7	8	10	0	R
7	9	7	30	U
7	9	10	0	R
7	9	17	6	F
8	10	9	18	L
8	10	19	6	F
9	7	6	6	F
9	7	8	18	L
9	7	9	30	U
9	10	9	30	U
9	10	19	6	F
9	17	9	30	U
9	17	16	18	L
9	17	18	0	R
9	17	25	6	F
10	9	7	6	F
10	9	10	30	U
10	9	17	0	R
10	19	18	18	L
10	19	27	6	F
11	1	2	0	O
11	1	11	0	O
11	12	2	0	R
11	12	11	30	U
11	12	13	6	F
11	12	21	18	L
11	20	11	30	U
11	20	21	0	R
11	20	28	6	F
12	2	1	0	R
12	2	3	6	F
12	2	12	30	U
12	11	1	18	L
12	11	12	30	U
12	11	20	6	F
12	13	3	0	R
12	13	12	30	U
12	13	14	6	F
12	13	30	18	L
12	21	20	6	F
12	21	29	0	R
13	3	2	0	R
13	3	4	6	F
13	3	13	30	U
13	12	2	18	L
13	12	11	6	F
13	12	13	30	U
13	12	21	0	R
13	14	4	0	R
13	14	13	30	U
13	14	15	6	F
13	14	22	18	L
13	30	13	30	U
13	30	29	18	L
13	30	31	0	R
13	30	39	6	F
14	4	3	0	R
14	4	5	6	F
14	4	14	30	U
14	13	3	18	L
14	13	12	6	F
14	13	14	30	U
14	13	30	0	R
14	15	5	0	R
14	15	14	30	U
14	15	16	6	F
14	15	23	18	L
14	22	14	30	U
14	22	23	0	R
14	22	31	6	F
15	5	4	6	F
15	5	6	18	L
15	5	15	30	U
15	14	4	18	L
15	14	13	6	F
15	14	15	30	U
15	14	22	0	R
15	16	6	0	R
15	16	15	30	U
15	16	17	6	F
15	16	24	18	L
15	23	15	30	U
15	23	22	18	L
15	23	24	0	R
15	23	32	6	F
16	6	5	6	F
16	6	7	18	L
16	6	16	30	U
16	15	5	18	L
16	15	14	6	F
16	15	16	30	U
16	15	23	0	R
16	17	9	0	R
16	17	16	30	U
16	17	18	6	F
16	17	25	18	L
16	24	16	30	U
16	24	23	18	L
16	24	33	6	F
17	9	7	6	F
17	9	10	18	L
17	9	17	30	U
17	16	6	18	L
17	16	15	6	F
17	16	17	30	U
17	16	24	0	R
17	18	17	30	U
17	18	19	6	F
17	18	26	18	L
17	25	17	30	U
17	25	26	0	R
17	25	34	6	F
18	17	9	18	L
18	17	16	6	F
18	17	18	30	U
18	17	25	0	R
18	19	18	30	U
18	19	27	6	F
18	26	18	30	U
18	26	27	0	R
18	26	35	6	F
19	18	17	6	F
19	18	19	30	U
19	18	26	0	R
19	27	19	30	U
19	27	26	18	L
19	27	36	6	F
20	11	1	6	F
20	11	12	18	L
20	11	20	30	U
20	21	20	30	U
20	21	29	6	F
20	28	20	30	U
20	28	29	0	R
20	28	37	6	F
20	28	38	0	R
21	20	11	18	L
21	20	21	30	U
21	20	28	6	F
21	29	28	18	L
21	29	30	0	R
21	29	38	6	F
22	14	4	6	F
22	14	13	0	R
22	14	15	18	L
22	14	22	30	U
22	23	15	0	R
22	23	22	30	U
22	23	24	6	F
22	23	32	18	L
22	31	22	30	U
22	31	30	18	L
22	31	40	6	F
23	15	5	6	F
23	15	14	0	R
23	15	16	18	L
23	15	23	30	U
23	22	14	18	L
23	22	23	30	U
23	22	31	6	F
23	24	16	0	R
23	24	23	30	U
23	24	33	6	F
23	32	23	30	U
23	32	31	6	F
23	32	33	0	R
24	16	6	6	F
24	16	15	0	R
24	16	17	18	L
24	16	24	30	U
24	23	15	18	L
24	23	22	6	F
24	23	24	30	U
24	23	32	0	R
24	33	24	30	U
24	33	32	18	L
24	33	34	0	R
24	33	41	6	F
25	17	9	6	F
25	17	16	0	R
25	17	18	18	L
25	17	25	30	U
25	26	18	0	R
25	26	27	6	F
25	26	35	18	L
25	34	25	30	U
25	34	33	18	L
25	34	35	0	R
25	34	42	6	F
26	18	17	6	F
26	18	19	18	L
26	18	26	30	U
26	27	19	6	F
26	27	26	30	U
26	27	36	18	L
26	35	26	30	U
26	35	34	6	F
26	35	36	0	R
27	19	18	6	F
27	19	27	30	U
27	26	18	18	L
27	26	27	30	U
27	26	35	6	F
27	36	27	30	U
27	36	35	18	L
27	36	43	6	F
28	20	11	6	F
28	20	21	18	L
28	20	28	30	U
28	29	28	30	U
28	29	30	6	F
28	29	38	18	L
28	37	28	30	U
28	37	38	6	F
28	38	28	30	U
28	38	29	0	R
28	38	37	18	L
28	38	39	6	F
29	28	20	6	F
29	28	29	30	U
29	28	37	0	R
29	28	38	0	R
29	30	13	0	R
29	30	29	30	U
29	30	31	6	F
29	30	39	18	L
29	38	28	18	L
29	38	29	30	U
29	38	37	6	F
29	38	39	0	R
30	13	3	6	F
30	13	12	0	R
30	13	14	18	L
30	13	30	30	U
30	29	28	6	F
30	29	30	30	U
30	29	38	0	R
30	31	22	6	F
30	31	30	30	U
30	31	40	18	L
30	39	30	30	U
30	39	38	6	F
30	39	40	0	R
31	22	14	6	F
31	22	23	18	L
31	22	31	30	U
31	30	13	18	L
31	30	29	6	F
31	30	31	30	U
31	30	39	0	R
31	40	31	30	U
31	40	39	6	F
31	40	41	0	R
32	23	15	6	F
32	23	22	0	R
32	23	24	18	L
32	23	32	30	U
32	31	22	18	L
32	31	30	6	F
32	31	40	0	R
32	33	24	0	R
32	33	32	30	U
32	33	34	6	F
32	33	41	18	L
33	24	16	6	F
33	24	23	0	R
33	24	33	30	U
33	32	23	18	L
33	32	31	6	F
33	32	33	30	U
33	34	25	0	R
33	34	33	30	U
33	34	35	6	F
33	34	42	18	L
33	41	33	30	U
33	41	40	6	F
33	41	42	0	R
34	25	17	6	F
34	25	26	18	L
34	25	34	30	U
34	33	24	18	L
34	33	32	6	F
34	33	34	30	U
34	33	41	0	R
34	35	26	0	R
34	35	34	30	U
34	35	36	6	F
34	42	34	30	U
34	42	41	6	F
34	42	43	0	R
35	26	18	6	F
35	26	27	18	L
35	26	35	30	U
35	34	25	18	L
35	34	33	6	F
35	34	35	30	U
35	34	42	0	R
35	36	27	6	F
35	36	35	30	U
35	36	43	18	L
36	27	19	6	F
36	27	26	0	R
36	27	36	30	U
36	35	26	18	L
36	35	34	6	F
36	35	36	30	U
36	43	36	30	U
36	43	42	6	F
37	28	20	6	F
37	28	29	18	L
37	28	37	30	U
37	28	38	18	L
37	38	28	0	R
37	38	29	0	R
37	38	37	30	U
37	38	39	6	F
38	28	20	6	F
38	28	29	18	L
38	28	37	0	R
38	28	38	30	U
38	29	28	0	R
38	29	30	6	F
38	29	38	30	U
38	37	28	6	F
38	37	38	30	U
38	39	30	0	R
38	39	38	30	U
38	39	40	6	F
39	30	13	6	F
39	30	29	0	R
39	30	31	18	L
39	30	39	30	U
39	38	28	18	L
39	38	29	18	L
39	38	37	6	F
39	38	39	30	U
39	40	31	0	R
39	40	39	30	U
39	40	41	6	F
40	31	22	6	F
40	31	30	0	R
40	31	40	30	U
40	39	30	18	L
40	39	38	6	F
40	39	40	30	U
40	41	33	0	R
40	41	40	30	U
40	41	42	6	F
41	33	24	6	F
41	33	32	0	R
41	33	34	18	L
41	33	41	30	U
41	40	31	18	L
41	40	39	6	F
41	40	41	30	U
41	42	34	0	R
41	42	41	30	U
41	42	43	6	F
42	34	25	6	F
42	34	33	0	R
42	34	35	18	L
42	34	42	30	U
42	41	33	18	L
42	41	40	6	F
42	41	42	30	U
42	43	36	6	F
42	43	42	30	U
43	36	27	6	F
43	36	35	0	R
43	36	43	30	U
43	42	34	18	L
43	42	41	6	F
43	42	43	30	U
