Name:		DI-NEARP-n80-Q4k.dat			
#Vehicles:	2			
Capacity:	4000			
Depot:		64			
#Nodes:		207			
#Edges:		291			
#Arcs:		0			
#Required-N:	40			
#Required-E:	40			
#Required-A:	0			
#Nb-Turns:	1744			
				
----------NODES----------				
INDEX	QTY	IS-REQUIRED	X	Y
1	37	1	1385.99	1306.55
2	1	1	1006.47	1405.45
3	83	1	1084.66	1292.78
4	11	1	1525.72	1179.46
5	46	1	1245.58	1281.8
6	26	1	1270.37	1003.55
7	45	1	1549.19	1104.49
8	1	1	1626.65	1325.48
9	31	1	1123.31	1291.38
10	31	1	1116.98	1279.31
11	1	1	1585.17	1089.24
12	7	1	1486.55	1050.8
13	1	1	1192.14	1287.18
14	14	1	1708.39	1188.29
15	42	1	1565.24	1117.1
16	7	1	1633.97	1007.84
17	51	1	1423.46	1100.9
18	1	1	1656.23	1115.99
19	7	1	1608.74	1103.92
20	57	1	1399.8	1139.42
21	7	1	999.4	1367.25
22	1	1	1238.63	1019.62
23	1	1	1507.36	1391.38
24	1	1	1435.91	1068.15
25	1	1	1617.22	1031.22
26	1	1	1609.94	1002.27
27	215	1	1348.54	1210.97
28	204	1	1453.47	1276.16
29	6	1	1173.82	1295.51
30	22	1	1486.67	1297.75
31	1	1	1590.77	1269.56
32	7	1	1767.39	1397.73
33	1	1	1178.38	1149
34	7	1	1464.16	1316.7
35	1	1	1581.66	1345.51
36	259	1	1398.33	1220.46
37	68	1	1106.27	1131.53
38	48	1	1589.43	1060.2
39	79	1	1113.1	1129.13
40	25	1	1511.68	1214.75
41	0	0	1504.69	1258.7
42	0	0	1090.1	1334.87
43	0	0	1467.64	1086.76
44	0	0	1490.15	1056.67
45	0	0	1043.35	1275.5
46	0	0	1021.84	1206.53
47	0	0	1482.17	1057.14
48	0	0	1225.85	1332.68
49	0	0	1235.93	1289.4
50	0	0	1026.16	1285.7
51	0	0	1045.94	1343.18
52	0	0	1084.99	1026.5
53	0	0	1075.47	1009.84
54	0	0	1028.88	1082.99
55	0	0	1020.28	1098.69
56	0	0	1687.13	1123.11
57	0	0	1711.73	1181.29
58	0	0	1748.23	1041.82
59	0	0	1516.83	1029.74
60	0	0	1530.96	1006.88
61	0	0	1472.58	1203.44
62	0	0	1449.43	1214.32
63	0	0	1009.31	1394.8
64	0	0	997.57	1435.2
65	0	0	1349.73	1018.11
66	0	0	990.52	1345.46
67	0	0	1417.89	1118.1
68	0	0	1200	1286.35
69	0	0	1202.4	1323.58
70	0	0	1075.76	1154.42
71	0	0	1041.3	1103.34
72	0	0	1387.95	1142.5
73	0	0	1356.49	1128.4
74	0	0	1018.72	1122.49
75	0	0	1025.71	1185.17
76	0	0	1368.49	1283.27
77	0	0	1296.65	1226.92
78	0	0	1138.86	1296.29
79	0	0	1139.42	1336.16
80	0	0	1426.71	1432.23
81	0	0	1471.43	1431.39
82	0	0	1376.43	1039.3
83	0	0	1424.6	1073.2
84	0	0	1330.16	1054.17
85	0	0	1586.54	1432.99
86	0	0	1621.2	1416.96
87	0	0	1452.9	1170.89
88	0	0	1431.52	1182.19
89	0	0	1320.22	1005.8
90	0	0	1303.8	1028.18
91	0	0	1215.85	1347.9
92	0	0	1189.75	1121.39
93	0	0	1190.37	1069.7
94	0	0	1175.8	1381.12
95	0	0	1177.25	1412.72
96	0	0	1143.91	1405.74
97	0	0	1154.35	1384.64
98	0	0	1478.5	1309.24
99	0	0	1292.27	1102.3
100	0	0	1313.9	1063.88
101	0	0	1417.2	1127.14
102	0	0	1284.89	1051.24
103	0	0	1264.47	1073.36
104	0	0	1099.11	1038.84
105	0	0	1509.48	1145.12
106	0	0	1489.21	1161.66
107	0	0	1486.2	1109.46
108	0	0	1463.85	1125.11
109	0	0	1150.13	1363.35
110	0	0	1196.26	1343.54
111	0	0	1032.83	1381.91
112	0	0	1124.24	1400.97
113	0	0	1049.48	1400
114	0	0	1160.66	1422.78
115	0	0	1395.61	1343.51
116	0	0	1570.14	1064.6
117	0	0	1555.28	1038.74
118	0	0	1552.59	1019.71
119	0	0	1313	1140.25
120	0	0	1317.93	1152.49
121	0	0	1377.81	1266.62
122	0	0	1359.24	1209.29
123	0	0	1300.93	1218.82
124	0	0	1630.97	1270.98
125	0	0	1576.19	1202.97
126	0	0	1370.57	1059.82
127	0	0	1225.11	1007.74
128	0	0	1439.79	1209.47
129	0	0	1309.73	1187.31
130	0	0	1482.91	1244.7
131	0	0	1314.68	1059.77
132	0	0	1318.29	1057.3
133	0	0	1779.12	1418.12
134	0	0	1662.36	1261.35
135	0	0	1574.72	1186.94
136	0	0	1096.52	1139.13
137	0	0	1073.32	1049.2
138	0	0	1187.36	1282.69
139	0	0	1016.22	1371.92
140	0	0	1416.22	1247.2
141	0	0	1453.27	1132.4
142	0	0	1538.44	1042.56
143	0	0	1557.75	1337.17
144	0	0	1552.66	1305.41
145	0	0	1485.8	1447.74
146	0	0	1528.29	1334.68
147	0	0	1553.31	1418.29
148	0	0	1507.45	1353.79
149	0	0	1521.67	1330.77
150	0	0	1525.44	1300.66
151	0	0	1522.61	1288.8
152	0	0	985.91	1216.56
153	0	0	1367.72	1354.23
154	0	0	992.13	1291.38
155	0	0	1179.73	1284.85
156	0	0	1698.84	1263.43
157	0	0	1726.52	1368.57
158	0	0	1285.66	1242.39
159	0	0	1499.59	1430.13
160	0	0	1505.18	1415.79
161	0	0	1199.29	1428.52
162	0	0	1418.17	1189.42
163	0	0	1607.51	1353.39
164	0	0	1192.8	1064.61
165	0	0	1468.47	1188.4
166	0	0	1481.14	1163.49
167	0	0	1236.42	1035.61
168	0	0	1294.8	1039.95
169	0	0	1496.35	1118.57
170	0	0	1551.35	1093.16
171	0	0	1329.6	1348.67
172	0	0	1465.84	1149.97
173	0	0	1515.83	1418.74
174	0	0	1545.44	1154.65
175	0	0	1577.18	1142.95
176	0	0	1432.4	1346.61
177	0	0	1379.2	1170.96
178	0	0	1260	1073.6
179	0	0	1055.83	1019.1
180	0	0	1629.26	1019.91
181	0	0	1450.89	1441.45
182	0	0	1442.69	1136.6
183	0	0	1622.23	1122.95
184	0	0	1552.76	1164.65
185	0	0	1586.3	1093.35
186	0	0	1393.17	1174.21
187	0	0	1048.9	1030.29
188	0	0	1055.92	1161.96
189	0	0	1110.98	1257.92
190	0	0	1135.36	1174.82
191	0	0	1628.44	1296.4
192	0	0	1568.35	1078.2
193	0	0	1180.34	1127.32
194	0	0	1084.63	1152.64
195	0	0	1429.48	1075.53
196	0	0	1438.21	1079.83
197	0	0	1735	1435.95
198	0	0	1201.68	1342.42
199	0	0	1576.91	1058.8
200	0	0	1569.36	1203.7
201	0	0	1394.98	1421.7
202	0	0	1209.29	1323.57
203	0	0	1596.44	1083.16
204	0	0	1445.43	1150.4
205	0	0	1461.97	1309.9
206	0	0	1758.56	1391.6
207	0	0	1545.6	1158.98
				
----------EDGES----------				
INDEX-I	INDEX-J	QTY	IS-REQUIRED	TR-COST
40	41	60	1	26
42	3	40	1	29
4	40	1	1	22
43	44	37	1	20
45	46	142	1	40
44	47	42	1	6
48	49	95	1	26
50	51	98	1	41
52	53	48	1	12
54	55	97	1	11
57	58	48	1	97
59	60	80	1	14
61	62	136	1	16
63	64	90	1	37
17	67	106	1	12
68	69	34	1	28
70	71	50	1	40
72	73	126	1	21
74	75	123	1	37
76	77	143	1	53
78	79	104	1	25
80	81	118	1	33
82	83	139	1	34
84	65	100	1	25
85	86	1	1	29
87	88	120	1	15
1	76	145	1	20
89	90	65	1	16
91	48	111	1	12
92	93	143	1	45
94	95	207	1	25
96	97	172	1	16
30	98	126	1	10
99	100	92	1	24
101	20	117	1	12
102	103	37	1	18
97	94	190	1	15
39	104	235	1	67
105	106	31	1	17
107	108	134	1	16
109	110	0	0	34
109	97	0	0	15
111	112	0	0	63
113	114	0	0	70
115	1	0	0	27
1	28	0	0	58
116	117	0	0	22
117	118	0	0	14
119	120	0	0	8
121	76	0	0	14
121	122	0	0	42
77	123	0	0	6
124	125	0	0	52
126	17	0	0	46
63	2	0	0	8
109	112	0	0	35
128	36	0	0	31
120	129	0	0	20
41	130	0	0	16
100	131	0	0	3
131	132	0	0	3
134	135	0	0	71
136	137	0	0	81
138	68	0	0	8
111	139	0	0	13
62	140	0	0	33
141	43	0	0	31
3	45	0	0	27
42	79	0	0	33
117	142	0	0	12
143	144	0	0	24
146	147	0	0	59
148	149	0	0	17
111	113	0	0	17
55	74	0	0	15
150	151	0	0	8
144	150	0	0	19
143	146	0	0	20
152	46	0	0	25
44	59	0	0	18
68	49	0	0	21
41	30	0	0	29
115	153	0	0	20
78	155	0	0	22
109	79	0	0	20
156	157	0	0	71
49	5	0	0	8
5	158	0	0	28
159	160	0	0	11
139	51	0	0	29
114	161	0	0	24
100	73	0	0	45
128	162	0	0	17
124	134	0	0	26
163	86	0	0	49
164	104	0	0	52
165	166	0	0	18
127	167	0	0	19
168	6	0	0	31
128	62	0	0	7
7	169	0	0	35
7	170	0	0	8
48	171	0	0	59
167	103	0	0	30
87	172	0	0	16
46	75	0	0	14
42	51	0	0	33
45	50	0	0	13
163	8	0	0	25
160	173	0	0	8
159	173	0	0	15
9	10	0	0	9
142	170	0	0	33
77	158	0	0	11
174	175	0	0	18
175	11	0	0	29
121	140	0	0	34
134	156	0	0	29
40	61	0	0	25
133	58	0	0	236
47	83	0	0	45
47	12	0	0	6
115	176	0	0	24
5	13	0	0	37
138	13	0	0	5
122	177	0	0	27
103	178	0	0	3
56	14	0	0	47
130	62	0	0	25
7	15	0	0	14
120	177	0	0	33
122	123	0	0	40
180	16	0	0	9
158	171	0	0	78
52	104	0	0	12
41	151	0	0	21
74	71	0	0	25
4	174	0	0	21
81	181	0	0	17
154	66	0	0	34
141	182	0	0	7
18	183	0	0	31
183	19	0	0	14
183	184	0	0	46
185	184	0	0	51
20	186	0	0	21
54	187	0	0	28
188	70	0	0	14
54	70	0	0	66
189	190	0	0	45
191	31	0	0	36
57	14	0	0	6
6	22	0	0	25
175	15	0	0	25
15	192	0	0	33
160	23	0	0	17
135	184	0	0	16
190	193	0	0	33
190	194	0	0	33
195	196	0	0	6
195	24	0	0	7
197	157	0	0	49
75	188	0	0	26
149	150	0	0	18
144	31	0	0	38
94	198	0	0	30
110	198	0	0	4
138	155	0	0	5
137	187	0	0	26
119	73	0	0	29
118	199	0	0	31
200	125	0	0	5
135	125	0	0	10
182	101	0	0	15
148	176	0	0	45
116	192	0	0	10
25	26	0	0	17
19	185	0	0	13
173	147	0	0	29
167	22	0	0	12
160	81	0	0	26
201	80	0	0	24
153	201	0	0	52
141	172	0	0	13
119	99	0	0	21
56	18	0	0	22
20	72	0	0	8
156	14	0	0	49
178	92	0	0	37
122	27	0	0	8
153	171	0	0	25
43	196	0	0	15
169	105	0	0	16
17	196	0	0	16
65	82	0	0	20
177	72	0	0	19
27	129	0	0	34
155	29	0	0	8
168	90	0	0	9
78	9	0	0	10
3	9	0	0	23
45	189	0	0	44
151	200	0	0	62
66	21	0	0	16
140	36	0	0	28
123	129	0	0	20
131	168	0	0	20
181	145	0	0	28
110	202	0	0	19
25	203	0	0	27
70	194	0	0	6
136	194	0	0	11
130	28	0	0	32
180	25	0	0	11
83	195	0	0	4
181	80	0	0	20
10	189	0	0	14
124	191	0	0	18
182	204	0	0	9
176	205	0	0	34
162	186	0	0	16
65	89	0	0	18
170	192	0	0	16
200	31	0	0	43
133	197	0	0	47
159	145	0	0	16
132	65	0	0	33
137	52	0	0	18
116	199	0	0	6
126	84	0	0	27
8	191	0	0	22
165	61	0	0	10
161	201	0	0	103
67	101	0	0	6
193	92	0	0	7
112	96	0	0	14
206	32	0	0	8
92	33	0	0	21
69	202	0	0	5
79	69	0	0	37
164	178	0	0	40
164	93	0	0	4
165	87	0	0	14
172	166	0	0	13
205	34	0	0	5
168	102	0	0	9
18	19	0	0	26
162	88	0	0	10
198	91	0	0	10
139	21	0	0	12
148	23	0	0	26
50	154	0	0	22
184	207	0	0	6
53	179	0	0	12
200	207	0	0	26
174	207	0	0	3
63	139	0	0	17
142	59	0	0	16
126	82	0	0	15
114	96	0	0	16
199	38	0	0	9
204	88	0	0	24
87	204	0	0	13
177	186	0	0	9
118	60	0	0	17
11	203	0	0	8
157	206	0	0	38
163	35	0	0	21
132	84	0	0	8
4	105	0	0	21
103	99	0	0	20
85	147	0	0	29
122	36	0	0	32
146	149	0	0	6
71	188	0	0	44
54	71	0	0	16
203	38	0	0	26
48	202	0	0	12
141	108	0	0	8
193	39	0	0	43
43	107	0	0	15
169	107	0	0	8
8	157	0	0	95
11	185	0	0	3
133	206	0	0	35
205	98	0	0	11
136	37	0	0	8
39	37	0	0	5
179	187	0	0	8
143	35	0	0	19
166	106	0	0	6
				
-----------ARCS----------				
INDEX-I	INDEX-J	QTY	IS-REQUIRED	TR-COST
				
----------TURNS----------					
INDEX-I	INDEX-J	INDEX-K	COST	TYPE	
1	28	1	40	U	
1	28	130	8	F	
1	76	1	40	U	
1	76	77	8	F	
1	76	121	24	L	
1	115	1	40	U	
1	115	153	24	L	
1	115	176	8	F	
2	63	2	40	U	
2	63	64	0	R	
2	63	139	8	F	
3	9	3	40	U	
3	9	10	0	R	
3	9	78	8	F	
3	42	3	40	U	
3	42	51	24	L	
3	42	79	8	F	
3	45	3	40	U	
3	45	46	8	F	
3	45	50	0	R	
3	45	189	24	L	
4	40	4	40	U	
4	40	41	8	F	
4	40	61	24	L	
4	105	4	40	U	
4	105	106	0	R	
4	105	169	8	F	
4	174	4	40	U	
4	174	175	8	F	
4	174	207	24	L	
5	13	5	40	U	
5	13	138	8	F	
5	49	5	40	U	
5	49	48	8	F	
5	49	68	24	L	
5	158	5	40	U	
5	158	77	8	F	
5	158	171	24	L	
6	22	6	40	U	
6	22	167	8	F	
6	168	6	40	U	
6	168	90	0	R	
6	168	102	24	L	
6	168	131	8	F	
7	15	7	40	U	
7	15	175	8	F	
7	15	192	0	R	
7	169	7	40	U	
7	169	105	0	R	
7	169	107	8	F	
7	170	7	40	U	
7	170	142	8	F	
7	170	192	24	L	
8	157	8	40	U	
8	157	156	0	R	
8	157	197	24	L	
8	157	206	8	F	
8	163	8	40	U	
8	163	35	24	L	
8	163	86	8	F	
8	191	8	40	U	
8	191	31	0	R	
8	191	124	8	F	
9	3	9	40	U	
9	3	42	0	R	
9	3	45	8	F	
9	10	9	40	U	
9	10	189	8	F	
9	78	9	40	U	
9	78	79	24	L	
9	78	155	8	F	
10	9	3	24	L	
10	9	10	40	U	
10	9	78	8	F	
10	189	10	40	U	
10	189	45	0	R	
10	189	190	8	F	
11	175	11	40	U	
11	175	15	24	L	
11	175	174	8	F	
11	185	11	40	U	
11	185	19	0	R	
11	185	184	8	F	
11	203	11	40	U	
11	203	25	8	F	
11	203	38	0	R	
12	47	12	40	U	
12	47	44	0	R	
12	47	83	8	F	
13	5	13	40	U	
13	5	49	24	L	
13	5	158	8	F	
13	138	13	40	U	
13	138	68	24	L	
13	138	155	8	F	
14	56	14	40	U	
14	56	18	0	R	
14	57	14	40	U	
14	57	58	8	F	
14	156	14	40	U	
14	156	134	24	L	
14	156	157	8	F	
15	7	15	40	U	
15	7	169	8	F	
15	7	170	24	L	
15	175	11	0	R	
15	175	15	40	U	
15	175	174	8	F	
15	192	15	40	U	
15	192	116	8	F	
15	192	170	0	R	
16	180	16	40	U	
16	180	25	8	F	
17	67	17	40	U	
17	67	101	8	F	
17	126	17	40	U	
17	126	82	24	L	
17	126	84	8	F	
17	196	17	40	U	
17	196	43	8	F	
17	196	195	0	R	
18	19	18	40	U	
18	19	183	0	R	
18	19	185	8	F	
18	56	14	8	F	
18	56	18	40	U	
18	183	18	40	U	
18	183	19	24	L	
18	183	184	8	F	
19	18	19	40	U	
19	18	56	8	F	
19	18	183	24	L	
19	183	18	8	F	
19	183	19	40	U	
19	183	184	24	L	
19	185	11	8	F	
19	185	19	40	U	
19	185	184	0	R	
20	72	20	40	U	
20	72	73	8	F	
20	72	177	0	R	
20	101	20	40	U	
20	101	67	8	F	
20	101	182	24	L	
20	186	20	40	U	
20	186	162	8	F	
20	186	177	24	L	
21	66	21	40	U	
21	66	154	8	F	
21	139	21	40	U	
21	139	51	0	R	
21	139	63	24	L	
21	139	111	8	F	
22	6	22	40	U	
22	6	168	24	L	
22	167	22	40	U	
22	167	103	8	F	
22	167	127	24	L	
23	148	23	40	U	
23	148	149	8	F	
23	148	176	0	R	
23	160	23	40	U	
23	160	81	24	L	
23	160	159	8	F	
23	160	173	0	R	
24	195	24	40	U	
24	195	83	8	F	
24	195	196	0	R	
25	26	25	40	U	
25	180	16	8	F	
25	180	25	40	U	
25	203	11	8	F	
25	203	25	40	U	
25	203	38	24	L	
26	25	26	40	U	
26	25	180	0	R	
26	25	203	8	F	
27	122	27	40	U	
27	122	36	8	F	
27	122	121	24	L	
27	122	123	24	L	
27	122	177	0	R	
27	129	27	40	U	
27	129	120	8	F	
27	129	123	0	R	
28	1	28	40	U	
28	1	76	8	F	
28	1	115	0	R	
28	130	28	40	U	
28	130	41	8	F	
28	130	62	0	R	
29	155	29	40	U	
29	155	78	0	R	
29	155	138	8	F	
30	41	30	40	U	
30	41	40	8	F	
30	41	130	0	R	
30	41	151	24	L	
30	98	30	40	U	
30	98	205	8	F	
31	144	31	40	U	
31	144	143	0	R	
31	144	150	8	F	
31	191	8	8	F	
31	191	31	40	U	
31	191	124	0	R	
31	200	31	40	U	
31	200	125	24	L	
31	200	151	0	R	
31	200	207	8	F	
32	206	32	40	U	
32	206	133	0	R	
32	206	157	8	F	
33	92	33	40	U	
33	92	93	8	F	
33	92	178	24	L	
33	92	193	0	R	
34	205	34	40	U	
34	205	98	8	F	
34	205	176	0	R	
35	143	35	40	U	
35	143	144	24	L	
35	143	146	8	F	
35	163	8	0	R	
35	163	35	40	U	
35	163	86	8	F	
36	122	27	8	F	
36	122	36	40	U	
36	122	121	0	R	
36	122	123	0	R	
36	122	177	24	L	
36	128	36	40	U	
36	128	62	8	F	
36	128	162	0	R	
36	140	36	40	U	
36	140	62	0	R	
36	140	121	8	F	
37	39	37	40	U	
37	39	104	0	R	
37	39	193	8	F	
37	136	37	40	U	
37	136	137	24	L	
37	136	194	8	F	
38	199	38	40	U	
38	199	116	8	F	
38	199	118	24	L	
38	203	11	8	F	
38	203	25	0	R	
38	203	38	40	U	
39	37	39	40	U	
39	37	136	8	F	
39	104	39	40	U	
39	104	52	0	R	
39	104	164	24	L	
39	193	39	40	U	
39	193	92	8	F	
39	193	190	24	L	
40	4	40	40	U	
40	4	105	0	R	
40	4	174	8	F	
40	41	30	8	F	
40	41	40	40	U	
40	41	130	24	L	
40	41	151	0	R	
40	61	40	40	U	
40	61	62	8	F	
40	61	165	24	L	
41	30	41	40	U	
41	30	98	8	F	
41	40	4	8	F	
41	40	41	40	U	
41	40	61	0	R	
41	130	28	0	R	
41	130	41	40	U	
41	130	62	8	F	
41	151	41	40	U	
41	151	150	8	F	
41	151	200	0	R	
42	3	9	24	L	
42	3	42	40	U	
42	3	45	8	F	
42	51	42	40	U	
42	51	50	24	L	
42	51	139	8	F	
42	79	42	40	U	
42	79	69	8	F	
42	79	78	0	R	
42	79	109	24	L	
43	44	43	40	U	
43	44	47	0	R	
43	44	59	8	F	
43	107	43	40	U	
43	107	108	24	L	
43	107	169	8	F	
43	141	43	40	U	
43	141	108	0	R	
43	141	172	0	R	
43	141	182	8	F	
43	196	17	0	R	
43	196	43	40	U	
43	196	195	8	F	
44	43	44	40	U	
44	43	107	0	R	
44	43	141	8	F	
44	43	196	24	L	
44	47	12	24	L	
44	47	44	40	U	
44	47	83	8	F	
44	59	44	40	U	
44	59	60	8	F	
44	59	142	24	L	
45	3	9	8	F	
45	3	42	24	L	
45	3	45	40	U	
45	46	45	40	U	
45	46	75	8	F	
45	46	152	0	R	
45	50	45	40	U	
45	50	51	0	R	
45	50	154	8	F	
45	189	10	24	L	
45	189	45	40	U	
45	189	190	8	F	
46	45	3	8	F	
46	45	46	40	U	
46	45	50	24	L	
46	45	189	0	R	
46	75	46	40	U	
46	75	74	8	F	
46	75	188	24	L	
46	152	46	40	U	
47	12	47	40	U	
47	44	43	24	L	
47	44	47	40	U	
47	44	59	8	F	
47	83	47	40	U	
47	83	82	8	F	
47	83	195	0	R	
48	49	5	8	F	
48	49	48	40	U	
48	49	68	0	R	
48	91	48	40	U	
48	91	198	8	F	
48	171	48	40	U	
48	171	153	8	F	
48	171	158	0	R	
48	202	48	40	U	
48	202	69	8	F	
48	202	110	0	R	
49	5	13	0	R	
49	5	49	40	U	
49	5	158	8	F	
49	48	49	40	U	
49	48	91	8	F	
49	48	171	0	R	
49	48	202	24	L	
49	68	49	40	U	
49	68	69	0	R	
49	68	138	8	F	
50	45	3	24	L	
50	45	46	0	R	
50	45	50	40	U	
50	45	189	8	F	
50	51	42	0	R	
50	51	50	40	U	
50	51	139	8	F	
50	154	50	40	U	
50	154	66	0	R	
51	42	3	0	R	
51	42	51	40	U	
51	42	79	8	F	
51	50	45	8	F	
51	50	51	40	U	
51	50	154	0	R	
51	139	21	24	L	
51	139	51	40	U	
51	139	63	8	F	
51	139	111	0	R	
52	53	52	40	U	
52	53	179	0	R	
52	104	39	24	L	
52	104	52	40	U	
52	104	164	8	F	
52	137	52	40	U	
52	137	136	8	F	
52	137	187	24	L	
53	52	53	40	U	
53	52	104	8	F	
53	52	137	24	L	
53	179	53	40	U	
53	179	187	8	F	
54	55	54	40	U	
54	55	74	0	R	
54	70	54	40	U	
54	70	71	24	L	
54	70	188	24	L	
54	70	194	8	F	
54	71	54	40	U	
54	71	70	8	F	
54	71	74	24	L	
54	71	188	24	L	
54	187	54	40	U	
54	187	137	24	L	
54	187	179	8	F	
55	54	55	40	U	
55	54	70	24	L	
55	54	71	24	L	
55	54	187	8	F	
55	74	55	40	U	
55	74	71	0	R	
55	74	75	8	F	
56	14	56	40	U	
56	14	57	0	R	
56	14	156	8	F	
56	18	19	8	F	
56	18	56	40	U	
56	18	183	0	R	
57	14	56	24	L	
57	14	57	40	U	
57	14	156	8	F	
57	58	57	40	U	
57	58	133	24	L	
58	57	14	8	F	
58	57	58	40	U	
58	133	58	40	U	
58	133	197	24	L	
58	133	206	24	L	
59	44	43	8	F	
59	44	47	24	L	
59	44	59	40	U	
59	60	59	40	U	
59	60	118	24	L	
59	142	59	40	U	
59	142	117	8	F	
59	142	170	24	L	
60	59	44	8	F	
60	59	60	40	U	
60	59	142	0	R	
60	118	60	40	U	
60	118	117	24	L	
60	118	199	8	F	
61	40	4	0	R	
61	40	41	8	F	
61	40	61	40	U	
61	62	61	40	U	
61	62	128	24	L	
61	62	130	0	R	
61	62	140	8	F	
61	165	61	40	U	
61	165	87	8	F	
61	165	166	24	L	
62	61	40	8	F	
62	61	62	40	U	
62	61	165	0	R	
62	128	36	0	R	
62	128	62	40	U	
62	128	162	8	F	
62	130	28	24	L	
62	130	41	8	F	
62	130	62	40	U	
62	140	36	24	L	
62	140	62	40	U	
62	140	121	8	F	
63	2	63	40	U	
63	64	63	0	O	
63	139	21	0	R	
63	139	51	8	F	
63	139	63	40	U	
63	139	111	24	L	
64	63	2	24	L	
64	63	64	40	U	
64	63	139	8	F	
65	82	65	40	U	
65	82	83	8	F	
65	82	126	24	L	
65	84	65	40	U	
65	84	126	0	R	
65	84	132	8	F	
65	89	65	40	U	
65	89	90	0	R	
65	132	65	40	U	
65	132	84	0	R	
65	132	131	8	F	
66	21	66	40	U	
66	21	139	8	F	
66	154	50	24	L	
66	154	66	40	U	
67	17	67	40	U	
67	17	126	0	R	
67	17	196	8	F	
67	101	20	8	F	
67	101	67	40	U	
67	101	182	0	R	
68	49	5	8	F	
68	49	48	24	L	
68	49	68	40	U	
68	69	68	40	U	
68	69	79	8	F	
68	69	202	0	R	
68	138	13	0	R	
68	138	68	40	U	
68	138	155	8	F	
69	68	49	24	L	
69	68	69	40	U	
69	68	138	8	F	
69	79	42	8	F	
69	79	69	40	U	
69	79	78	24	L	
69	79	109	0	R	
69	202	48	8	F	
69	202	69	40	U	
69	202	110	24	L	
70	54	55	0	R	
70	54	70	40	U	
70	54	71	0	R	
70	54	187	8	F	
70	71	54	8	F	
70	71	70	40	U	
70	71	74	0	R	
70	71	188	0	R	
70	188	70	40	U	
70	188	71	24	L	
70	188	75	8	F	
70	194	70	40	U	
70	194	136	0	R	
70	194	190	8	F	
71	54	55	0	R	
71	54	70	24	L	
71	54	71	40	U	
71	54	187	8	F	
71	70	54	0	R	
71	70	71	40	U	
71	70	188	24	L	
71	70	194	8	F	
71	74	55	24	L	
71	74	71	40	U	
71	74	75	8	F	
71	188	70	0	R	
71	188	71	40	U	
71	188	75	8	F	
72	20	72	40	U	
72	20	101	8	F	
72	20	186	24	L	
72	73	72	40	U	
72	73	100	8	F	
72	73	119	0	R	
72	177	72	40	U	
72	177	120	24	L	
72	177	122	8	F	
72	177	186	0	R	
73	72	20	8	F	
73	72	73	40	U	
73	72	177	24	L	
73	100	73	40	U	
73	100	99	0	R	
73	100	131	8	F	
73	119	73	40	U	
73	119	99	8	F	
73	119	120	0	R	
74	55	54	8	F	
74	55	74	40	U	
74	71	54	8	F	
74	71	70	24	L	
74	71	74	40	U	
74	71	188	24	L	
74	75	46	8	F	
74	75	74	40	U	
74	75	188	0	R	
75	46	45	8	F	
75	46	75	40	U	
75	46	152	24	L	
75	74	55	8	F	
75	74	71	24	L	
75	74	75	40	U	
75	188	70	8	F	
75	188	71	0	R	
75	188	75	40	U	
76	1	28	0	R	
76	1	76	40	U	
76	1	115	8	F	
76	77	76	40	U	
76	77	123	8	F	
76	77	158	0	R	
76	121	76	40	U	
76	121	122	0	R	
76	121	140	8	F	
77	76	1	8	F	
77	76	77	40	U	
77	76	121	0	R	
77	123	77	40	U	
77	123	122	24	L	
77	123	129	8	F	
77	158	5	8	F	
77	158	77	40	U	
77	158	171	0	R	
78	9	3	8	F	
78	9	10	24	L	
78	9	78	40	U	
78	79	42	24	L	
78	79	69	0	R	
78	79	78	40	U	
78	79	109	8	F	
78	155	29	24	L	
78	155	78	40	U	
78	155	138	8	F	
79	42	3	24	L	
79	42	51	8	F	
79	42	79	40	U	
79	69	68	0	R	
79	69	79	40	U	
79	69	202	8	F	
79	78	9	8	F	
79	78	79	40	U	
79	78	155	24	L	
79	109	79	40	U	
79	109	97	8	F	
79	109	110	0	R	
79	109	112	24	L	
80	81	80	40	U	
80	81	160	8	F	
80	81	181	24	L	
80	181	80	40	U	
80	181	81	0	R	
80	181	145	8	F	
80	201	80	40	U	
80	201	153	24	L	
80	201	161	8	F	
81	80	81	40	U	
81	80	181	0	R	
81	80	201	8	F	
81	160	23	0	R	
81	160	81	40	U	
81	160	159	24	L	
81	160	173	8	F	
81	181	80	8	F	
81	181	81	40	U	
81	181	145	0	R	
82	65	82	40	U	
82	65	84	0	R	
82	65	89	8	F	
82	65	132	0	R	
82	83	47	0	R	
82	83	82	40	U	
82	83	195	8	F	
82	126	17	8	F	
82	126	82	40	U	
82	126	84	24	L	
83	47	12	0	R	
83	47	44	8	F	
83	47	83	40	U	
83	82	65	8	F	
83	82	83	40	U	
83	82	126	0	R	
83	195	24	0	R	
83	195	83	40	U	
83	195	196	8	F	
84	65	82	24	L	
84	65	84	40	U	
84	65	89	0	R	
84	65	132	0	R	
84	126	17	8	F	
84	126	82	0	R	
84	126	84	40	U	
84	132	65	24	L	
84	132	84	40	U	
84	132	131	8	F	
85	86	85	40	U	
85	86	163	0	R	
85	147	85	40	U	
85	147	146	24	L	
85	147	173	8	F	
86	85	86	40	U	
86	85	147	8	F	
86	163	8	8	F	
86	163	35	0	R	
86	163	86	40	U	
87	88	87	40	U	
87	88	162	8	F	
87	88	204	24	L	
87	165	61	8	F	
87	165	87	40	U	
87	165	166	0	R	
87	172	87	40	U	
87	172	141	8	F	
87	172	166	24	L	
87	204	87	40	U	
87	204	88	0	R	
87	204	182	8	F	
88	87	88	40	U	
88	87	165	24	L	
88	87	172	8	F	
88	87	204	0	R	
88	162	88	40	U	
88	162	128	0	R	
88	162	186	8	F	
88	204	87	24	L	
88	204	88	40	U	
88	204	182	8	F	
89	65	82	8	F	
89	65	84	24	L	
89	65	89	40	U	
89	65	132	24	L	
89	90	89	40	U	
89	90	168	8	F	
90	89	65	24	L	
90	89	90	40	U	
90	168	6	24	L	
90	168	90	40	U	
90	168	102	8	F	
90	168	131	0	R	
91	48	49	8	F	
91	48	91	40	U	
91	48	171	24	L	
91	48	202	0	R	
91	198	91	40	U	
91	198	94	0	R	
91	198	110	8	F	
92	33	92	40	U	
92	93	92	40	U	
92	93	164	8	F	
92	178	92	40	U	
92	178	103	8	F	
92	178	164	0	R	
92	193	39	24	L	
92	193	92	40	U	
92	193	190	8	F	
93	92	33	8	F	
93	92	93	40	U	
93	92	178	0	R	
93	92	193	24	L	
93	164	93	40	U	
93	164	104	0	R	
93	164	178	8	F	
94	95	94	40	U	
94	97	94	40	U	
94	97	96	8	F	
94	97	109	24	L	
94	198	91	8	F	
94	198	94	40	U	
94	198	110	0	R	
95	94	95	40	U	
95	94	97	0	R	
95	94	198	8	F	
96	97	94	24	L	
96	97	96	40	U	
96	97	109	8	F	
96	112	96	40	U	
96	112	109	24	L	
96	112	111	8	F	
96	114	96	40	U	
96	114	113	24	L	
96	114	161	8	F	
97	94	95	24	L	
97	94	97	40	U	
97	94	198	8	F	
97	96	97	40	U	
97	96	112	24	L	
97	96	114	8	F	
97	109	79	8	F	
97	109	97	40	U	
97	109	110	24	L	
97	109	112	0	R	
98	30	41	8	F	
98	30	98	40	U	
98	205	34	0	R	
98	205	98	40	U	
98	205	176	8	F	
99	100	73	24	L	
99	100	99	40	U	
99	100	131	8	F	
99	103	99	40	U	
99	103	102	24	L	
99	103	167	8	F	
99	103	178	0	R	
99	119	73	0	R	
99	119	99	40	U	
99	119	120	8	F	
100	73	72	8	F	
100	73	100	40	U	
100	73	119	24	L	
100	99	100	40	U	
100	99	103	24	L	
100	99	119	8	F	
100	131	100	40	U	
100	131	132	8	F	
100	131	168	0	R	
101	20	72	8	F	
101	20	101	40	U	
101	20	186	0	R	
101	67	17	8	F	
101	67	101	40	U	
101	182	101	40	U	
101	182	141	8	F	
101	182	204	24	L	
102	103	99	0	R	
102	103	102	40	U	
102	103	167	24	L	
102	103	178	8	F	
102	168	6	0	R	
102	168	90	8	F	
102	168	102	40	U	
102	168	131	24	L	
103	99	100	0	R	
103	99	103	40	U	
103	99	119	8	F	
103	102	103	40	U	
103	102	168	8	F	
103	167	22	24	L	
103	167	103	40	U	
103	167	127	8	F	
103	178	92	0	R	
103	178	103	40	U	
103	178	164	8	F	
104	39	37	8	F	
104	39	104	40	U	
104	39	193	0	R	
104	52	53	8	F	
104	52	104	40	U	
104	52	137	0	R	
104	164	93	24	L	
104	164	104	40	U	
104	164	178	8	F	
105	4	40	8	F	
105	4	105	40	U	
105	4	174	0	R	
105	106	105	40	U	
105	106	166	8	F	
105	169	7	24	L	
105	169	105	40	U	
105	169	107	8	F	
106	105	4	24	L	
106	105	106	40	U	
106	105	169	8	F	
106	166	106	40	U	
106	166	165	8	F	
106	166	172	24	L	
107	43	44	24	L	
107	43	107	40	U	
107	43	141	0	R	
107	43	196	8	F	
107	108	107	40	U	
107	108	141	8	F	
107	169	7	0	R	
107	169	105	8	F	
107	169	107	40	U	
108	107	43	0	R	
108	107	108	40	U	
108	107	169	8	F	
108	141	43	24	L	
108	141	108	40	U	
108	141	172	0	R	
108	141	182	8	F	
109	79	42	0	R	
109	79	69	24	L	
109	79	78	8	F	
109	79	109	40	U	
109	97	94	0	R	
109	97	96	8	F	
109	97	109	40	U	
109	110	109	40	U	
109	110	198	8	F	
109	110	202	0	R	
109	112	96	0	R	
109	112	109	40	U	
109	112	111	8	F	
110	109	79	24	L	
110	109	97	0	R	
110	109	110	40	U	
110	109	112	8	F	
110	198	91	8	F	
110	198	94	24	L	
110	198	110	40	U	
110	202	48	8	F	
110	202	69	0	R	
110	202	110	40	U	
111	112	96	8	F	
111	112	109	0	R	
111	112	111	40	U	
111	113	111	40	U	
111	113	114	8	F	
111	139	21	8	F	
111	139	51	24	L	
111	139	63	0	R	
111	139	111	40	U	
112	96	97	0	R	
112	96	112	40	U	
112	96	114	8	F	
112	109	79	0	R	
112	109	97	24	L	
112	109	110	8	F	
112	109	112	40	U	
112	111	112	40	U	
112	111	113	0	R	
112	111	139	8	F	
113	111	112	24	L	
113	111	113	40	U	
113	111	139	8	F	
113	114	96	0	R	
113	114	113	40	U	
113	114	161	8	F	
114	96	97	24	L	
114	96	112	8	F	
114	96	114	40	U	
114	113	111	24	L	
114	113	114	40	U	
114	161	114	40	U	
114	161	201	8	F	
115	1	28	24	L	
115	1	76	8	F	
115	1	115	40	U	
115	153	115	40	U	
115	153	171	8	F	
115	153	201	0	R	
115	176	115	40	U	
115	176	148	8	F	
115	176	205	0	R	
116	117	116	40	U	
116	117	118	8	F	
116	117	142	0	R	
116	192	15	8	F	
116	192	116	40	U	
116	192	170	24	L	
116	199	38	8	F	
116	199	116	40	U	
116	199	118	0	R	
117	116	117	40	U	
117	116	192	8	F	
117	116	199	0	R	
117	118	60	8	F	
117	118	117	40	U	
117	118	199	24	L	
117	142	59	8	F	
117	142	117	40	U	
117	142	170	0	R	
118	60	59	0	R	
118	60	118	40	U	
118	117	116	8	F	
118	117	118	40	U	
118	117	142	24	L	
118	199	38	8	F	
118	199	116	24	L	
118	199	118	40	U	
119	73	72	8	F	
119	73	100	0	R	
119	73	119	40	U	
119	99	100	24	L	
119	99	103	8	F	
119	99	119	40	U	
119	120	119	40	U	
119	120	129	8	F	
119	120	177	0	R	
120	119	73	24	L	
120	119	99	8	F	
120	119	120	40	U	
120	129	27	0	R	
120	129	120	40	U	
120	129	123	8	F	
120	177	72	0	R	
120	177	120	40	U	
120	177	122	24	L	
120	177	186	8	F	
121	76	1	8	F	
121	76	77	24	L	
121	76	121	40	U	
121	122	27	0	R	
121	122	36	24	L	
121	122	121	40	U	
121	122	123	0	R	
121	122	177	8	F	
121	140	36	0	R	
121	140	62	8	F	
121	140	121	40	U	
122	27	122	40	U	
122	27	129	8	F	
122	36	122	40	U	
122	36	128	8	F	
122	36	140	24	L	
122	121	76	8	F	
122	121	122	40	U	
122	121	140	0	R	
122	123	77	8	F	
122	123	122	40	U	
122	123	129	24	L	
122	177	72	8	F	
122	177	120	0	R	
122	177	122	40	U	
122	177	186	24	L	
123	77	76	0	R	
123	77	123	40	U	
123	77	158	8	F	
123	122	27	0	R	
123	122	36	8	F	
123	122	121	24	L	
123	122	123	40	U	
123	122	177	0	R	
123	129	27	24	L	
123	129	120	8	F	
123	129	123	40	U	
124	125	124	40	U	
124	125	135	8	F	
124	125	200	0	R	
124	134	124	40	U	
124	134	135	0	R	
124	134	156	8	F	
124	191	8	8	F	
124	191	31	24	L	
124	191	124	40	U	
125	124	125	40	U	
125	124	134	0	R	
125	124	191	8	F	
125	135	125	40	U	
125	135	134	24	L	
125	135	184	8	F	
125	200	31	0	R	
125	200	125	40	U	
125	200	151	8	F	
125	200	207	24	L	
126	17	67	8	F	
126	17	126	40	U	
126	17	196	0	R	
126	82	65	8	F	
126	82	83	24	L	
126	82	126	40	U	
126	84	65	24	L	
126	84	126	40	U	
126	84	132	8	F	
127	167	22	0	R	
127	167	103	8	F	
127	167	127	40	U	
128	36	122	8	F	
128	36	128	40	U	
128	36	140	0	R	
128	62	61	0	R	
128	62	128	40	U	
128	62	130	8	F	
128	62	140	24	L	
128	162	88	24	L	
128	162	128	40	U	
128	162	186	8	F	
129	27	122	8	F	
129	27	129	40	U	
129	120	119	8	F	
129	120	129	40	U	
129	120	177	24	L	
129	123	77	8	F	
129	123	122	0	R	
129	123	129	40	U	
130	28	1	8	F	
130	28	130	40	U	
130	41	30	24	L	
130	41	40	0	R	
130	41	130	40	U	
130	41	151	8	F	
130	62	61	24	L	
130	62	128	8	F	
130	62	130	40	U	
130	62	140	0	R	
131	100	73	0	R	
131	100	99	8	F	
131	100	131	40	U	
131	132	65	8	F	
131	132	84	24	L	
131	132	131	40	U	
131	168	6	8	F	
131	168	90	24	L	
131	168	102	0	R	
131	168	131	40	U	
132	65	82	24	L	
132	65	84	24	L	
132	65	89	0	R	
132	65	132	40	U	
132	84	65	0	R	
132	84	126	8	F	
132	84	132	40	U	
132	131	100	8	F	
132	131	132	40	U	
132	131	168	24	L	
133	58	57	0	R	
133	58	133	40	U	
133	197	133	40	U	
133	197	157	24	L	
133	206	32	24	L	
133	206	133	40	U	
133	206	157	8	F	
134	124	125	24	L	
134	124	134	40	U	
134	124	191	8	F	
134	135	125	0	R	
134	135	134	40	U	
134	135	184	8	F	
134	156	14	0	R	
134	156	134	40	U	
134	156	157	8	F	
135	125	124	8	F	
135	125	135	40	U	
135	125	200	24	L	
135	134	124	24	L	
135	134	135	40	U	
135	134	156	8	F	
135	184	135	40	U	
135	184	183	24	L	
135	184	185	24	L	
135	184	207	8	F	
136	37	39	8	F	
136	37	136	40	U	
136	137	52	24	L	
136	137	136	40	U	
136	137	187	8	F	
136	194	70	8	F	
136	194	136	40	U	
136	194	190	0	R	
137	52	53	8	F	
137	52	104	24	L	
137	52	137	40	U	
137	136	37	0	R	
137	136	137	40	U	
137	136	194	8	F	
137	187	54	0	R	
137	187	137	40	U	
137	187	179	8	F	
138	13	5	8	F	
138	13	138	40	U	
138	68	49	8	F	
138	68	69	24	L	
138	68	138	40	U	
138	155	29	0	R	
138	155	78	8	F	
138	155	138	40	U	
139	21	66	24	L	
139	21	139	40	U	
139	51	42	8	F	
139	51	50	0	R	
139	51	139	40	U	
139	63	2	0	R	
139	63	64	8	F	
139	63	139	40	U	
139	111	112	0	R	
139	111	113	8	F	
139	111	139	40	U	
140	36	122	8	F	
140	36	128	24	L	
140	36	140	40	U	
140	62	61	8	F	
140	62	128	0	R	
140	62	130	24	L	
140	62	140	40	U	
140	121	76	8	F	
140	121	122	24	L	
140	121	140	40	U	
141	43	44	8	F	
141	43	107	24	L	
141	43	141	40	U	
141	43	196	0	R	
141	108	107	8	F	
141	108	141	40	U	
141	172	87	24	L	
141	172	141	40	U	
141	172	166	8	F	
141	182	101	8	F	
141	182	141	40	U	
141	182	204	0	R	
142	59	44	8	F	
142	59	60	24	L	
142	59	142	40	U	
142	117	116	8	F	
142	117	118	0	R	
142	117	142	40	U	
142	170	7	8	F	
142	170	142	40	U	
142	170	192	0	R	
143	35	143	40	U	
143	35	163	8	F	
143	144	31	8	F	
143	144	143	40	U	
143	144	150	0	R	
143	146	143	40	U	
143	146	147	0	R	
143	146	149	8	F	
144	31	144	40	U	
144	31	191	24	L	
144	31	200	8	F	
144	143	35	8	F	
144	143	144	40	U	
144	143	146	24	L	
144	150	144	40	U	
144	150	149	0	R	
144	150	151	8	F	
145	159	145	40	U	
145	159	160	8	F	
145	159	173	24	L	
145	181	80	8	F	
145	181	81	24	L	
145	181	145	40	U	
146	143	35	8	F	
146	143	144	0	R	
146	143	146	40	U	
146	147	85	8	F	
146	147	146	40	U	
146	147	173	24	L	
146	149	146	40	U	
146	149	148	0	R	
146	149	150	8	F	
147	85	86	0	R	
147	85	147	40	U	
147	146	143	24	L	
147	146	147	40	U	
147	146	149	8	F	
147	173	147	40	U	
147	173	159	0	R	
147	173	160	8	F	
148	23	148	40	U	
148	23	160	8	F	
148	149	146	24	L	
148	149	148	40	U	
148	149	150	8	F	
148	176	115	8	F	
148	176	148	40	U	
148	176	205	24	L	
149	146	143	8	F	
149	146	147	24	L	
149	146	149	40	U	
149	148	23	8	F	
149	148	149	40	U	
149	148	176	24	L	
149	150	144	24	L	
149	150	149	40	U	
149	150	151	8	F	
150	144	31	8	F	
150	144	143	24	L	
150	144	150	40	U	
150	149	146	0	R	
150	149	148	8	F	
150	149	150	40	U	
150	151	41	8	F	
150	151	150	40	U	
150	151	200	24	L	
151	41	30	0	R	
151	41	40	24	L	
151	41	130	8	F	
151	41	151	40	U	
151	150	144	0	R	
151	150	149	8	F	
151	150	151	40	U	
151	200	31	24	L	
151	200	125	8	F	
151	200	151	40	U	
151	200	207	0	R	
152	46	45	24	L	
152	46	75	8	F	
152	46	152	40	U	
153	115	1	0	R	
153	115	153	40	U	
153	115	176	8	F	
153	171	48	8	F	
153	171	153	40	U	
153	171	158	24	L	
153	201	80	8	F	
153	201	153	40	U	
153	201	161	24	L	
154	50	45	8	F	
154	50	51	24	L	
154	50	154	40	U	
154	66	21	8	F	
154	66	154	40	U	
155	29	155	40	U	
155	78	9	8	F	
155	78	79	0	R	
155	78	155	40	U	
155	138	13	24	L	
155	138	68	8	F	
155	138	155	40	U	
156	14	56	0	R	
156	14	57	8	F	
156	14	156	40	U	
156	134	124	8	F	
156	134	135	24	L	
156	134	156	40	U	
156	157	8	24	L	
156	157	156	40	U	
156	157	197	8	F	
156	157	206	0	R	
157	8	157	40	U	
157	8	163	0	R	
157	8	191	8	F	
157	156	14	8	F	
157	156	134	0	R	
157	156	157	40	U	
157	197	133	0	R	
157	197	157	40	U	
157	206	32	8	F	
157	206	133	24	L	
157	206	157	40	U	
158	5	13	24	L	
158	5	49	8	F	
158	5	158	40	U	
158	77	76	24	L	
158	77	123	8	F	
158	77	158	40	U	
158	171	48	24	L	
158	171	153	8	F	
158	171	158	40	U	
159	145	159	40	U	
159	145	181	24	L	
159	160	23	8	F	
159	160	81	0	R	
159	160	159	40	U	
159	160	173	24	L	
159	173	147	8	F	
159	173	159	40	U	
159	173	160	0	R	
160	23	148	8	F	
160	23	160	40	U	
160	81	80	24	L	
160	81	160	40	U	
160	81	181	8	F	
160	159	145	8	F	
160	159	160	40	U	
160	159	173	0	R	
160	173	147	8	F	
160	173	159	24	L	
160	173	160	40	U	
161	114	96	24	L	
161	114	113	8	F	
161	114	161	40	U	
161	201	80	8	F	
161	201	153	0	R	
161	201	161	40	U	
162	88	87	8	F	
162	88	162	40	U	
162	88	204	0	R	
162	128	36	24	L	
162	128	62	8	F	
162	128	162	40	U	
162	186	20	24	L	
162	186	162	40	U	
162	186	177	8	F	
163	8	157	24	L	
163	8	163	40	U	
163	8	191	8	F	
163	35	143	8	F	
163	35	163	40	U	
163	86	85	24	L	
163	86	163	40	U	
164	93	92	8	F	
164	93	164	40	U	
164	104	39	0	R	
164	104	52	8	F	
164	104	164	40	U	
164	178	92	24	L	
164	178	103	8	F	
164	178	164	40	U	
165	61	40	8	F	
165	61	62	24	L	
165	61	165	40	U	
165	87	88	0	R	
165	87	165	40	U	
165	87	172	24	L	
165	87	204	8	F	
165	166	106	8	F	
165	166	165	40	U	
165	166	172	0	R	
166	106	105	8	F	
166	106	166	40	U	
166	165	61	8	F	
166	165	87	24	L	
166	165	166	40	U	
166	172	87	0	R	
166	172	141	8	F	
166	172	166	40	U	
167	22	6	24	L	
167	22	167	40	U	
167	103	99	8	F	
167	103	102	0	R	
167	103	167	40	U	
167	103	178	24	L	
167	127	167	40	U	
168	6	22	0	R	
168	6	168	40	U	
168	90	89	8	F	
168	90	168	40	U	
168	102	103	8	F	
168	102	168	40	U	
168	131	100	8	F	
168	131	132	0	R	
168	131	168	40	U	
169	7	15	8	F	
169	7	169	40	U	
169	7	170	0	R	
169	105	4	8	F	
169	105	106	24	L	
169	105	169	40	U	
169	107	43	8	F	
169	107	108	0	R	
169	107	169	40	U	
170	7	15	8	F	
170	7	169	24	L	
170	7	170	40	U	
170	142	59	8	F	
170	142	117	24	L	
170	142	170	40	U	
170	192	15	24	L	
170	192	116	8	F	
170	192	170	40	U	
171	48	49	24	L	
171	48	91	0	R	
171	48	171	40	U	
171	48	202	8	F	
171	153	115	8	F	
171	153	171	40	U	
171	153	201	24	L	
171	158	5	0	R	
171	158	77	8	F	
171	158	171	40	U	
172	87	88	8	F	
172	87	165	0	R	
172	87	172	40	U	
172	87	204	24	L	
172	141	43	8	F	
172	141	108	24	L	
172	141	172	40	U	
172	141	182	0	R	
172	166	106	8	F	
172	166	165	24	L	
172	166	172	40	U	
173	147	85	8	F	
173	147	146	0	R	
173	147	173	40	U	
173	159	145	8	F	
173	159	160	24	L	
173	159	173	40	U	
173	160	23	24	L	
173	160	81	8	F	
173	160	159	0	R	
173	160	173	40	U	
174	4	40	8	F	
174	4	105	24	L	
174	4	174	40	U	
174	175	11	8	F	
174	175	15	0	R	
174	175	174	40	U	
174	207	174	40	U	
174	207	184	0	R	
174	207	200	8	F	
175	11	175	40	U	
175	11	185	24	L	
175	11	203	8	F	
175	15	7	8	F	
175	15	175	40	U	
175	15	192	24	L	
175	174	4	8	F	
175	174	175	40	U	
175	174	207	0	R	
176	115	1	24	L	
176	115	153	8	F	
176	115	176	40	U	
176	148	23	24	L	
176	148	149	8	F	
176	148	176	40	U	
176	205	34	24	L	
176	205	98	8	F	
176	205	176	40	U	
177	72	20	8	F	
177	72	73	0	R	
177	72	177	40	U	
177	120	119	8	F	
177	120	129	0	R	
177	120	177	40	U	
177	122	27	24	L	
177	122	36	0	R	
177	122	121	8	F	
177	122	123	24	L	
177	122	177	40	U	
177	186	20	0	R	
177	186	162	8	F	
177	186	177	40	U	
178	92	33	0	R	
178	92	93	24	L	
178	92	178	40	U	
178	92	193	8	F	
178	103	99	24	L	
178	103	102	8	F	
178	103	167	0	R	
178	103	178	40	U	
178	164	93	0	R	
178	164	104	8	F	
178	164	178	40	U	
179	53	52	24	L	
179	53	179	40	U	
179	187	54	8	F	
179	187	137	0	R	
179	187	179	40	U	
180	16	180	40	U	
180	25	26	24	L	
180	25	180	40	U	
180	25	203	8	F	
181	80	81	24	L	
181	80	181	40	U	
181	80	201	8	F	
181	81	80	0	R	
181	81	160	8	F	
181	81	181	40	U	
181	145	159	0	R	
181	145	181	40	U	
182	101	20	8	F	
182	101	67	24	L	
182	101	182	40	U	
182	141	43	0	R	
182	141	108	8	F	
182	141	172	24	L	
182	141	182	40	U	
182	204	87	8	F	
182	204	88	24	L	
182	204	182	40	U	
183	18	19	0	R	
183	18	56	8	F	
183	18	183	40	U	
183	19	18	24	L	
183	19	183	40	U	
183	19	185	8	F	
183	184	135	0	R	
183	184	183	40	U	
183	184	185	24	L	
183	184	207	8	F	
184	135	125	24	L	
184	135	134	8	F	
184	135	184	40	U	
184	183	18	8	F	
184	183	19	0	R	
184	183	184	40	U	
184	185	11	8	F	
184	185	19	24	L	
184	185	184	40	U	
184	207	174	8	F	
184	207	184	40	U	
184	207	200	0	R	
185	11	175	0	R	
185	11	185	40	U	
185	11	203	8	F	
185	19	18	8	F	
185	19	183	24	L	
185	19	185	40	U	
185	184	135	8	F	
185	184	183	0	R	
185	184	185	40	U	
185	184	207	24	L	
186	20	72	0	R	
186	20	101	8	F	
186	20	186	40	U	
186	162	88	0	R	
186	162	128	8	F	
186	162	186	40	U	
186	177	72	24	L	
186	177	120	8	F	
186	177	122	0	R	
186	177	186	40	U	
187	54	55	8	F	
187	54	70	0	R	
187	54	71	0	R	
187	54	187	40	U	
187	137	52	0	R	
187	137	136	8	F	
187	137	187	40	U	
187	179	53	8	F	
187	179	187	40	U	
188	70	54	0	R	
188	70	71	0	R	
188	70	188	40	U	
188	70	194	8	F	
188	71	54	8	F	
188	71	70	24	L	
188	71	74	0	R	
188	71	188	40	U	
188	75	46	8	F	
188	75	74	24	L	
188	75	188	40	U	
189	10	9	8	F	
189	10	189	40	U	
189	45	3	0	R	
189	45	46	24	L	
189	45	50	8	F	
189	45	189	40	U	
189	190	189	40	U	
189	190	193	8	F	
189	190	194	0	R	
190	189	10	8	F	
190	189	45	24	L	
190	189	190	40	U	
190	193	39	0	R	
190	193	92	8	F	
190	193	190	40	U	
190	194	70	8	F	
190	194	136	24	L	
190	194	190	40	U	
191	8	157	0	R	
191	8	163	8	F	
191	8	191	40	U	
191	31	144	0	R	
191	31	191	40	U	
191	31	200	8	F	
191	124	125	8	F	
191	124	134	24	L	
191	124	191	40	U	
192	15	7	24	L	
192	15	175	8	F	
192	15	192	40	U	
192	116	117	8	F	
192	116	192	40	U	
192	116	199	24	L	
192	170	7	8	F	
192	170	142	24	L	
192	170	192	40	U	
193	39	37	8	F	
193	39	104	24	L	
193	39	193	40	U	
193	92	33	24	L	
193	92	93	0	R	
193	92	178	8	F	
193	92	193	40	U	
193	190	189	8	F	
193	190	193	40	U	
193	190	194	24	L	
194	70	54	24	L	
194	70	71	24	L	
194	70	188	8	F	
194	70	194	40	U	
194	136	37	8	F	
194	136	137	0	R	
194	136	194	40	U	
194	190	189	24	L	
194	190	193	8	F	
194	190	194	40	U	
195	24	195	40	U	
195	83	47	24	L	
195	83	82	8	F	
195	83	195	40	U	
195	196	17	24	L	
195	196	43	8	F	
195	196	195	40	U	
196	17	67	8	F	
196	17	126	24	L	
196	17	196	40	U	
196	43	44	0	R	
196	43	107	8	F	
196	43	141	24	L	
196	43	196	40	U	
196	195	24	24	L	
196	195	83	8	F	
196	195	196	40	U	
197	133	58	8	F	
197	133	197	40	U	
197	133	206	0	R	
197	157	8	0	R	
197	157	156	8	F	
197	157	197	40	U	
197	157	206	24	L	
198	91	48	8	F	
198	91	198	40	U	
198	94	95	8	F	
198	94	97	24	L	
198	94	198	40	U	
198	110	109	8	F	
198	110	198	40	U	
198	110	202	24	L	
199	38	199	40	U	
199	38	203	8	F	
199	116	117	24	L	
199	116	192	8	F	
199	116	199	40	U	
199	118	60	8	F	
199	118	117	0	R	
199	118	199	40	U	
200	31	144	24	L	
200	31	191	8	F	
200	31	200	40	U	
200	125	124	8	F	
200	125	135	0	R	
200	125	200	40	U	
200	151	41	24	L	
200	151	150	8	F	
200	151	200	40	U	
200	207	174	8	F	
200	207	184	24	L	
200	207	200	40	U	
201	80	81	0	R	
201	80	181	8	F	
201	80	201	40	U	
201	153	115	24	L	
201	153	171	8	F	
201	153	201	40	U	
201	161	114	8	F	
201	161	201	40	U	
202	48	49	0	R	
202	48	91	24	L	
202	48	171	8	F	
202	48	202	40	U	
202	69	68	24	L	
202	69	79	8	F	
202	69	202	40	U	
202	110	109	8	F	
202	110	198	0	R	
202	110	202	40	U	
203	11	175	8	F	
203	11	185	0	R	
203	11	203	40	U	
203	25	26	0	R	
203	25	180	8	F	
203	25	203	40	U	
203	38	199	8	F	
203	38	203	40	U	
204	87	88	24	L	
204	87	165	8	F	
204	87	172	0	R	
204	87	204	40	U	
204	88	87	0	R	
204	88	162	8	F	
204	88	204	40	U	
204	182	101	8	F	
204	182	141	24	L	
204	182	204	40	U	
205	34	205	40	U	
205	98	30	8	F	
205	98	205	40	U	
205	176	115	8	F	
205	176	148	0	R	
205	176	205	40	U	
206	32	206	40	U	
206	133	58	0	R	
206	133	197	24	L	
206	133	206	40	U	
206	157	8	8	F	
206	157	156	24	L	
206	157	197	0	R	
206	157	206	40	U	
207	174	4	0	R	
207	174	175	8	F	
207	174	207	40	U	
207	184	135	8	F	
207	184	183	0	R	
207	184	185	0	R	
207	184	207	40	U	
207	200	31	8	F	
207	200	125	0	R	
207	200	151	24	L	
207	200	207	40	U	
