Name:	DI-NEARP-n160-Q2k.dat				
#Vehicles:	6				
Capacity:	2000				
Depot:		416			
#Nodes:		448			
#Edges:		646			
#Arcs:		0			
#Required-N:	80				
#Required-E:	80				
#Required-A:	0				
#Nb-Turns:	3958				
					
----------NODES----------					
INDEX	QTY	IS-REQUIRED	X	Y	
1	37	1	1385.99	1306.55	
2	62	1	1351.7	820.64	
3	31	1	1539.49	925.3	
4	1	1	1006.47	1405.45	
5	26	1	1424.67	783.73	
6	83	1	1084.66	1292.78	
7	11	1	1525.72	1179.46	
8	57	1	1065.8	850.52	
9	57	1	1463.97	730.89	
10	46	1	1245.58	1281.8	
11	9	1	1411.63	835.25	
12	1	1	575.1	1094.34	
13	1	1	759.92	1243.75	
14	6	1	999.4	787.9	
15	1	1	1427.5	761.58	
16	26	1	1270.37	1003.55	
17	45	1	1549.19	1104.49	
18	1	1	1626.65	1325.48	
19	31	1	1123.31	1291.38	
20	31	1	1116.98	1279.31	
21	73	1	1314.93	854.82	
22	1	1	973.97	633.15	
23	1	1	1585.17	1089.24	
24	7	1	1486.55	1050.8	
25	1	1	1192.14	1287.18	
26	6	1	1365.61	875.84	
27	1	1	877.56	1194.6	
28	14	1	1708.39	1188.29	
29	13	1	721.35	1196.4	
30	1	1	981.71	814.81	
31	42	1	1565.24	1117.1	
32	7	1	1633.97	1007.84	
33	51	1	1423.46	1100.9	
34	97	1	1275.29	676.4	
35	7	1	1505.41	754.3	
36	12	1	875.89	1345.31	
37	26	1	808.3	1280.27	
38	1	1	1656.23	1115.99	
39	7	1	1608.74	1103.92	
40	57	1	1399.8	1139.42	
41	7	1	999.4	1367.25	
42	1	1	418.1	1214.19	
43	51	1	1266.47	982.2	
44	1	1	1238.63	1019.62	
45	1	1	1507.36	1391.38	
46	1	1	1435.91	1068.15	
47	26	1	1068.75	814.98	
48	1	1	1617.22	1031.22	
49	1	1	1609.94	1002.27	
50	1	1	521.21	1125.94	
51	1	1	436.87	965.13	
52	62	1	1335	903.37	
53	215	1	1348.54	1210.97	
54	204	1	1453.47	1276.16	
55	1	1	1076.56	953.8	
56	7	1	1648.14	944.85	
57	6	1	1173.82	1295.51	
58	30	1	847.85	1293.3	
59	118	1	1337.8	779.9	
60	22	1	1486.67	1297.75	
61	1	1	1590.77	1269.56	
62	7	1	1407.54	761.51	
63	1	1	688.81	1201.17	
64	1	1	527.6	1100.62	
65	7	1	1767.39	1397.73	
66	1	1	1178.38	1149	
67	46	1	1286.48	955.77	
68	40	1	904.46	1379.13	
69	7	1	1464.16	1316.7	
70	40	1	809.2	1322.33	
71	76	1	783.95	1201.5	
72	1	1	432.56	1177	
73	57	1	1274.37	782.8	
74	1	1	828.81	1243.3	
75	1	1	1581.66	1345.51	
76	44	1	798.3	1229.6	
77	124	1	1216.57	819.61	
78	259	1	1398.33	1220.46	
79	124	1	1247.1	794.19	
80	6	1	738.96	1310.93	
81	0	0	1316.8	929.73	
82	0	0	1197.22	872.6	
83	0	0	1194.28	860.3	
84	0	0	1106.27	1131.53	
85	0	0	1455.96	838.91	
86	0	0	926.63	1280.86	
87	0	0	1006.38	732.29	
88	0	0	974.92	986.42	
89	0	0	468.26	1169	
90	0	0	1723.38	873.52	
91	0	0	1730.34	972.34	
92	0	0	1589.43	1060.2	
93	0	0	1653.26	805.33	
94	0	0	632.74	1145.72	
95	0	0	1687.93	853.37	
96	0	0	1113.1	1129.13	
97	0	0	1125.9	714.42	
98	0	0	1187.38	749.1	
99	0	0	1511.68	1214.75	
100	0	0	1504.69	1258.7	
101	0	0	1443.66	696.5	
102	0	0	1474.39	654.46	
103	0	0	1090.1	1334.87	
104	0	0	1467.64	1086.76	
105	0	0	1490.15	1056.67	
106	0	0	1128.88	899.55	
107	0	0	1086.21	862.82	
108	0	0	1039.93	943.67	
109	0	0	1031.65	886.25	
110	0	0	1043.35	1275.5	
111	0	0	1021.84	1206.53	
112	0	0	1482.17	1057.14	
113	0	0	1225.85	1332.68	
114	0	0	1235.93	1289.4	
115	0	0	1026.16	1285.7	
116	0	0	1045.94	1343.18	
117	0	0	1099.74	710.1	
118	0	0	1084.99	1026.5	
119	0	0	1075.47	1009.84	
120	0	0	1005.64	845.3	
121	0	0	1028.88	1082.99	
122	0	0	1020.28	1098.69	
123	0	0	963.34	947.94	
124	0	0	979.65	937.1	
125	0	0	1687.13	1123.11	
126	0	0	1732.5	986.43	
127	0	0	1711.73	1181.29	
128	0	0	1748.23	1041.82	
129	0	0	945.65	955.67	
130	0	0	1516.83	1029.74	
131	0	0	1530.96	1006.88	
132	0	0	863.53	1387.94	
133	0	0	895.98	1397.63	
134	0	0	1472.58	1203.44	
135	0	0	1449.43	1214.32	
136	0	0	963.39	1275.4	
137	0	0	1009.31	1394.8	
138	0	0	997.57	1435.2	
139	0	0	964.76	1187.94	
140	0	0	1349.73	1018.11	
141	0	0	1496.9	853.87	
142	0	0	1014.32	782.4	
143	0	0	1018.58	757.39	
144	0	0	990.52	1345.46	
145	0	0	944.55	1379.21	
146	0	0	1417.89	1118.1	
147	0	0	1200	1286.35	
148	0	0	1202.4	1323.58	
149	0	0	1075.76	1154.42	
150	0	0	1041.3	1103.34	
151	0	0	683.89	859.34	
152	0	0	758.41	903.72	
153	0	0	1098.52	986.25	
154	0	0	872.97	1043.53	
155	0	0	903.37	1106.56	
156	0	0	890.44	1304.77	
157	0	0	1522.24	772.4	
158	0	0	1387.95	1142.5	
159	0	0	1356.49	1128.4	
160	0	0	924.98	1274.3	
161	0	0	969.81	1274.95	
162	0	0	922.41	1296.98	
163	0	0	821.93	1155.39	
164	0	0	1601.24	983.63	
165	0	0	1018.72	1122.49	
166	0	0	1025.71	1185.17	
167	0	0	1368.49	1283.27	
168	0	0	1296.65	1226.92	
169	0	0	882.71	1277.19	
170	0	0	1138.86	1296.29	
171	0	0	1139.42	1336.16	
172	0	0	1430.37	719.62	
173	0	0	1547.2	779	
174	0	0	1598.2	810.33	
175	0	0	1661.87	832.39	
176	0	0	1673.72	822.77	
177	0	0	1426.71	1432.23	
178	0	0	1471.43	1431.39	
179	0	0	1058	763.44	
180	0	0	1040.42	748.4	
181	0	0	1554.44	947.72	
182	0	0	1588.9	965.68	
183	0	0	1376.43	1039.3	
184	0	0	1424.6	1073.2	
185	0	0	1703.55	893.21	
186	0	0	929.93	1379.94	
187	0	0	1186.46	970.29	
188	0	0	1208.99	945.58	
189	0	0	1330.16	1054.17	
190	0	0	1586.54	1432.99	
191	0	0	1621.2	1416.96	
192	0	0	1452.9	1170.89	
193	0	0	1431.52	1182.19	
194	0	0	1320.22	1005.8	
195	0	0	1303.8	1028.18	
196	0	0	1137.88	922.87	
197	0	0	1114.16	947.21	
198	0	0	1215.85	1347.9	
199	0	0	1020.23	936.75	
200	0	0	1041.47	1001.36	
201	0	0	1042.24	949.11	
202	0	0	1189.75	1121.39	
203	0	0	1190.37	1069.7	
204	0	0	1175.8	1381.12	
205	0	0	1177.25	1412.72	
206	0	0	1404.69	778.35	
207	0	0	955.2	691.31	
208	0	0	936.74	738.65	
209	0	0	1526.69	901.44	
210	0	0	1143.91	1405.74	
211	0	0	1154.35	1384.64	
212	0	0	1572.16	917.75	
213	0	0	1232.75	924.59	
214	0	0	1195.17	910.66	
215	0	0	1156.9	966.65	
216	0	0	1478.5	1309.24	
217	0	0	973.39	688.44	
218	0	0	988.87	697.75	
219	0	0	1292.27	1102.3	
220	0	0	1313.9	1063.88	
221	0	0	1375.13	672.38	
222	0	0	1423.31	717.7	
223	0	0	1417.2	1127.14	
224	0	0	1137.24	800.94	
225	0	0	1082.23	790.12	
226	0	0	1284.89	1051.24	
227	0	0	1264.47	1073.36	
228	0	0	1099.11	1038.84	
229	0	0	1509.48	1145.12	
230	0	0	1489.21	1161.66	
231	0	0	1486.2	1109.46	
232	0	0	1463.85	1125.11	
233	0	0	1150.13	1363.35	
234	0	0	1196.26	1343.54	
235	0	0	1032.83	1381.91	
236	0	0	1124.24	1400.97	
237	0	0	1049.48	1400	
238	0	0	1160.66	1422.78	
239	0	0	1395.61	1343.51	
240	0	0	1356.6	809.83	
241	0	0	1570.14	1064.6	
242	0	0	1555.28	1038.74	
243	0	0	1552.59	1019.71	
244	0	0	1009.95	702.44	
245	0	0	1015.1	625.9	
246	0	0	1313	1140.25	
247	0	0	1317.93	1152.49	
248	0	0	1188.94	903.54	
249	0	0	1157.74	894.53	
250	0	0	474.37	1224.41	
251	0	0	744.26	1293.6	
252	0	0	1377.81	1266.62	
253	0	0	1359.24	1209.29	
254	0	0	1300.93	1218.82	
255	0	0	981.12	1131.69	
256	0	0	1330.21	853.79	
257	0	0	1321.32	860.31	
258	0	0	1630.97	1270.98	
259	0	0	1576.19	1202.97	
260	0	0	757.63	1313.46	
261	0	0	753.42	1298.54	
262	0	0	880.54	983.18	
263	0	0	1370.57	1059.82	
264	0	0	1225.11	1007.74	
265	0	0	1133.1	983.2	
266	0	0	847.59	1400.78	
267	0	0	1439.79	1209.47	
268	0	0	1309.73	1187.31	
269	0	0	1482.91	1244.7	
270	0	0	1216.8	982.99	
271	0	0	1444.79	801.88	
272	0	0	1314.68	1059.77	
273	0	0	1318.29	1057.3	
274	0	0	1224.27	1002.25	
275	0	0	1779.12	1418.12	
276	0	0	1360.23	844.28	
277	0	0	1367.56	831.8	
278	0	0	1662.36	1261.35	
279	0	0	1574.72	1186.94	
280	0	0	1096.52	1139.13	
281	0	0	1073.32	1049.2	
282	0	0	1462	670.9	
283	0	0	1187.36	1282.69	
284	0	0	1016.22	1371.92	
285	0	0	1416.22	1247.2	
286	0	0	1416.78	823.82	
287	0	0	1437.9	832.56	
288	0	0	1453.27	1132.4	
289	0	0	1538.44	1042.56	
290	0	0	513.94	1032.36	
291	0	0	1557.75	1337.17	
292	0	0	1552.66	1305.41	
293	0	0	1485.8	1447.74	
294	0	0	1051.86	862.6	
295	0	0	1112.96	934.12	
296	0	0	1459.13	771.1	
297	0	0	1437.27	756.33	
298	0	0	1151.35	644.86	
299	0	0	1278.53	700.92	
300	0	0	1528.29	1334.68	
301	0	0	1553.31	1418.29	
302	0	0	1507.45	1353.79	
303	0	0	1521.67	1330.77	
304	0	0	1472.33	745.8	
305	0	0	971.56	846.73	
306	0	0	1000.77	837.58	
307	0	0	1525.44	1300.66	
308	0	0	1522.61	1288.8	
309	0	0	967.26	901.89	
310	0	0	973.72	892.55	
311	0	0	985.91	1216.56	
312	0	0	1367.72	1354.23	
313	0	0	1133.6	898.9	
314	0	0	992.13	1291.38	
315	0	0	977.66	1277.53	
316	0	0	1179.73	1284.85	
317	0	0	1698.84	1263.43	
318	0	0	1726.52	1368.57	
319	0	0	1285.66	1242.39	
320	0	0	1388.84	807.67	
321	0	0	1366.43	631.96	
322	0	0	1352.71	663.72	
323	0	0	1628.85	817.34	
324	0	0	1499.59	1430.13	
325	0	0	1505.18	1415.79	
326	0	0	1199.29	1428.52	
327	0	0	840.86	1229.81	
328	0	0	812.2	1222.29	
329	0	0	791.1	1239.96	
330	0	0	826.95	1267.98	
331	0	0	483.71	1208.12	
332	0	0	739.99	1295.7	
333	0	0	888.43	977.59	
334	0	0	956.21	913.44	
335	0	0	1418.17	1189.42	
336	0	0	1071.99	956.47	
337	0	0	1123.81	914.86	
338	0	0	1011.62	799.12	
339	0	0	1607.51	1353.39	
340	0	0	825.86	788.89	
341	0	0	679.75	847.36	
342	0	0	784.89	1236.2	
343	0	0	1192.8	1064.61	
344	0	0	996.34	781.89	
345	0	0	973.31	794.4	
346	0	0	979.55	805.2	
347	0	0	1137.21	890.53	
348	0	0	1468.47	1188.4	
349	0	0	1481.14	1163.49	
350	0	0	1457.22	722.84	
351	0	0	1236.42	1035.61	
352	0	0	1294.8	1039.95	
353	0	0	1496.35	1118.57	
354	0	0	1551.35	1093.16	
355	0	0	1329.6	1348.67	
356	0	0	1047.42	729.7	
357	0	0	1278.46	781.16	
358	0	0	1272.13	784.94	
359	0	0	1258.45	726.8	
360	0	0	939.68	958.65	
361	0	0	1465.84	1149.97	
362	0	0	1092.89	706.45	
363	0	0	1515.83	1418.74	
364	0	0	1316.87	820.11	
365	0	0	1116.92	935.19	
366	0	0	1127.81	915.69	
367	0	0	1177.3	925.97	
368	0	0	1545.44	1154.65	
369	0	0	1577.18	1142.95	
370	0	0	1432.4	1346.61	
371	0	0	1379.2	1170.96	
372	0	0	1260	1073.6	
373	0	0	1306.17	971.29	
374	0	0	1324.33	940.79	
375	0	0	1055.83	1019.1	
376	0	0	951.12	815.7	
377	0	0	770.54	1218.69	
378	0	0	1629.26	1019.91	
379	0	0	1330.25	879.4	
380	0	0	1349.95	860.42	
381	0	0	1356.25	889.3	
382	0	0	1377.4	895.83	
383	0	0	906.86	684.58	
384	0	0	1476.75	732.92	
385	0	0	1450.89	1441.45	
386	0	0	870.68	1364.86	
387	0	0	875.71	1319.93	
388	0	0	834.65	1317.18	
389	0	0	1442.69	1136.6	
390	0	0	1622.23	1122.95	
391	0	0	1552.76	1164.65	
392	0	0	1586.3	1093.35	
393	0	0	1393.17	1174.21	
394	0	0	1595.77	975.14	
395	0	0	1048.9	1030.29	
396	0	0	1055.92	1161.96	
397	0	0	1110.98	1257.92	
398	0	0	1135.36	1174.82	
399	0	0	1428.24	842.46	
400	0	0	859.27	1235.36	
401	0	0	1628.44	1296.4	
402	0	0	1249.51	965.96	
403	0	0	1568.35	1078.2	
404	0	0	1316.69	893.39	
405	0	0	1321.62	887.45	
406	0	0	1087.16	962.47	
407	0	0	1180.34	1127.32	
408	0	0	1084.63	1152.64	
409	0	0	1429.48	1075.53	
410	0	0	1438.21	1079.83	
411	0	0	748.27	1248.54	
412	0	0	1735	1435.95	
413	0	0	456.5	1174.38	
414	0	0	1201.68	1342.42	
415	0	0	780.1	1185.47	
416	0	0	407.84	933.3	
417	0	0	1576.91	1058.8	
418	0	0	1697.56	879.98	
419	0	0	1569.36	1203.7	
420	0	0	859.72	1379.27	
421	0	0	1328.44	777.14	
422	0	0	578.63	1117.45	
423	0	0	1110.96	949.96	
424	0	0	1146.22	912.27	
425	0	0	1394.98	1421.7	
426	0	0	1265.42	935.21	
427	0	0	780.12	1330.1	
428	0	0	1310.62	921.65	
429	0	0	773.19	1215.88	
430	0	0	820.72	1351.15	
431	0	0	862.73	1276.47	
432	0	0	1209.29	1323.57	
433	0	0	596.6	725.35	
434	0	0	1596.44	1083.16	
435	0	0	1090.98	960.86	
436	0	0	1102.15	983.68	
437	0	0	1445.43	1150.4	
438	0	0	1072.1	778	
439	0	0	1461.97	1309.9	
440	0	0	1142.96	974.72	
441	0	0	1113.63	975.8	
442	0	0	546.52	1106.22	
443	0	0	882.74	1302.1	
444	0	0	1758.56	1391.6	
445	0	0	1545.6	1158.98	
446	0	0	1250.45	801.75	
447	0	0	1289.47	916.22	
448	0	0	1218.51	830.47	
					
----------EDGES----------					
INDEX-I	INDEX-J	QTY	IS-REQUIRED	TR-COST	
97	98	177	1	52	
99	100	60	1	26	
101	102	116	1	47	
103	6	40	1	29	
7	99	1	1	22	
104	105	37	1	20	
106	107	53	1	29	
108	109	46	1	30	
110	111	142	1	40	
105	112	42	1	6	
113	114	95	1	26	
115	116	98	1	41	
117	97	32	1	20	
118	119	48	1	12	
109	120	86	1	30	
121	122	97	1	11	
123	124	12	1	15	
125	126	52	1	87	
127	128	48	1	97	
129	123	77	1	16	
130	131	80	1	14	
132	133	93	1	34	
134	135	136	1	16	
136	86	23	1	30	
137	138	90	1	37	
27	139	26	1	57	
140	141	60	1	96	
142	143	46	1	16	
144	145	81	1	49	
33	146	106	1	12	
147	148	34	1	28	
149	150	50	1	40	
151	152	21	1	54	
119	153	83	1	16	
154	155	16	1	47	
86	156	31	1	31	
141	157	35	1	40	
158	159	126	1	21	
160	161	7	1	25	
136	162	4	1	37	
163	27	24	1	47	
49	164	74	1	12	
165	166	123	1	37	
167	168	143	1	53	
169	160	7	1	22	
170	171	104	1	25	
172	101	7	1	18	
173	174	13	1	42	
175	176	17	1	11	
177	178	118	1	33	
179	180	51	1	16	
181	182	35	1	23	
183	184	139	1	34	
128	126	7	1	42	
56	185	30	1	59	
186	36	68	1	48	
187	188	75	1	22	
189	140	100	1	25	
190	191	1	1	29	
192	193	120	1	15	
1	167	145	1	20	
162	156	7	1	29	
194	195	65	1	16	
196	197	31	1	21	
198	113	111	1	12	
199	124	63	1	26	
200	201	105	1	29	
202	203	143	1	45	
204	205	207	1	25	
206	62	7	1	12	
131	181	102	1	30	
207	208	51	1	39	
141	209	16	1	30	
210	211	172	1	16	
212	174	150	1	56	
213	214	69	1	21	
187	215	46	1	21	
60	216	126	1	10	
217	218	1	1	14	
219	220	92	1	24	
221	222	0	0	35	
223	40	0	0	12	
224	225	0	0	35	
226	227	0	0	18	
211	204	0	0	15	
96	228	0	0	67	
229	230	0	0	17	
231	232	0	0	16	
233	234	0	0	34	
233	211	0	0	15	
235	236	0	0	63	
237	238	0	0	70	
239	1	0	0	27	
1	54	0	0	58	
240	2	0	0	9	
241	242	0	0	22	
242	243	0	0	14	
244	245	0	0	55	
246	247	0	0	8	
248	249	0	0	18	
250	251	0	0	174	
252	167	0	0	14	
252	253	0	0	42	
168	254	0	0	6	
122	255	0	0	32	
256	257	0	0	8	
258	259	0	0	52	
260	261	0	0	11	
154	262	0	0	36	
212	3	0	0	35	
263	33	0	0	46	
137	4	0	0	8	
264	265	0	0	64	
266	251	0	0	108	
233	236	0	0	35	
237	266	0	0	121	
267	78	0	0	31	
247	268	0	0	20	
100	269	0	0	16	
270	187	0	0	23	
5	271	0	0	18	
220	272	0	0	3	
272	273	0	0	3	
264	274	0	0	4	
276	277	0	0	9	
278	279	0	0	71	
280	281	0	0	81	
101	282	0	0	30	
283	147	0	0	8	
235	284	0	0	13	
135	285	0	0	33	
286	287	0	0	13	
288	104	0	0	31	
6	110	0	0	27	
103	171	0	0	33	
242	289	0	0	12	
89	290	0	0	105	
291	292	0	0	24	
107	8	0	0	15	
8	294	0	0	12	
295	109	0	0	63	
290	151	0	0	134	
296	297	0	0	18	
298	299	0	0	80	
300	301	0	0	59	
302	303	0	0	17	
9	304	0	0	12	
305	306	0	0	19	
235	237	0	0	17	
122	165	0	0	15	
307	308	0	0	8	
292	307	0	0	19	
291	300	0	0	20	
309	310	0	0	8	
311	111	0	0	25	
105	130	0	0	18	
147	114	0	0	21	
100	60	0	0	29	
239	312	0	0	20	
313	106	0	0	3	
314	315	0	0	13	
170	316	0	0	22	
233	171	0	0	20	
311	315	0	0	38	
317	318	0	0	71	
306	120	0	0	6	
114	10	0	0	8	
10	319	0	0	28	
320	206	0	0	22	
286	11	0	0	9	
322	321	0	0	27	
323	175	0	0	25	
324	325	0	0	11	
160	86	0	0	5	
284	116	0	0	29	
238	326	0	0	24	
327	328	0	0	25	
329	330	0	0	28	
331	332	0	0	159	
220	159	0	0	45	
333	334	0	0	57	
309	334	0	0	11	
267	335	0	0	17	
286	320	0	0	18	
240	277	0	0	16	
336	201	0	0	20	
295	337	0	0	17	
290	12	0	0	46	
338	142	0	0	11	
258	278	0	0	26	
123	201	0	0	51	
339	191	0	0	49	
340	341	0	0	121	
290	51	0	0	56	
342	13	0	0	17	
343	228	0	0	52	
344	14	0	0	5	
142	14	0	0	12	
345	346	0	0	9	
347	224	0	0	43	
348	349	0	0	18	
9	350	0	0	8	
5	15	0	0	16	
264	351	0	0	19	
352	16	0	0	31	
267	135	0	0	7	
17	353	0	0	35	
17	354	0	0	8	
113	355	0	0	59	
244	356	0	0	36	
207	22	0	0	57	
350	172	0	0	15	
357	358	0	0	5	
358	359	0	0	29	
129	360	0	0	5	
351	227	0	0	30	
306	30	0	0	21	
192	361	0	0	16	
111	166	0	0	14	
103	116	0	0	33	
110	115	0	0	13	
339	18	0	0	25	
356	362	0	0	36	
325	363	0	0	8	
324	363	0	0	15	
19	20	0	0	9	
289	354	0	0	33	
255	155	0	0	55	
257	21	0	0	6	
21	364	0	0	27	
365	366	0	0	16	
117	362	0	0	6	
98	224	0	0	38	
367	214	0	0	15	
249	347	0	0	13	
168	319	0	0	11	
368	369	0	0	18	
369	23	0	0	29	
252	285	0	0	34	
278	317	0	0	29	
99	134	0	0	25	
275	128	0	0	236	
112	184	0	0	45	
112	24	0	0	6	
322	299	0	0	41	
239	370	0	0	24	
10	25	0	0	37	
283	25	0	0	5	
253	371	0	0	27	
227	372	0	0	3	
11	26	0	0	43	
373	374	0	0	21	
375	200	0	0	14	
125	28	0	0	47	
376	208	0	0	50	
269	135	0	0	25	
377	29	0	0	27	
346	30	0	0	7	
17	31	0	0	14	
247	371	0	0	33	
356	180	0	0	14	
345	376	0	0	25	
253	254	0	0	40	
378	32	0	0	9	
305	340	0	0	112	
319	355	0	0	78	
379	380	0	0	14	
26	381	0	0	11	
374	382	0	0	38	
340	383	0	0	116	
118	228	0	0	12	
299	34	0	0	18	
100	308	0	0	21	
180	143	0	0	16	
350	384	0	0	13	
165	150	0	0	25	
35	157	0	0	16	
310	199	0	0	37	
7	368	0	0	21	
178	385	0	0	17	
314	144	0	0	34	
386	36	0	0	16	
36	387	0	0	19	
145	186	0	0	11	
37	388	0	0	54	
296	304	0	0	21	
304	384	0	0	10	
207	383	0	0	50	
14	346	0	0	19	
288	389	0	0	7	
38	390	0	0	31	
390	39	0	0	14	
390	391	0	0	46	
392	391	0	0	51	
298	362	0	0	57	
40	393	0	0	21	
32	394	0	0	34	
154	163	0	0	72	
121	395	0	0	28	
86	162	0	0	11	
9	297	0	0	37	
396	149	0	0	14	
121	149	0	0	66	
397	398	0	0	45	
145	41	0	0	40	
11	399	0	0	13	
169	400	0	0	31	
250	42	0	0	54	
207	217	0	0	14	
401	61	0	0	36	
359	299	0	0	18	
127	28	0	0	6	
43	402	0	0	16	
16	44	0	0	25	
369	31	0	0	25	
98	359	0	0	39	
31	403	0	0	33	
404	405	0	0	5	
325	45	0	0	17	
262	152	0	0	78	
200	406	0	0	43	
279	391	0	0	16	
398	407	0	0	33	
398	408	0	0	33	
409	410	0	0	6	
409	46	0	0	7	
12	94	0	0	41	
261	411	0	0	31	
315	161	0	0	6	
412	318	0	0	49	
166	396	0	0	26	
303	307	0	0	18	
89	413	0	0	10	
201	108	0	0	4	
292	61	0	0	38	
172	222	0	0	5	
204	414	0	0	30	
234	414	0	0	4	
283	316	0	0	5	
262	333	0	0	7	
163	415	0	0	36	
327	400	0	0	14	
381	382	0	0	16	
225	47	0	0	19	
281	395	0	0	26	
246	159	0	0	29	
27	400	0	0	32	
377	415	0	0	23	
243	417	0	0	31	
95	418	0	0	23	
175	95	0	0	25	
419	259	0	0	5	
279	259	0	0	10	
228	153	0	0	44	
89	331	0	0	34	
132	420	0	0	7	
389	223	0	0	15	
357	421	0	0	31	
302	370	0	0	45	
143	87	0	0	20	
241	403	0	0	10	
48	49	0	0	17	
422	50	0	0	56	
2	256	0	0	36	
276	380	0	0	11	
39	392	0	0	13	
363	301	0	0	29	
287	399	0	0	9	
351	44	0	0	12	
374	81	0	0	9	
423	197	0	0	3	
367	424	0	0	25	
325	178	0	0	26	
425	177	0	0	24	
312	425	0	0	52	
288	361	0	0	13	
404	52	0	0	14	
26	380	0	0	15	
13	411	0	0	10	
246	219	0	0	21	
274	44	0	0	16	
294	337	0	0	55	
313	366	0	0	11	
294	109	0	0	19	
125	38	0	0	22	
40	158	0	0	8	
317	28	0	0	49	
372	202	0	0	37	
378	164	0	0	35	
253	53	0	0	8	
312	355	0	0	25	
295	55	0	0	31	
295	365	0	0	3	
394	56	0	0	41	
418	185	0	0	11	
104	410	0	0	15	
353	229	0	0	16	
245	22	0	0	39	
33	410	0	0	16	
140	183	0	0	20	
371	158	0	0	19	
337	366	0	0	3	
270	274	0	0	14	
270	402	0	0	24	
53	268	0	0	34	
365	197	0	0	9	
3	181	0	0	16	
212	181	0	0	20	
426	213	0	0	18	
323	174	0	0	23	
316	57	0	0	8	
329	342	0	0	5	
260	427	0	0	23	
352	195	0	0	9	
170	19	0	0	10	
6	19	0	0	23	
110	397	0	0	44	
256	379	0	0	18	
308	419	0	0	62	
52	428	0	0	19	
311	139	0	0	23	
144	41	0	0	16	
305	310	0	0	29	
285	78	0	0	28	
342	429	0	0	15	
254	268	0	0	20	
155	27	0	0	68	
313	347	0	0	6	
106	337	0	0	11	
29	94	0	0	49	
386	430	0	0	36	
272	352	0	0	20	
151	341	0	0	9	
431	58	0	0	15	
257	405	0	0	18	
421	59	0	0	7	
157	173	0	0	18	
385	293	0	0	28	
234	432	0	0	19	
402	426	0	0	23	
48	434	0	0	27	
149	408	0	0	6	
280	408	0	0	11	
269	54	0	0	32	
378	48	0	0	11	
184	409	0	0	4	
423	435	0	0	15	
265	436	0	0	20	
2	276	0	0	17	
240	421	0	0	32	
136	161	0	0	5	
244	87	0	0	23	
333	360	0	0	37	
385	177	0	0	20	
20	397	0	0	14	
258	401	0	0	18	
389	437	0	0	9	
360	88	0	0	40	
225	438	0	0	11	
117	438	0	0	59	
370	439	0	0	34	
55	435	0	0	10	
336	55	0	0	4	
305	376	0	0	24	
335	393	0	0	16	
32	185	0	0	90	
140	194	0	0	18	
249	424	0	0	14	
354	403	0	0	16	
266	420	0	0	21	
419	61	0	0	43	
213	188	0	0	21	
153	436	0	0	3	
341	433	0	0	86	
250	331	0	0	14	
275	412	0	0	47	
324	293	0	0	16	
248	214	0	0	6	
222	62	0	0	36	
251	332	0	0	3	
260	332	0	0	33	
273	140	0	0	33	
427	430	0	0	34	
281	118	0	0	18	
241	417	0	0	6	
263	189	0	0	27	
334	124	0	0	23	
18	401	0	0	22	
29	63	0	0	24	
215	440	0	0	10	
265	440	0	0	9	
440	441	0	0	20	
89	442	0	0	107	
442	64	0	0	15	
435	436	0	0	16	
348	134	0	0	10	
344	345	0	0	19	
297	15	0	0	8	
156	443	0	0	6	
377	429	0	0	3	
326	425	0	0	103	
146	223	0	0	6	
382	399	0	0	42	
407	202	0	0	7	
379	405	0	0	7	
424	196	0	0	9	
8	47	0	0	23	
306	338	0	0	23	
338	47	0	0	48	
169	443	0	0	16	
236	210	0	0	14	
287	271	0	0	21	
296	271	0	0	25	
309	201	0	0	55	
444	65	0	0	8	
202	66	0	0	21	
387	388	0	0	33	
148	432	0	0	5	
171	148	0	0	37	
426	67	0	0	16	
386	68	0	0	27	
186	68	0	0	20	
133	68	0	0	15	
343	372	0	0	40	
343	203	0	0	4	
200	88	0	0	53	
388	58	0	0	19	
330	37	0	0	16	
348	192	0	0	14	
361	349	0	0	13	
439	69	0	0	5	
352	226	0	0	9	
38	39	0	0	26	
179	438	0	0	14	
12	422	0	0	17	
344	143	0	0	26	
411	429	0	0	22	
394	164	0	0	7	
388	70	0	0	21	
415	71	0	0	13	
387	443	0	0	13	
335	193	0	0	10	
383	208	0	0	46	
217	208	0	0	82	
414	198	0	0	10	
284	41	0	0	12	
302	45	0	0	26	
3	209	0	0	16	
115	314	0	0	22	
391	445	0	0	6	
119	375	0	0	12	
336	406	0	0	10	
406	435	0	0	3	
419	445	0	0	26	
368	445	0	0	3	
413	72	0	0	21	
137	284	0	0	17	
289	130	0	0	16	
373	194	0	0	19	
263	183	0	0	15	
185	91	0	0	51	
238	210	0	0	16	
169	431	0	0	12	
358	73	0	0	3	
357	446	0	0	24	
108	55	0	0	22	
199	108	0	0	12	
373	67	0	0	14	
426	447	0	0	18	
404	447	0	0	22	
428	447	0	0	14	
12	442	0	0	27	
153	406	0	0	16	
328	71	0	0	26	
417	92	0	0	9	
416	51	0	0	29	
367	215	0	0	27	
381	52	0	0	16	
330	74	0	0	20	
437	193	0	0	24	
192	437	0	0	13	
371	393	0	0	9	
322	221	0	0	15	
243	131	0	0	17	
23	434	0	0	8	
318	444	0	0	38	
418	90	0	0	20	
43	67	0	0	23	
384	35	0	0	21	
339	75	0	0	21	
328	76	0	0	13	
329	76	0	0	20	
448	77	0	0	8	
273	189	0	0	8	
7	229	0	0	21	
227	219	0	0	20	
190	301	0	0	29	
320	59	0	0	31	
253	78	0	0	32	
300	303	0	0	6	
387	430	0	0	49	
126	91	0	0	10	
150	396	0	0	44	
255	139	0	0	38	
121	150	0	0	16	
16	43	0	0	15	
327	74	0	0	13	
446	79	0	0	6	
330	431	0	0	22	
434	92	0	0	26	
176	93	0	0	25	
323	93	0	0	23	
113	432	0	0	12	
427	70	0	0	28	
261	80	0	0	13	
277	320	0	0	20	
5	206	0	0	14	
15	62	0	0	14	
288	232	0	0	8	
94	422	0	0	51	
95	176	0	0	53	
407	96	0	0	43	
104	231	0	0	15	
436	441	0	0	10	
423	441	0	0	19	
353	231	0	0	8	
18	318	0	0	95	
23	392	0	0	3	
394	182	0	0	8	
244	218	0	0	17	
275	444	0	0	35	
428	81	0	0	7	
386	420	0	0	14	
439	216	0	0	11	
448	82	0	0	29	
82	83	0	0	9	
280	84	0	0	8	
96	84	0	0	5	
287	85	0	0	12	
141	85	0	0	25	
248	82	0	0	19	
377	71	0	0	28	
375	395	0	0	8	
291	75	0	0	19	
446	448	0	0	29	
349	230	0	0	6	
					
-----------ARCS----------					
INDEX-I	INDEX-J	QTY	IS-REQUIRED	TR-COST	
					
----------TURNS----------					
INDEX-I	INDEX-J	INDEX-K	COST	TYPE	
1	54	1	40	U	
1	54	269	8	F	
1	167	1	40	U	
1	167	168	8	F	
1	167	252	24	L	
1	239	1	40	U	
1	239	312	24	L	
1	239	370	8	F	
2	240	2	40	U	
2	240	277	24	L	
2	240	421	8	F	
2	256	2	40	U	
2	256	257	8	F	
2	256	379	0	R	
2	276	2	40	U	
2	276	277	0	R	
2	276	380	8	F	
3	181	3	40	U	
3	181	131	24	L	
3	181	182	8	F	
3	181	212	0	R	
3	209	3	40	U	
3	209	141	8	F	
3	212	3	40	U	
3	212	174	8	F	
3	212	181	24	L	
4	137	4	40	U	
4	137	138	0	R	
4	137	284	8	F	
5	15	5	40	U	
5	15	62	0	R	
5	15	297	8	F	
5	206	5	40	U	
5	206	62	24	L	
5	206	320	8	F	
5	271	5	40	U	
5	271	287	8	F	
5	271	296	0	R	
6	19	6	40	U	
6	19	20	0	R	
6	19	170	8	F	
6	103	6	40	U	
6	103	116	24	L	
6	103	171	8	F	
6	110	6	40	U	
6	110	111	8	F	
6	110	115	0	R	
6	110	397	24	L	
7	99	7	40	U	
7	99	100	8	F	
7	99	134	24	L	
7	229	7	40	U	
7	229	230	0	R	
7	229	353	8	F	
7	368	7	40	U	
7	368	369	8	F	
7	368	445	24	L	
8	47	8	40	U	
8	47	225	8	F	
8	47	338	0	R	
8	107	8	40	U	
8	107	106	8	F	
8	294	8	40	U	
8	294	109	8	F	
8	294	337	0	R	
9	297	9	40	U	
9	297	15	8	F	
9	297	296	0	R	
9	304	9	40	U	
9	304	296	8	F	
9	304	384	0	R	
9	350	9	40	U	
9	350	172	8	F	
9	350	384	24	L	
10	25	10	40	U	
10	25	283	8	F	
10	114	10	40	U	
10	114	113	8	F	
10	114	147	24	L	
10	319	10	40	U	
10	319	168	8	F	
10	319	355	24	L	
11	26	11	40	U	
11	26	380	24	L	
11	26	381	8	F	
11	286	11	40	U	
11	286	287	24	L	
11	286	320	8	F	
11	399	11	40	U	
11	399	287	8	F	
11	399	382	24	L	
12	94	12	40	U	
12	94	29	8	F	
12	94	422	24	L	
12	290	12	40	U	
12	290	51	8	F	
12	290	89	0	R	
12	290	151	24	L	
12	422	12	40	U	
12	422	50	24	L	
12	422	94	8	F	
12	442	12	40	U	
12	442	64	24	L	
12	442	89	8	F	
13	342	13	40	U	
13	342	329	8	F	
13	342	429	0	R	
13	411	13	40	U	
13	411	261	8	F	
13	411	429	24	L	
14	142	14	40	U	
14	142	143	8	F	
14	142	338	24	L	
14	344	14	40	U	
14	344	143	8	F	
14	344	345	0	R	
14	346	14	40	U	
14	346	30	8	F	
14	346	345	24	L	
15	5	15	40	U	
15	5	206	24	L	
15	5	271	8	F	
15	62	15	40	U	
15	62	206	8	F	
15	62	222	24	L	
15	297	9	8	F	
15	297	15	40	U	
15	297	296	24	L	
16	43	16	40	U	
16	43	67	24	L	
16	43	402	8	F	
16	44	16	40	U	
16	44	274	24	L	
16	44	351	8	F	
16	352	16	40	U	
16	352	195	0	R	
16	352	226	24	L	
16	352	272	8	F	
17	31	17	40	U	
17	31	369	8	F	
17	31	403	0	R	
17	353	17	40	U	
17	353	229	0	R	
17	353	231	8	F	
17	354	17	40	U	
17	354	289	8	F	
17	354	403	24	L	
18	318	18	40	U	
18	318	317	0	R	
18	318	412	24	L	
18	318	444	8	F	
18	339	18	40	U	
18	339	75	24	L	
18	339	191	8	F	
18	401	18	40	U	
18	401	61	0	R	
18	401	258	8	F	
19	6	19	40	U	
19	6	103	0	R	
19	6	110	8	F	
19	20	19	40	U	
19	20	397	8	F	
19	170	19	40	U	
19	170	171	24	L	
19	170	316	8	F	
20	19	6	24	L	
20	19	20	40	U	
20	19	170	8	F	
20	397	20	40	U	
20	397	110	0	R	
20	397	398	8	F	
21	257	21	40	U	
21	257	256	0	R	
21	257	405	8	F	
21	364	21	40	U	
22	207	22	40	U	
22	207	208	8	F	
22	207	217	0	R	
22	207	383	24	L	
22	245	22	40	U	
22	245	244	24	L	
23	369	23	40	U	
23	369	31	24	L	
23	369	368	8	F	
23	392	23	40	U	
23	392	39	0	R	
23	392	391	8	F	
23	434	23	40	U	
23	434	48	8	F	
23	434	92	0	R	
24	112	24	40	U	
24	112	105	0	R	
24	112	184	8	F	
25	10	25	40	U	
25	10	114	24	L	
25	10	319	8	F	
25	283	25	40	U	
25	283	147	24	L	
25	283	316	8	F	
26	11	26	40	U	
26	11	286	8	F	
26	11	399	24	L	
26	380	26	40	U	
26	380	276	8	F	
26	380	379	0	R	
26	381	26	40	U	
26	381	52	8	F	
26	381	382	0	R	
27	139	27	40	U	
27	139	255	0	R	
27	139	311	8	F	
27	155	27	40	U	
27	155	154	8	F	
27	155	255	24	L	
27	163	27	40	U	
27	163	154	24	L	
27	163	415	8	F	
27	400	27	40	U	
27	400	169	8	F	
27	400	327	24	L	
28	125	28	40	U	
28	125	38	0	R	
28	125	126	8	F	
28	127	28	40	U	
28	127	128	8	F	
28	317	28	40	U	
28	317	278	24	L	
28	317	318	8	F	
29	63	29	40	U	
29	94	12	24	L	
29	94	29	40	U	
29	94	422	8	F	
29	377	29	40	U	
29	377	71	0	R	
29	377	415	0	R	
29	377	429	8	F	
30	306	30	40	U	
30	306	120	8	F	
30	306	305	24	L	
30	306	338	0	R	
30	346	14	24	L	
30	346	30	40	U	
30	346	345	8	F	
31	17	31	40	U	
31	17	353	8	F	
31	17	354	24	L	
31	369	23	0	R	
31	369	31	40	U	
31	369	368	8	F	
31	403	31	40	U	
31	403	241	8	F	
31	403	354	0	R	
32	185	32	40	U	
32	185	56	0	R	
32	185	91	24	L	
32	185	418	0	R	
32	378	32	40	U	
32	378	48	8	F	
32	378	164	24	L	
32	394	32	40	U	
32	394	56	24	L	
32	394	164	0	R	
32	394	182	8	F	
33	146	33	40	U	
33	146	223	8	F	
33	263	33	40	U	
33	263	183	24	L	
33	263	189	8	F	
33	410	33	40	U	
33	410	104	8	F	
33	410	409	0	R	
34	299	34	40	U	
34	299	298	24	L	
34	299	322	0	R	
34	299	359	8	F	
35	157	35	40	U	
35	157	141	24	L	
35	157	173	8	F	
35	384	35	40	U	
35	384	304	0	R	
35	384	350	8	F	
36	186	36	40	U	
36	186	68	24	L	
36	186	145	8	F	
36	386	36	40	U	
36	386	68	0	R	
36	386	420	8	F	
36	386	430	24	L	
36	387	36	40	U	
36	387	388	0	R	
36	387	430	0	R	
36	387	443	8	F	
37	330	37	40	U	
37	330	74	0	R	
37	330	329	0	R	
37	330	431	8	F	
37	388	37	40	U	
37	388	58	0	R	
37	388	70	24	L	
37	388	387	8	F	
38	39	38	40	U	
38	39	390	0	R	
38	39	392	8	F	
38	125	28	8	F	
38	125	38	40	U	
38	125	126	0	R	
38	390	38	40	U	
38	390	39	24	L	
38	390	391	8	F	
39	38	39	40	U	
39	38	125	8	F	
39	38	390	24	L	
39	390	38	8	F	
39	390	39	40	U	
39	390	391	24	L	
39	392	23	8	F	
39	392	39	40	U	
39	392	391	0	R	
40	158	40	40	U	
40	158	159	8	F	
40	158	371	0	R	
40	223	40	40	U	
40	223	146	8	F	
40	223	389	24	L	
40	393	40	40	U	
40	393	335	8	F	
40	393	371	24	L	
41	144	41	40	U	
41	144	145	0	R	
41	144	314	8	F	
41	145	41	40	U	
41	145	144	24	L	
41	145	186	8	F	
41	284	41	40	U	
41	284	116	0	R	
41	284	137	24	L	
41	284	235	8	F	
42	250	42	40	U	
42	250	251	8	F	
42	250	331	0	R	
43	16	43	40	U	
43	16	44	24	L	
43	16	352	8	F	
43	67	43	40	U	
43	67	373	24	L	
43	67	426	8	F	
43	402	43	40	U	
43	402	270	8	F	
43	402	426	24	L	
44	16	43	8	F	
44	16	44	40	U	
44	16	352	24	L	
44	274	44	40	U	
44	274	264	0	R	
44	274	270	8	F	
44	351	44	40	U	
44	351	227	8	F	
44	351	264	24	L	
45	302	45	40	U	
45	302	303	8	F	
45	302	370	0	R	
45	325	45	40	U	
45	325	178	24	L	
45	325	324	8	F	
45	325	363	0	R	
46	409	46	40	U	
46	409	184	8	F	
46	409	410	0	R	
47	8	47	40	U	
47	8	107	0	R	
47	8	294	8	F	
47	225	47	40	U	
47	225	224	24	L	
47	225	438	8	F	
47	338	47	40	U	
47	338	142	8	F	
47	338	306	0	R	
48	49	48	40	U	
48	49	164	8	F	
48	378	32	8	F	
48	378	48	40	U	
48	378	164	0	R	
48	434	23	8	F	
48	434	48	40	U	
48	434	92	24	L	
49	48	49	40	U	
49	48	378	0	R	
49	48	434	8	F	
49	164	49	40	U	
49	164	378	24	L	
49	164	394	8	F	
50	422	12	0	R	
50	422	50	40	U	
50	422	94	8	F	
51	290	12	8	F	
51	290	51	40	U	
51	290	89	24	L	
51	290	151	0	R	
51	416	51	0	O	
52	381	26	8	F	
52	381	52	40	U	
52	381	382	24	L	
52	404	52	40	U	
52	404	405	24	L	
52	404	447	8	F	
52	428	52	40	U	
52	428	81	0	R	
52	428	447	8	F	
53	253	53	40	U	
53	253	78	8	F	
53	253	252	24	L	
53	253	254	24	L	
53	253	371	0	R	
53	268	53	40	U	
53	268	247	8	F	
53	268	254	0	R	
54	1	54	40	U	
54	1	167	8	F	
54	1	239	0	R	
54	269	54	40	U	
54	269	100	8	F	
54	269	135	0	R	
55	108	55	40	U	
55	108	109	24	L	
55	108	199	8	F	
55	108	201	0	R	
55	295	55	40	U	
55	295	109	0	R	
55	295	337	8	F	
55	295	365	24	L	
55	336	55	40	U	
55	336	201	8	F	
55	336	406	0	R	
55	435	55	40	U	
55	435	406	24	L	
55	435	423	0	R	
55	435	436	8	F	
56	185	32	24	L	
56	185	56	40	U	
56	185	91	24	L	
56	185	418	0	R	
56	394	32	0	R	
56	394	56	40	U	
56	394	164	0	R	
56	394	182	8	F	
57	316	57	40	U	
57	316	170	0	R	
57	316	283	8	F	
58	388	37	24	L	
58	388	58	40	U	
58	388	70	8	F	
58	388	387	0	R	
58	431	58	40	U	
58	431	169	8	F	
58	431	330	0	R	
59	320	59	40	U	
59	320	206	0	R	
59	320	277	24	L	
59	320	286	8	F	
59	421	59	40	U	
59	421	240	0	R	
59	421	357	8	F	
60	100	60	40	U	
60	100	99	8	F	
60	100	269	0	R	
60	100	308	24	L	
60	216	60	40	U	
60	216	439	8	F	
61	292	61	40	U	
61	292	291	0	R	
61	292	307	8	F	
61	401	18	8	F	
61	401	61	40	U	
61	401	258	0	R	
61	419	61	40	U	
61	419	259	24	L	
61	419	308	0	R	
61	419	445	8	F	
62	15	5	24	L	
62	15	62	40	U	
62	15	297	8	F	
62	206	5	0	R	
62	206	62	40	U	
62	206	320	8	F	
62	222	62	40	U	
62	222	172	24	L	
62	222	221	8	F	
63	29	63	40	U	
63	29	94	0	R	
63	29	377	8	F	
64	442	12	8	F	
64	442	64	40	U	
64	442	89	24	L	
65	444	65	40	U	
65	444	275	0	R	
65	444	318	8	F	
66	202	66	40	U	
66	202	203	8	F	
66	202	372	24	L	
66	202	407	0	R	
67	43	16	8	F	
67	43	67	40	U	
67	43	402	24	L	
67	373	67	40	U	
67	373	194	8	F	
67	373	374	0	R	
67	426	67	40	U	
67	426	213	8	F	
67	426	402	0	R	
67	426	447	24	L	
68	133	68	40	U	
68	133	132	8	F	
68	186	36	0	R	
68	186	68	40	U	
68	186	145	8	F	
68	386	36	24	L	
68	386	68	40	U	
68	386	420	0	R	
68	386	430	8	F	
69	439	69	40	U	
69	439	216	8	F	
69	439	370	0	R	
70	388	37	0	R	
70	388	58	0	R	
70	388	70	40	U	
70	388	387	8	F	
70	427	70	40	U	
70	427	260	8	F	
70	427	430	0	R	
71	328	71	40	U	
71	328	76	24	L	
71	328	327	8	F	
71	377	29	8	F	
71	377	71	40	U	
71	377	415	24	L	
71	377	429	0	R	
71	415	71	40	U	
71	415	163	8	F	
71	415	377	0	R	
72	413	72	40	U	
72	413	89	8	F	
73	358	73	40	U	
73	358	357	0	R	
73	358	359	8	F	
74	327	74	40	U	
74	327	328	0	R	
74	327	400	8	F	
74	330	37	8	F	
74	330	74	40	U	
74	330	329	24	L	
74	330	431	0	R	
75	291	75	40	U	
75	291	292	24	L	
75	291	300	8	F	
75	339	18	0	R	
75	339	75	40	U	
75	339	191	8	F	
76	328	71	0	R	
76	328	76	40	U	
76	328	327	8	F	
76	329	76	40	U	
76	329	330	8	F	
76	329	342	24	L	
77	448	77	40	U	
77	448	82	8	F	
77	448	446	0	R	
78	253	53	8	F	
78	253	78	40	U	
78	253	252	0	R	
78	253	254	0	R	
78	253	371	24	L	
78	267	78	40	U	
78	267	135	8	F	
78	267	335	0	R	
78	285	78	40	U	
78	285	135	0	R	
78	285	252	8	F	
79	446	79	40	U	
79	446	357	0	R	
79	446	448	8	F	
80	261	80	40	U	
80	261	260	24	L	
80	261	411	8	F	
81	374	81	40	U	
81	374	373	8	F	
81	374	382	0	R	
81	428	52	24	L	
81	428	81	40	U	
81	428	447	8	F	
82	83	82	40	U	
82	248	82	40	U	
82	248	214	8	F	
82	248	249	24	L	
82	448	77	0	R	
82	448	82	40	U	
82	448	446	8	F	
83	82	83	40	U	
83	82	248	8	F	
83	82	448	0	R	
84	96	84	40	U	
84	96	228	0	R	
84	96	407	8	F	
84	280	84	40	U	
84	280	281	24	L	
84	280	408	8	F	
85	141	85	40	U	
85	141	140	24	L	
85	141	157	0	R	
85	141	209	8	F	
85	287	85	40	U	
85	287	271	24	L	
85	287	286	8	F	
85	287	399	0	R	
86	136	86	40	U	
86	136	161	8	F	
86	136	162	24	L	
86	156	86	40	U	
86	156	162	0	R	
86	156	443	8	F	
86	160	86	40	U	
86	160	161	24	L	
86	160	169	8	F	
86	162	86	40	U	
86	162	136	0	R	
86	162	156	8	F	
87	143	87	40	U	
87	143	142	8	F	
87	143	180	0	R	
87	143	344	24	L	
87	244	87	40	U	
87	244	218	0	R	
87	244	245	8	F	
87	244	356	24	L	
88	200	88	40	U	
88	200	201	0	R	
88	200	375	8	F	
88	200	406	0	R	
88	360	88	40	U	
88	360	129	24	L	
88	360	333	8	F	
89	290	12	24	L	
89	290	51	0	R	
89	290	89	40	U	
89	290	151	8	F	
89	331	89	40	U	
89	331	250	24	L	
89	331	332	8	F	
89	413	72	24	L	
89	413	89	40	U	
89	442	12	8	F	
89	442	64	0	R	
89	442	89	40	U	
90	418	90	40	U	
90	418	95	8	F	
90	418	185	0	R	
91	126	91	40	U	
91	126	125	24	L	
91	126	128	8	F	
91	185	32	0	R	
91	185	56	0	R	
91	185	91	40	U	
91	185	418	8	F	
92	417	92	40	U	
92	417	241	8	F	
92	417	243	24	L	
92	434	23	8	F	
92	434	48	0	R	
92	434	92	40	U	
93	176	93	40	U	
93	176	95	8	F	
93	176	175	24	L	
93	323	93	40	U	
93	323	174	8	F	
93	323	175	0	R	
94	12	94	40	U	
94	12	290	8	F	
94	12	422	0	R	
94	12	442	0	R	
94	29	63	24	L	
94	29	94	40	U	
94	29	377	8	F	
94	422	12	24	L	
94	422	50	8	F	
94	422	94	40	U	
95	175	95	40	U	
95	175	176	24	L	
95	175	323	8	F	
95	176	93	8	F	
95	176	95	40	U	
95	176	175	0	R	
95	418	90	0	R	
95	418	95	40	U	
95	418	185	8	F	
96	84	96	40	U	
96	84	280	8	F	
96	228	96	40	U	
96	228	118	0	R	
96	228	153	8	F	
96	228	343	24	L	
96	407	96	40	U	
96	407	202	8	F	
96	407	398	24	L	
97	98	97	40	U	
97	98	224	24	L	
97	98	359	8	F	
97	117	97	40	U	
97	117	362	8	F	
97	117	438	0	R	
98	97	98	40	U	
98	97	117	8	F	
98	224	98	40	U	
98	224	225	24	L	
98	224	347	8	F	
98	359	98	40	U	
98	359	299	8	F	
98	359	358	24	L	
99	7	99	40	U	
99	7	229	0	R	
99	7	368	8	F	
99	100	60	8	F	
99	100	99	40	U	
99	100	269	24	L	
99	100	308	0	R	
99	134	99	40	U	
99	134	135	8	F	
99	134	348	24	L	
100	60	100	40	U	
100	60	216	8	F	
100	99	7	8	F	
100	99	100	40	U	
100	99	134	0	R	
100	269	54	0	R	
100	269	100	40	U	
100	269	135	8	F	
100	308	100	40	U	
100	308	307	8	F	
100	308	419	0	R	
101	102	101	40	U	
101	172	101	40	U	
101	172	222	8	F	
101	172	350	0	R	
101	282	101	40	U	
102	101	102	40	U	
102	101	172	8	F	
102	101	282	24	L	
103	6	19	24	L	
103	6	103	40	U	
103	6	110	8	F	
103	116	103	40	U	
103	116	115	24	L	
103	116	284	8	F	
103	171	103	40	U	
103	171	148	8	F	
103	171	170	0	R	
103	171	233	24	L	
104	105	104	40	U	
104	105	112	0	R	
104	105	130	8	F	
104	231	104	40	U	
104	231	232	24	L	
104	231	353	8	F	
104	288	104	40	U	
104	288	232	0	R	
104	288	361	0	R	
104	288	389	8	F	
104	410	33	0	R	
104	410	104	40	U	
104	410	409	8	F	
105	104	105	40	U	
105	104	231	0	R	
105	104	288	8	F	
105	104	410	24	L	
105	112	24	24	L	
105	112	105	40	U	
105	112	184	8	F	
105	130	105	40	U	
105	130	131	8	F	
105	130	289	24	L	
106	107	8	8	F	
106	107	106	40	U	
106	313	106	40	U	
106	313	347	8	F	
106	313	366	24	L	
106	337	106	40	U	
106	337	294	24	L	
106	337	295	8	F	
106	337	366	0	R	
107	8	47	8	F	
107	8	107	40	U	
107	8	294	0	R	
107	106	107	40	U	
107	106	313	8	F	
107	106	337	24	L	
108	55	108	40	U	
108	55	295	0	R	
108	55	336	24	L	
108	55	435	8	F	
108	109	108	40	U	
108	109	120	8	F	
108	109	294	24	L	
108	109	295	24	L	
108	199	108	40	U	
108	199	124	8	F	
108	199	310	24	L	
108	201	108	40	U	
108	201	123	24	L	
108	201	200	8	F	
108	201	309	24	L	
108	201	336	0	R	
109	108	55	0	R	
109	108	109	40	U	
109	108	199	24	L	
109	108	201	8	F	
109	120	109	40	U	
109	120	306	8	F	
109	294	8	8	F	
109	294	109	40	U	
109	294	337	24	L	
109	295	55	24	L	
109	295	109	40	U	
109	295	337	0	R	
109	295	365	8	F	
110	6	19	8	F	
110	6	103	24	L	
110	6	110	40	U	
110	111	110	40	U	
110	111	166	8	F	
110	111	311	0	R	
110	115	110	40	U	
110	115	116	0	R	
110	115	314	8	F	
110	397	20	24	L	
110	397	110	40	U	
110	397	398	8	F	
111	110	6	8	F	
111	110	111	40	U	
111	110	115	24	L	
111	110	397	0	R	
111	166	111	40	U	
111	166	165	8	F	
111	166	396	24	L	
111	311	111	40	U	
111	311	139	24	L	
111	311	315	8	F	
112	24	112	40	U	
112	105	104	24	L	
112	105	112	40	U	
112	105	130	8	F	
112	184	112	40	U	
112	184	183	8	F	
112	184	409	0	R	
113	114	10	8	F	
113	114	113	40	U	
113	114	147	0	R	
113	198	113	40	U	
113	198	414	8	F	
113	355	113	40	U	
113	355	312	8	F	
113	355	319	0	R	
113	432	113	40	U	
113	432	148	8	F	
113	432	234	0	R	
114	10	25	0	R	
114	10	114	40	U	
114	10	319	8	F	
114	113	114	40	U	
114	113	198	8	F	
114	113	355	0	R	
114	113	432	24	L	
114	147	114	40	U	
114	147	148	0	R	
114	147	283	8	F	
115	110	6	24	L	
115	110	111	0	R	
115	110	115	40	U	
115	110	397	8	F	
115	116	103	0	R	
115	116	115	40	U	
115	116	284	8	F	
115	314	115	40	U	
115	314	144	0	R	
115	314	315	8	F	
116	103	6	0	R	
116	103	116	40	U	
116	103	171	8	F	
116	115	110	8	F	
116	115	116	40	U	
116	115	314	0	R	
116	284	41	24	L	
116	284	116	40	U	
116	284	137	8	F	
116	284	235	0	R	
117	97	98	8	F	
117	97	117	40	U	
117	362	117	40	U	
117	362	298	24	L	
117	362	356	8	F	
117	438	117	40	U	
117	438	179	24	L	
117	438	225	8	F	
118	119	118	40	U	
118	119	153	8	F	
118	119	375	0	R	
118	228	96	24	L	
118	228	118	40	U	
118	228	153	0	R	
118	228	343	8	F	
118	281	118	40	U	
118	281	280	8	F	
118	281	395	24	L	
119	118	119	40	U	
119	118	228	8	F	
119	118	281	24	L	
119	153	119	40	U	
119	153	228	24	L	
119	153	406	0	R	
119	153	436	8	F	
119	375	119	40	U	
119	375	200	24	L	
119	375	395	8	F	
120	109	108	8	F	
120	109	120	40	U	
120	109	294	0	R	
120	109	295	0	R	
120	306	30	8	F	
120	306	120	40	U	
120	306	305	0	R	
120	306	338	24	L	
121	122	121	40	U	
121	122	165	0	R	
121	122	255	8	F	
121	149	121	40	U	
121	149	150	24	L	
121	149	396	24	L	
121	149	408	8	F	
121	150	121	40	U	
121	150	149	8	F	
121	150	165	24	L	
121	150	396	24	L	
121	395	121	40	U	
121	395	281	24	L	
121	395	375	8	F	
122	121	122	40	U	
122	121	149	24	L	
122	121	150	24	L	
122	121	395	8	F	
122	165	122	40	U	
122	165	150	0	R	
122	165	166	8	F	
122	255	122	40	U	
122	255	139	8	F	
122	255	155	24	L	
123	124	123	40	U	
123	124	199	8	F	
123	124	334	0	R	
123	129	123	40	U	
123	129	360	8	F	
123	201	108	0	R	
123	201	123	40	U	
123	201	200	24	L	
123	201	309	0	R	
123	201	336	8	F	
124	123	124	40	U	
124	123	129	8	F	
124	123	201	0	R	
124	199	108	8	F	
124	199	124	40	U	
124	199	310	0	R	
124	334	124	40	U	
124	334	309	8	F	
124	334	333	0	R	
125	28	125	40	U	
125	28	127	0	R	
125	28	317	8	F	
125	38	39	8	F	
125	38	125	40	U	
125	38	390	0	R	
125	126	91	8	F	
125	126	125	40	U	
125	126	128	24	L	
126	91	126	40	U	
126	91	185	8	F	
126	125	28	8	F	
126	125	38	24	L	
126	125	126	40	U	
126	128	126	40	U	
126	128	127	24	L	
126	128	275	8	F	
127	28	125	24	L	
127	28	127	40	U	
127	28	317	8	F	
127	128	126	8	F	
127	128	127	40	U	
127	128	275	24	L	
128	126	91	8	F	
128	126	125	0	R	
128	126	128	40	U	
128	127	28	8	F	
128	127	128	40	U	
128	275	128	40	U	
128	275	412	24	L	
128	275	444	24	L	
129	123	124	8	F	
129	123	129	40	U	
129	123	201	24	L	
129	360	88	0	R	
129	360	129	40	U	
129	360	333	8	F	
130	105	104	8	F	
130	105	112	24	L	
130	105	130	40	U	
130	131	130	40	U	
130	131	181	8	F	
130	131	243	24	L	
130	289	130	40	U	
130	289	242	8	F	
130	289	354	24	L	
131	130	105	8	F	
131	130	131	40	U	
131	130	289	0	R	
131	181	3	0	R	
131	181	131	40	U	
131	181	182	24	L	
131	181	212	8	F	
131	243	131	40	U	
131	243	242	24	L	
131	243	417	8	F	
132	133	68	8	F	
132	133	132	40	U	
132	420	132	40	U	
132	420	266	0	R	
132	420	386	8	F	
133	68	133	40	U	
133	68	186	8	F	
133	68	386	0	R	
133	132	133	40	U	
133	132	420	8	F	
134	99	7	0	R	
134	99	100	8	F	
134	99	134	40	U	
134	135	134	40	U	
134	135	267	24	L	
134	135	269	0	R	
134	135	285	8	F	
134	348	134	40	U	
134	348	192	8	F	
134	348	349	24	L	
135	134	99	8	F	
135	134	135	40	U	
135	134	348	0	R	
135	267	78	0	R	
135	267	135	40	U	
135	267	335	8	F	
135	269	54	24	L	
135	269	100	8	F	
135	269	135	40	U	
135	285	78	24	L	
135	285	135	40	U	
135	285	252	8	F	
136	86	136	40	U	
136	86	156	8	F	
136	86	160	24	L	
136	86	162	0	R	
136	161	136	40	U	
136	161	160	0	R	
136	161	315	8	F	
136	162	86	24	L	
136	162	136	40	U	
136	162	156	8	F	
137	4	137	40	U	
137	138	137	40	U	
137	284	41	0	R	
137	284	116	8	F	
137	284	137	40	U	
137	284	235	24	L	
138	137	4	24	L	
138	137	138	40	U	
138	137	284	8	F	
139	27	139	40	U	
139	27	155	24	L	
139	27	163	8	F	
139	27	400	0	R	
139	255	122	8	F	
139	255	139	40	U	
139	255	155	0	R	
139	311	111	0	R	
139	311	139	40	U	
139	311	315	8	F	
140	141	85	0	R	
140	141	140	40	U	
140	141	157	8	F	
140	141	209	24	L	
140	183	140	40	U	
140	183	184	8	F	
140	183	263	24	L	
140	189	140	40	U	
140	189	263	0	R	
140	189	273	8	F	
140	194	140	40	U	
140	194	195	0	R	
140	194	373	8	F	
140	273	140	40	U	
140	273	189	0	R	
140	273	272	8	F	
141	85	141	40	U	
141	85	287	8	F	
141	140	141	40	U	
141	140	183	0	R	
141	140	189	0	R	
141	140	194	24	L	
141	140	273	8	F	
141	157	35	0	R	
141	157	141	40	U	
141	157	173	24	L	
141	209	3	8	F	
141	209	141	40	U	
142	14	142	40	U	
142	14	344	24	L	
142	14	346	8	F	
142	143	87	8	F	
142	143	142	40	U	
142	143	180	24	L	
142	143	344	0	R	
142	338	47	0	R	
142	338	142	40	U	
142	338	306	8	F	
143	87	143	40	U	
143	87	244	8	F	
143	142	14	24	L	
143	142	143	40	U	
143	142	338	8	F	
143	180	143	40	U	
143	180	179	24	L	
143	180	356	8	F	
143	344	14	0	R	
143	344	143	40	U	
143	344	345	8	F	
144	41	144	40	U	
144	41	145	24	L	
144	41	284	8	F	
144	145	41	0	R	
144	145	144	40	U	
144	145	186	8	F	
144	314	115	24	L	
144	314	144	40	U	
144	314	315	8	F	
145	41	144	0	R	
145	41	145	40	U	
145	41	284	8	F	
145	144	41	24	L	
145	144	145	40	U	
145	144	314	8	F	
145	186	36	24	L	
145	186	68	8	F	
145	186	145	40	U	
146	33	146	40	U	
146	33	263	0	R	
146	33	410	8	F	
146	223	40	8	F	
146	223	146	40	U	
146	223	389	0	R	
147	114	10	8	F	
147	114	113	24	L	
147	114	147	40	U	
147	148	147	40	U	
147	148	171	8	F	
147	148	432	0	R	
147	283	25	0	R	
147	283	147	40	U	
147	283	316	8	F	
148	147	114	24	L	
148	147	148	40	U	
148	147	283	8	F	
148	171	103	8	F	
148	171	148	40	U	
148	171	170	24	L	
148	171	233	0	R	
148	432	113	8	F	
148	432	148	40	U	
148	432	234	24	L	
149	121	122	0	R	
149	121	149	40	U	
149	121	150	0	R	
149	121	395	8	F	
149	150	121	8	F	
149	150	149	40	U	
149	150	165	0	R	
149	150	396	0	R	
149	396	149	40	U	
149	396	150	24	L	
149	396	166	8	F	
149	408	149	40	U	
149	408	280	0	R	
149	408	398	8	F	
150	121	122	0	R	
150	121	149	24	L	
150	121	150	40	U	
150	121	395	8	F	
150	149	121	0	R	
150	149	150	40	U	
150	149	396	24	L	
150	149	408	8	F	
150	165	122	24	L	
150	165	150	40	U	
150	165	166	8	F	
150	396	149	0	R	
150	396	150	40	U	
150	396	166	8	F	
151	152	151	40	U	
151	152	262	8	F	
151	290	12	0	R	
151	290	51	24	L	
151	290	89	8	F	
151	290	151	40	U	
151	341	151	40	U	
151	341	340	24	L	
151	341	433	8	F	
152	151	152	40	U	
152	151	290	0	R	
152	151	341	8	F	
152	262	152	40	U	
152	262	154	8	F	
152	262	333	0	R	
153	119	118	0	R	
153	119	153	40	U	
153	119	375	8	F	
153	228	96	8	F	
153	228	118	24	L	
153	228	153	40	U	
153	228	343	0	R	
153	406	153	40	U	
153	406	200	0	R	
153	406	336	8	F	
153	406	435	24	L	
153	436	153	40	U	
153	436	265	24	L	
153	436	435	0	R	
153	436	441	8	F	
154	155	27	8	F	
154	155	154	40	U	
154	155	255	0	R	
154	163	27	0	R	
154	163	154	40	U	
154	163	415	8	F	
154	262	152	0	R	
154	262	154	40	U	
154	262	333	8	F	
155	27	139	0	R	
155	27	155	40	U	
155	27	163	24	L	
155	27	400	8	F	
155	154	155	40	U	
155	154	163	0	R	
155	154	262	8	F	
155	255	122	8	F	
155	255	139	24	L	
155	255	155	40	U	
156	86	136	8	F	
156	86	156	40	U	
156	86	160	0	R	
156	86	162	24	L	
156	162	86	0	R	
156	162	136	8	F	
156	162	156	40	U	
156	443	156	40	U	
156	443	169	8	F	
156	443	387	0	R	
157	35	157	40	U	
157	35	384	8	F	
157	141	85	24	L	
157	141	140	8	F	
157	141	157	40	U	
157	141	209	0	R	
157	173	157	40	U	
157	173	174	8	F	
158	40	158	40	U	
158	40	223	8	F	
158	40	393	24	L	
158	159	158	40	U	
158	159	220	8	F	
158	159	246	0	R	
158	371	158	40	U	
158	371	247	24	L	
158	371	253	8	F	
158	371	393	0	R	
159	158	40	8	F	
159	158	159	40	U	
159	158	371	24	L	
159	220	159	40	U	
159	220	219	0	R	
159	220	272	8	F	
159	246	159	40	U	
159	246	219	8	F	
159	246	247	0	R	
160	86	136	0	R	
160	86	156	24	L	
160	86	160	40	U	
160	86	162	8	F	
160	161	136	24	L	
160	161	160	40	U	
160	161	315	8	F	
160	169	160	40	U	
160	169	400	24	L	
160	169	431	8	F	
160	169	443	0	R	
161	136	86	8	F	
161	136	161	40	U	
161	136	162	0	R	
161	160	86	0	R	
161	160	161	40	U	
161	160	169	8	F	
161	315	161	40	U	
161	315	311	0	R	
161	315	314	8	F	
162	86	136	24	L	
162	86	156	0	R	
162	86	160	8	F	
162	86	162	40	U	
162	136	86	0	R	
162	136	161	8	F	
162	136	162	40	U	
162	156	86	24	L	
162	156	162	40	U	
162	156	443	8	F	
163	27	139	8	F	
163	27	155	0	R	
163	27	163	40	U	
163	27	400	24	L	
163	154	155	24	L	
163	154	163	40	U	
163	154	262	8	F	
163	415	71	0	R	
163	415	163	40	U	
163	415	377	8	F	
164	49	48	8	F	
164	49	164	40	U	
164	378	32	0	R	
164	378	48	8	F	
164	378	164	40	U	
164	394	32	24	L	
164	394	56	24	L	
164	394	164	40	U	
164	394	182	8	F	
165	122	121	8	F	
165	122	165	40	U	
165	122	255	0	R	
165	150	121	8	F	
165	150	149	24	L	
165	150	165	40	U	
165	150	396	24	L	
165	166	111	8	F	
165	166	165	40	U	
165	166	396	0	R	
166	111	110	8	F	
166	111	166	40	U	
166	111	311	24	L	
166	165	122	8	F	
166	165	150	24	L	
166	165	166	40	U	
166	396	149	8	F	
166	396	150	0	R	
166	396	166	40	U	
167	1	54	0	R	
167	1	167	40	U	
167	1	239	8	F	
167	168	167	40	U	
167	168	254	8	F	
167	168	319	0	R	
167	252	167	40	U	
167	252	253	0	R	
167	252	285	8	F	
168	167	1	8	F	
168	167	168	40	U	
168	167	252	0	R	
168	254	168	40	U	
168	254	253	24	L	
168	254	268	8	F	
168	319	10	8	F	
168	319	168	40	U	
168	319	355	0	R	
169	160	86	24	L	
169	160	161	8	F	
169	160	169	40	U	
169	400	27	24	L	
169	400	169	40	U	
169	400	327	8	F	
169	431	58	0	R	
169	431	169	40	U	
169	431	330	8	F	
169	443	156	0	R	
169	443	169	40	U	
169	443	387	8	F	
170	19	6	8	F	
170	19	20	24	L	
170	19	170	40	U	
170	171	103	24	L	
170	171	148	0	R	
170	171	170	40	U	
170	171	233	8	F	
170	316	57	24	L	
170	316	170	40	U	
170	316	283	8	F	
171	103	6	24	L	
171	103	116	8	F	
171	103	171	40	U	
171	148	147	0	R	
171	148	171	40	U	
171	148	432	8	F	
171	170	19	8	F	
171	170	171	40	U	
171	170	316	24	L	
171	233	171	40	U	
171	233	211	8	F	
171	233	234	0	R	
171	233	236	24	L	
172	101	102	24	L	
172	101	172	40	U	
172	101	282	8	F	
172	222	62	0	R	
172	222	172	40	U	
172	222	221	8	F	
172	350	9	24	L	
172	350	172	40	U	
172	350	384	8	F	
173	157	35	8	F	
173	157	141	0	R	
173	157	173	40	U	
173	174	173	40	U	
173	174	212	24	L	
173	174	323	8	F	
174	173	157	8	F	
174	173	174	40	U	
174	212	3	24	L	
174	212	174	40	U	
174	212	181	8	F	
174	323	93	0	R	
174	323	174	40	U	
174	323	175	8	F	
175	95	175	40	U	
175	95	176	0	R	
175	95	418	8	F	
175	176	93	8	F	
175	176	95	24	L	
175	176	175	40	U	
175	323	93	24	L	
175	323	174	8	F	
175	323	175	40	U	
176	93	176	40	U	
176	93	323	8	F	
176	95	175	24	L	
176	95	176	40	U	
176	95	418	8	F	
176	175	95	0	R	
176	175	176	40	U	
176	175	323	8	F	
177	178	177	40	U	
177	178	325	8	F	
177	178	385	24	L	
177	385	177	40	U	
177	385	178	0	R	
177	385	293	8	F	
177	425	177	40	U	
177	425	312	24	L	
177	425	326	8	F	
178	177	178	40	U	
178	177	385	0	R	
178	177	425	8	F	
178	325	45	0	R	
178	325	178	40	U	
178	325	324	24	L	
178	325	363	8	F	
178	385	177	8	F	
178	385	178	40	U	
178	385	293	0	R	
179	180	143	8	F	
179	180	179	40	U	
179	180	356	24	L	
179	438	117	0	R	
179	438	179	40	U	
179	438	225	8	F	
180	143	87	24	L	
180	143	142	0	R	
180	143	180	40	U	
180	143	344	8	F	
180	179	180	40	U	
180	179	438	8	F	
180	356	180	40	U	
180	356	244	0	R	
180	356	362	8	F	
181	3	181	40	U	
181	3	209	8	F	
181	3	212	24	L	
181	131	130	8	F	
181	131	181	40	U	
181	131	243	0	R	
181	182	181	40	U	
181	182	394	8	F	
181	212	3	0	R	
181	212	174	8	F	
181	212	181	40	U	
182	181	3	8	F	
182	181	131	0	R	
182	181	182	40	U	
182	181	212	24	L	
182	394	32	0	R	
182	394	56	0	R	
182	394	164	8	F	
182	394	182	40	U	
183	140	141	24	L	
183	140	183	40	U	
183	140	189	0	R	
183	140	194	8	F	
183	140	273	0	R	
183	184	112	0	R	
183	184	183	40	U	
183	184	409	8	F	
183	263	33	8	F	
183	263	183	40	U	
183	263	189	24	L	
184	112	24	0	R	
184	112	105	8	F	
184	112	184	40	U	
184	183	140	8	F	
184	183	184	40	U	
184	183	263	0	R	
184	409	46	0	R	
184	409	184	40	U	
184	409	410	8	F	
185	32	185	40	U	
185	32	378	8	F	
185	32	394	24	L	
185	56	185	40	U	
185	56	394	8	F	
185	91	126	8	F	
185	91	185	40	U	
185	418	90	24	L	
185	418	95	8	F	
185	418	185	40	U	
186	36	186	40	U	
186	36	386	0	R	
186	36	387	8	F	
186	68	133	0	R	
186	68	186	40	U	
186	68	386	8	F	
186	145	41	8	F	
186	145	144	0	R	
186	145	186	40	U	
187	188	187	40	U	
187	188	213	8	F	
187	215	187	40	U	
187	215	367	24	L	
187	215	440	8	F	
187	270	187	40	U	
187	270	274	8	F	
187	270	402	0	R	
188	187	188	40	U	
188	187	215	8	F	
188	187	270	0	R	
188	213	188	40	U	
188	213	214	0	R	
188	213	426	8	F	
189	140	141	8	F	
189	140	183	24	L	
189	140	189	40	U	
189	140	194	0	R	
189	140	273	0	R	
189	263	33	8	F	
189	263	183	0	R	
189	263	189	40	U	
189	273	140	24	L	
189	273	189	40	U	
189	273	272	8	F	
190	191	190	40	U	
190	191	339	0	R	
190	301	190	40	U	
190	301	300	24	L	
190	301	363	8	F	
191	190	191	40	U	
191	190	301	8	F	
191	339	18	8	F	
191	339	75	0	R	
191	339	191	40	U	
192	193	192	40	U	
192	193	335	8	F	
192	193	437	24	L	
192	348	134	8	F	
192	348	192	40	U	
192	348	349	0	R	
192	361	192	40	U	
192	361	288	8	F	
192	361	349	24	L	
192	437	192	40	U	
192	437	193	0	R	
192	437	389	8	F	
193	192	193	40	U	
193	192	348	24	L	
193	192	361	8	F	
193	192	437	0	R	
193	335	193	40	U	
193	335	267	0	R	
193	335	393	8	F	
193	437	192	24	L	
193	437	193	40	U	
193	437	389	8	F	
194	140	141	0	R	
194	140	183	8	F	
194	140	189	24	L	
194	140	194	40	U	
194	140	273	24	L	
194	195	194	40	U	
194	195	352	8	F	
194	373	67	8	F	
194	373	194	40	U	
194	373	374	24	L	
195	194	140	24	L	
195	194	195	40	U	
195	194	373	8	F	
195	352	16	24	L	
195	352	195	40	U	
195	352	226	8	F	
195	352	272	0	R	
196	197	196	40	U	
196	197	365	24	L	
196	197	423	8	F	
196	424	196	40	U	
196	424	249	8	F	
196	424	367	24	L	
197	196	197	40	U	
197	196	424	8	F	
197	365	197	40	U	
197	365	295	0	R	
197	365	366	8	F	
197	423	197	40	U	
197	423	435	8	F	
197	423	441	0	R	
198	113	114	8	F	
198	113	198	40	U	
198	113	355	24	L	
198	113	432	0	R	
198	414	198	40	U	
198	414	204	0	R	
198	414	234	8	F	
199	108	55	8	F	
199	108	109	0	R	
199	108	199	40	U	
199	108	201	24	L	
199	124	123	8	F	
199	124	199	40	U	
199	124	334	24	L	
199	310	199	40	U	
199	310	305	8	F	
199	310	309	0	R	
200	88	200	40	U	
200	88	360	8	F	
200	201	108	8	F	
200	201	123	0	R	
200	201	200	40	U	
200	201	309	0	R	
200	201	336	24	L	
200	375	119	0	R	
200	375	200	40	U	
200	375	395	8	F	
200	406	153	24	L	
200	406	200	40	U	
200	406	336	0	R	
200	406	435	8	F	
201	108	55	24	L	
201	108	109	8	F	
201	108	199	0	R	
201	108	201	40	U	
201	123	124	24	L	
201	123	129	8	F	
201	123	201	40	U	
201	200	88	24	L	
201	200	201	40	U	
201	200	375	8	F	
201	200	406	0	R	
201	309	201	40	U	
201	309	310	24	L	
201	309	334	8	F	
201	336	55	0	R	
201	336	201	40	U	
201	336	406	8	F	
202	66	202	40	U	
202	203	202	40	U	
202	203	343	8	F	
202	372	202	40	U	
202	372	227	8	F	
202	372	343	0	R	
202	407	96	24	L	
202	407	202	40	U	
202	407	398	8	F	
203	202	66	8	F	
203	202	203	40	U	
203	202	372	0	R	
203	202	407	24	L	
203	343	203	40	U	
203	343	228	0	R	
203	343	372	8	F	
204	205	204	40	U	
204	211	204	40	U	
204	211	210	8	F	
204	211	233	24	L	
204	414	198	8	F	
204	414	204	40	U	
204	414	234	0	R	
205	204	205	40	U	
205	204	211	0	R	
205	204	414	8	F	
206	5	15	0	R	
206	5	206	40	U	
206	5	271	8	F	
206	62	15	24	L	
206	62	206	40	U	
206	62	222	8	F	
206	320	59	24	L	
206	320	206	40	U	
206	320	277	8	F	
206	320	286	0	R	
207	22	207	40	U	
207	22	245	8	F	
207	208	207	40	U	
207	208	217	0	R	
207	208	376	8	F	
207	208	383	24	L	
207	217	207	40	U	
207	217	208	24	L	
207	217	218	8	F	
207	383	207	40	U	
207	383	208	0	R	
207	383	340	0	R	
208	207	22	8	F	
208	207	208	40	U	
208	207	217	24	L	
208	207	383	0	R	
208	217	207	0	R	
208	217	208	40	U	
208	217	218	8	F	
208	376	208	40	U	
208	376	305	8	F	
208	376	345	0	R	
208	383	207	24	L	
208	383	208	40	U	
208	383	340	0	R	
209	3	181	8	F	
209	3	209	40	U	
209	3	212	0	R	
209	141	85	8	F	
209	141	140	0	R	
209	141	157	24	L	
209	141	209	40	U	
210	211	204	24	L	
210	211	210	40	U	
210	211	233	8	F	
210	236	210	40	U	
210	236	233	24	L	
210	236	235	8	F	
210	238	210	40	U	
210	238	237	24	L	
210	238	326	8	F	
211	204	205	24	L	
211	204	211	40	U	
211	204	414	8	F	
211	210	211	40	U	
211	210	236	24	L	
211	210	238	8	F	
211	233	171	8	F	
211	233	211	40	U	
211	233	234	24	L	
211	233	236	0	R	
212	3	181	0	R	
212	3	209	8	F	
212	3	212	40	U	
212	174	173	0	R	
212	174	212	40	U	
212	174	323	24	L	
212	181	3	24	L	
212	181	131	8	F	
212	181	182	0	R	
212	181	212	40	U	
213	188	187	8	F	
213	188	213	40	U	
213	214	213	40	U	
213	214	248	8	F	
213	214	367	0	R	
213	426	67	8	F	
213	426	213	40	U	
213	426	402	24	L	
213	426	447	0	R	
214	213	188	24	L	
214	213	214	40	U	
214	213	426	8	F	
214	248	82	24	L	
214	248	214	40	U	
214	248	249	8	F	
214	367	214	40	U	
214	367	215	8	F	
214	367	424	24	L	
215	187	188	0	R	
215	187	215	40	U	
215	187	270	8	F	
215	367	214	8	F	
215	367	215	40	U	
215	367	424	0	R	
215	440	215	40	U	
215	440	265	8	F	
215	440	441	24	L	
216	60	100	8	F	
216	60	216	40	U	
216	439	69	0	R	
216	439	216	40	U	
216	439	370	8	F	
217	207	22	24	L	
217	207	208	0	R	
217	207	217	40	U	
217	207	383	8	F	
217	208	207	24	L	
217	208	217	40	U	
217	208	376	8	F	
217	208	383	24	L	
217	218	217	40	U	
217	218	244	8	F	
218	217	207	8	F	
218	217	208	0	R	
218	217	218	40	U	
218	244	87	24	L	
218	244	218	40	U	
218	244	245	0	R	
218	244	356	8	F	
219	220	159	24	L	
219	220	219	40	U	
219	220	272	8	F	
219	227	219	40	U	
219	227	226	24	L	
219	227	351	8	F	
219	227	372	0	R	
219	246	159	0	R	
219	246	219	40	U	
219	246	247	8	F	
220	159	158	8	F	
220	159	220	40	U	
220	159	246	24	L	
220	219	220	40	U	
220	219	227	24	L	
220	219	246	8	F	
220	272	220	40	U	
220	272	273	8	F	
220	272	352	0	R	
221	222	62	24	L	
221	222	172	8	F	
221	222	221	40	U	
221	322	221	40	U	
221	322	299	8	F	
221	322	321	24	L	
222	62	15	0	R	
222	62	206	8	F	
222	62	222	40	U	
222	172	101	0	R	
222	172	222	40	U	
222	172	350	8	F	
222	221	222	40	U	
222	221	322	8	F	
223	40	158	8	F	
223	40	223	40	U	
223	40	393	0	R	
223	146	33	8	F	
223	146	223	40	U	
223	389	223	40	U	
223	389	288	8	F	
223	389	437	24	L	
224	98	97	0	R	
224	98	224	40	U	
224	98	359	8	F	
224	225	47	0	R	
224	225	224	40	U	
224	225	438	8	F	
224	347	224	40	U	
224	347	249	0	R	
224	347	313	8	F	
225	47	8	8	F	
225	47	225	40	U	
225	47	338	24	L	
225	224	98	8	F	
225	224	225	40	U	
225	224	347	24	L	
225	438	117	24	L	
225	438	179	8	F	
225	438	225	40	U	
226	227	219	0	R	
226	227	226	40	U	
226	227	351	24	L	
226	227	372	8	F	
226	352	16	0	R	
226	352	195	8	F	
226	352	226	40	U	
226	352	272	24	L	
227	219	220	0	R	
227	219	227	40	U	
227	219	246	8	F	
227	226	227	40	U	
227	226	352	8	F	
227	351	44	24	L	
227	351	227	40	U	
227	351	264	8	F	
227	372	202	0	R	
227	372	227	40	U	
227	372	343	8	F	
228	96	84	8	F	
228	96	228	40	U	
228	96	407	0	R	
228	118	119	8	F	
228	118	228	40	U	
228	118	281	0	R	
228	153	119	0	R	
228	153	228	40	U	
228	153	406	8	F	
228	153	436	24	L	
228	343	203	24	L	
228	343	228	40	U	
228	343	372	8	F	
229	7	99	8	F	
229	7	229	40	U	
229	7	368	0	R	
229	230	229	40	U	
229	230	349	8	F	
229	353	17	24	L	
229	353	229	40	U	
229	353	231	8	F	
230	229	7	24	L	
230	229	230	40	U	
230	229	353	8	F	
230	349	230	40	U	
230	349	348	8	F	
230	349	361	24	L	
231	104	105	24	L	
231	104	231	40	U	
231	104	288	0	R	
231	104	410	8	F	
231	232	231	40	U	
231	232	288	8	F	
231	353	17	0	R	
231	353	229	8	F	
231	353	231	40	U	
232	231	104	0	R	
232	231	232	40	U	
232	231	353	8	F	
232	288	104	24	L	
232	288	232	40	U	
232	288	361	0	R	
232	288	389	8	F	
233	171	103	0	R	
233	171	148	24	L	
233	171	170	8	F	
233	171	233	40	U	
233	211	204	0	R	
233	211	210	8	F	
233	211	233	40	U	
233	234	233	40	U	
233	234	414	8	F	
233	234	432	0	R	
233	236	210	0	R	
233	236	233	40	U	
233	236	235	8	F	
234	233	171	24	L	
234	233	211	0	R	
234	233	234	40	U	
234	233	236	8	F	
234	414	198	8	F	
234	414	204	24	L	
234	414	234	40	U	
234	432	113	8	F	
234	432	148	0	R	
234	432	234	40	U	
235	236	210	8	F	
235	236	233	0	R	
235	236	235	40	U	
235	237	235	40	U	
235	237	238	8	F	
235	237	266	24	L	
235	284	41	8	F	
235	284	116	24	L	
235	284	137	0	R	
235	284	235	40	U	
236	210	211	0	R	
236	210	236	40	U	
236	210	238	8	F	
236	233	171	0	R	
236	233	211	24	L	
236	233	234	8	F	
236	233	236	40	U	
236	235	236	40	U	
236	235	237	0	R	
236	235	284	8	F	
237	235	236	24	L	
237	235	237	40	U	
237	235	284	8	F	
237	238	210	0	R	
237	238	237	40	U	
237	238	326	8	F	
237	266	237	40	U	
237	266	251	8	F	
237	266	420	24	L	
238	210	211	24	L	
238	210	236	8	F	
238	210	238	40	U	
238	237	235	24	L	
238	237	238	40	U	
238	237	266	8	F	
238	326	238	40	U	
238	326	425	8	F	
239	1	54	24	L	
239	1	167	8	F	
239	1	239	40	U	
239	312	239	40	U	
239	312	355	8	F	
239	312	425	0	R	
239	370	239	40	U	
239	370	302	8	F	
239	370	439	0	R	
240	2	240	40	U	
240	2	256	8	F	
240	2	276	0	R	
240	277	240	40	U	
240	277	276	8	F	
240	277	320	0	R	
240	421	59	24	L	
240	421	240	40	U	
240	421	357	8	F	
241	242	241	40	U	
241	242	243	8	F	
241	242	289	0	R	
241	403	31	8	F	
241	403	241	40	U	
241	403	354	24	L	
241	417	92	8	F	
241	417	241	40	U	
241	417	243	0	R	
242	241	242	40	U	
242	241	403	8	F	
242	241	417	0	R	
242	243	131	8	F	
242	243	242	40	U	
242	243	417	24	L	
242	289	130	8	F	
242	289	242	40	U	
242	289	354	0	R	
243	131	130	0	R	
243	131	181	8	F	
243	131	243	40	U	
243	242	241	8	F	
243	242	243	40	U	
243	242	289	24	L	
243	417	92	8	F	
243	417	241	24	L	
243	417	243	40	U	
244	87	143	8	F	
244	87	244	40	U	
244	218	217	8	F	
244	218	244	40	U	
244	245	22	0	R	
244	245	244	40	U	
244	356	180	24	L	
244	356	244	40	U	
244	356	362	8	F	
245	22	207	8	F	
245	22	245	40	U	
245	244	87	8	F	
245	244	218	24	L	
245	244	245	40	U	
245	244	356	0	R	
246	159	158	8	F	
246	159	220	0	R	
246	159	246	40	U	
246	219	220	24	L	
246	219	227	8	F	
246	219	246	40	U	
246	247	246	40	U	
246	247	268	8	F	
246	247	371	0	R	
247	246	159	24	L	
247	246	219	8	F	
247	246	247	40	U	
247	268	53	0	R	
247	268	247	40	U	
247	268	254	8	F	
247	371	158	0	R	
247	371	247	40	U	
247	371	253	24	L	
247	371	393	8	F	
248	82	83	0	R	
248	82	248	40	U	
248	82	448	8	F	
248	214	213	8	F	
248	214	248	40	U	
248	214	367	24	L	
248	249	248	40	U	
248	249	347	8	F	
248	249	424	0	R	
249	248	82	0	R	
249	248	214	8	F	
249	248	249	40	U	
249	347	224	24	L	
249	347	249	40	U	
249	347	313	8	F	
249	424	196	8	F	
249	424	249	40	U	
249	424	367	0	R	
250	42	250	40	U	
250	251	250	40	U	
250	251	266	8	F	
250	251	332	24	L	
250	331	89	8	F	
250	331	250	40	U	
250	331	332	24	L	
251	250	42	8	F	
251	250	251	40	U	
251	250	331	24	L	
251	266	237	8	F	
251	266	251	40	U	
251	266	420	0	R	
251	332	251	40	U	
251	332	260	0	R	
251	332	331	8	F	
252	167	1	8	F	
252	167	168	24	L	
252	167	252	40	U	
252	253	53	0	R	
252	253	78	24	L	
252	253	252	40	U	
252	253	254	0	R	
252	253	371	8	F	
252	285	78	0	R	
252	285	135	8	F	
252	285	252	40	U	
253	53	253	40	U	
253	53	268	8	F	
253	78	253	40	U	
253	78	267	8	F	
253	78	285	24	L	
253	252	167	8	F	
253	252	253	40	U	
253	252	285	0	R	
253	254	168	8	F	
253	254	253	40	U	
253	254	268	24	L	
253	371	158	8	F	
253	371	247	0	R	
253	371	253	40	U	
253	371	393	24	L	
254	168	167	0	R	
254	168	254	40	U	
254	168	319	8	F	
254	253	53	0	R	
254	253	78	8	F	
254	253	252	24	L	
254	253	254	40	U	
254	253	371	0	R	
254	268	53	24	L	
254	268	247	8	F	
254	268	254	40	U	
255	122	121	8	F	
255	122	165	24	L	
255	122	255	40	U	
255	139	27	24	L	
255	139	255	40	U	
255	139	311	8	F	
255	155	27	0	R	
255	155	154	8	F	
255	155	255	40	U	
256	2	240	8	F	
256	2	256	40	U	
256	2	276	24	L	
256	257	21	24	L	
256	257	256	40	U	
256	257	405	8	F	
256	379	256	40	U	
256	379	380	0	R	
256	379	405	8	F	
257	21	257	40	U	
257	21	364	8	F	
257	256	2	8	F	
257	256	257	40	U	
257	256	379	24	L	
257	405	257	40	U	
257	405	379	0	R	
257	405	404	8	F	
258	259	258	40	U	
258	259	279	8	F	
258	259	419	0	R	
258	278	258	40	U	
258	278	279	0	R	
258	278	317	8	F	
258	401	18	8	F	
258	401	61	24	L	
258	401	258	40	U	
259	258	259	40	U	
259	258	278	0	R	
259	258	401	8	F	
259	279	259	40	U	
259	279	278	24	L	
259	279	391	8	F	
259	419	61	0	R	
259	419	259	40	U	
259	419	308	8	F	
259	419	445	24	L	
260	261	80	0	R	
260	261	260	40	U	
260	261	411	8	F	
260	332	251	24	L	
260	332	260	40	U	
260	332	331	8	F	
260	427	70	0	R	
260	427	260	40	U	
260	427	430	8	F	
261	80	261	40	U	
261	260	261	40	U	
261	260	332	24	L	
261	260	427	8	F	
261	411	13	24	L	
261	411	261	40	U	
261	411	429	8	F	
262	152	151	8	F	
262	152	262	40	U	
262	154	155	0	R	
262	154	163	8	F	
262	154	262	40	U	
262	333	262	40	U	
262	333	334	8	F	
262	333	360	24	L	
263	33	146	8	F	
263	33	263	40	U	
263	33	410	0	R	
263	183	140	8	F	
263	183	184	24	L	
263	183	263	40	U	
263	189	140	24	L	
263	189	263	40	U	
263	189	273	8	F	
264	265	264	40	U	
264	265	436	8	F	
264	265	440	24	L	
264	274	44	24	L	
264	274	264	40	U	
264	274	270	8	F	
264	351	44	0	R	
264	351	227	8	F	
264	351	264	40	U	
265	264	265	40	U	
265	264	274	0	R	
265	264	351	8	F	
265	436	153	8	F	
265	436	265	40	U	
265	436	435	24	L	
265	436	441	24	L	
265	440	215	8	F	
265	440	265	40	U	
265	440	441	0	R	
266	237	235	0	R	
266	237	238	8	F	
266	237	266	40	U	
266	251	250	8	F	
266	251	266	40	U	
266	251	332	0	R	
266	420	132	24	L	
266	420	266	40	U	
266	420	386	8	F	
267	78	253	8	F	
267	78	267	40	U	
267	78	285	0	R	
267	135	134	0	R	
267	135	267	40	U	
267	135	269	8	F	
267	135	285	24	L	
267	335	193	24	L	
267	335	267	40	U	
267	335	393	8	F	
268	53	253	8	F	
268	53	268	40	U	
268	247	246	8	F	
268	247	268	40	U	
268	247	371	24	L	
268	254	168	8	F	
268	254	253	0	R	
268	254	268	40	U	
269	54	1	8	F	
269	54	269	40	U	
269	100	60	24	L	
269	100	99	0	R	
269	100	269	40	U	
269	100	308	8	F	
269	135	134	24	L	
269	135	267	8	F	
269	135	269	40	U	
269	135	285	0	R	
270	187	188	24	L	
270	187	215	8	F	
270	187	270	40	U	
270	274	44	0	R	
270	274	264	8	F	
270	274	270	40	U	
270	402	43	24	L	
270	402	270	40	U	
270	402	426	8	F	
271	5	15	24	L	
271	5	206	8	F	
271	5	271	40	U	
271	287	85	0	R	
271	287	271	40	U	
271	287	286	24	L	
271	287	399	8	F	
271	296	271	40	U	
271	296	297	0	R	
271	296	304	8	F	
272	220	159	0	R	
272	220	219	8	F	
272	220	272	40	U	
272	273	140	8	F	
272	273	189	24	L	
272	273	272	40	U	
272	352	16	8	F	
272	352	195	24	L	
272	352	226	0	R	
272	352	272	40	U	
273	140	141	8	F	
273	140	183	24	L	
273	140	189	24	L	
273	140	194	0	R	
273	140	273	40	U	
273	189	140	0	R	
273	189	263	8	F	
273	189	273	40	U	
273	272	220	8	F	
273	272	273	40	U	
273	272	352	24	L	
274	44	16	0	R	
274	44	274	40	U	
274	44	351	8	F	
274	264	265	24	L	
274	264	274	40	U	
274	264	351	8	F	
274	270	187	8	F	
274	270	274	40	U	
274	270	402	24	L	
275	128	126	8	F	
275	128	127	0	R	
275	128	275	40	U	
275	412	275	40	U	
275	412	318	24	L	
275	444	65	24	L	
275	444	275	40	U	
275	444	318	8	F	
276	2	240	8	F	
276	2	256	0	R	
276	2	276	40	U	
276	277	240	0	R	
276	277	276	40	U	
276	277	320	8	F	
276	380	26	0	R	
276	380	276	40	U	
276	380	379	8	F	
277	240	2	0	R	
277	240	277	40	U	
277	240	421	8	F	
277	276	2	24	L	
277	276	277	40	U	
277	276	380	8	F	
277	320	59	0	R	
277	320	206	8	F	
277	320	277	40	U	
277	320	286	24	L	
278	258	259	24	L	
278	258	278	40	U	
278	258	401	8	F	
278	279	259	0	R	
278	279	278	40	U	
278	279	391	8	F	
278	317	28	0	R	
278	317	278	40	U	
278	317	318	8	F	
279	259	258	8	F	
279	259	279	40	U	
279	259	419	24	L	
279	278	258	24	L	
279	278	279	40	U	
279	278	317	8	F	
279	391	279	40	U	
279	391	390	24	L	
279	391	392	24	L	
279	391	445	8	F	
280	84	96	8	F	
280	84	280	40	U	
280	281	118	24	L	
280	281	280	40	U	
280	281	395	8	F	
280	408	149	8	F	
280	408	280	40	U	
280	408	398	0	R	
281	118	119	8	F	
281	118	228	24	L	
281	118	281	40	U	
281	280	84	0	R	
281	280	281	40	U	
281	280	408	8	F	
281	395	121	0	R	
281	395	281	40	U	
281	395	375	8	F	
282	101	102	0	R	
282	101	172	8	F	
282	101	282	40	U	
283	25	10	8	F	
283	25	283	40	U	
283	147	114	8	F	
283	147	148	24	L	
283	147	283	40	U	
283	316	57	0	R	
283	316	170	8	F	
283	316	283	40	U	
284	41	144	24	L	
284	41	145	8	F	
284	41	284	40	U	
284	116	103	8	F	
284	116	115	0	R	
284	116	284	40	U	
284	137	4	0	R	
284	137	138	8	F	
284	137	284	40	U	
284	235	236	0	R	
284	235	237	8	F	
284	235	284	40	U	
285	78	253	8	F	
285	78	267	24	L	
285	78	285	40	U	
285	135	134	8	F	
285	135	267	0	R	
285	135	269	24	L	
285	135	285	40	U	
285	252	167	8	F	
285	252	253	24	L	
285	252	285	40	U	
286	11	26	8	F	
286	11	286	40	U	
286	11	399	0	R	
286	287	85	8	F	
286	287	271	0	R	
286	287	286	40	U	
286	287	399	24	L	
286	320	59	8	F	
286	320	206	24	L	
286	320	277	0	R	
286	320	286	40	U	
287	85	141	8	F	
287	85	287	40	U	
287	271	5	0	R	
287	271	287	40	U	
287	271	296	8	F	
287	286	11	0	R	
287	286	287	40	U	
287	286	320	8	F	
287	399	11	24	L	
287	399	287	40	U	
287	399	382	8	F	
288	104	105	8	F	
288	104	231	24	L	
288	104	288	40	U	
288	104	410	0	R	
288	232	231	8	F	
288	232	288	40	U	
288	361	192	24	L	
288	361	288	40	U	
288	361	349	8	F	
288	389	223	8	F	
288	389	288	40	U	
288	389	437	0	R	
289	130	105	8	F	
289	130	131	24	L	
289	130	289	40	U	
289	242	241	8	F	
289	242	243	0	R	
289	242	289	40	U	
289	354	17	8	F	
289	354	289	40	U	
289	354	403	0	R	
290	12	94	8	F	
290	12	290	40	U	
290	12	422	24	L	
290	12	442	24	L	
290	51	290	40	U	
290	51	416	8	F	
290	89	290	40	U	
290	89	331	8	F	
290	89	413	24	L	
290	89	442	0	R	
290	151	152	24	L	
290	151	290	40	U	
290	151	341	8	F	
291	75	291	40	U	
291	75	339	8	F	
291	292	61	8	F	
291	292	291	40	U	
291	292	307	0	R	
291	300	291	40	U	
291	300	301	0	R	
291	300	303	8	F	
292	61	292	40	U	
292	61	401	24	L	
292	61	419	8	F	
292	291	75	8	F	
292	291	292	40	U	
292	291	300	24	L	
292	307	292	40	U	
292	307	303	0	R	
292	307	308	8	F	
293	324	293	40	U	
293	324	325	8	F	
293	324	363	24	L	
293	385	177	8	F	
293	385	178	24	L	
293	385	293	40	U	
294	8	47	8	F	
294	8	107	24	L	
294	8	294	40	U	
294	109	108	8	F	
294	109	120	24	L	
294	109	294	40	U	
294	109	295	0	R	
294	337	106	0	R	
294	337	294	40	U	
294	337	295	24	L	
294	337	366	8	F	
295	55	108	24	L	
295	55	295	40	U	
295	55	336	8	F	
295	55	435	0	R	
295	109	108	0	R	
295	109	120	8	F	
295	109	294	24	L	
295	109	295	40	U	
295	337	106	8	F	
295	337	294	0	R	
295	337	295	40	U	
295	337	366	24	L	
295	365	197	24	L	
295	365	295	40	U	
295	365	366	8	F	
296	271	5	24	L	
296	271	287	8	F	
296	271	296	40	U	
296	297	9	24	L	
296	297	15	8	F	
296	297	296	40	U	
296	304	9	0	R	
296	304	296	40	U	
296	304	384	8	F	
297	9	297	40	U	
297	9	304	24	L	
297	9	350	8	F	
297	15	5	0	R	
297	15	62	8	F	
297	15	297	40	U	
297	296	271	8	F	
297	296	297	40	U	
297	296	304	0	R	
298	299	34	0	R	
298	299	298	40	U	
298	299	322	8	F	
298	299	359	24	L	
298	362	117	0	R	
298	362	298	40	U	
298	362	356	8	F	
299	34	299	40	U	
299	298	299	40	U	
299	298	362	0	R	
299	322	221	24	L	
299	322	299	40	U	
299	322	321	0	R	
299	359	98	8	F	
299	359	299	40	U	
299	359	358	0	R	
300	291	75	8	F	
300	291	292	0	R	
300	291	300	40	U	
300	301	190	8	F	
300	301	300	40	U	
300	301	363	24	L	
300	303	300	40	U	
300	303	302	0	R	
300	303	307	8	F	
301	190	191	0	R	
301	190	301	40	U	
301	300	291	24	L	
301	300	301	40	U	
301	300	303	8	F	
301	363	301	40	U	
301	363	324	0	R	
301	363	325	8	F	
302	45	302	40	U	
302	45	325	8	F	
302	303	300	24	L	
302	303	302	40	U	
302	303	307	8	F	
302	370	239	8	F	
302	370	302	40	U	
302	370	439	24	L	
303	300	291	8	F	
303	300	301	24	L	
303	300	303	40	U	
303	302	45	8	F	
303	302	303	40	U	
303	302	370	24	L	
303	307	292	24	L	
303	307	303	40	U	
303	307	308	8	F	
304	9	297	0	R	
304	9	304	40	U	
304	9	350	8	F	
304	296	271	8	F	
304	296	297	24	L	
304	296	304	40	U	
304	384	35	24	L	
304	384	304	40	U	
304	384	350	8	F	
305	306	30	0	R	
305	306	120	24	L	
305	306	305	40	U	
305	306	338	8	F	
305	310	199	0	R	
305	310	305	40	U	
305	310	309	8	F	
305	340	305	40	U	
305	340	341	8	F	
305	340	383	24	L	
305	376	208	8	F	
305	376	305	40	U	
305	376	345	24	L	
306	30	306	40	U	
306	30	346	8	F	
306	120	109	8	F	
306	120	306	40	U	
306	305	306	40	U	
306	305	310	0	R	
306	305	340	8	F	
306	305	376	24	L	
306	338	47	24	L	
306	338	142	8	F	
306	338	306	40	U	
307	292	61	8	F	
307	292	291	24	L	
307	292	307	40	U	
307	303	300	0	R	
307	303	302	8	F	
307	303	307	40	U	
307	308	100	8	F	
307	308	307	40	U	
307	308	419	24	L	
308	100	60	0	R	
308	100	99	24	L	
308	100	269	8	F	
308	100	308	40	U	
308	307	292	0	R	
308	307	303	8	F	
308	307	308	40	U	
308	419	61	24	L	
308	419	259	8	F	
308	419	308	40	U	
308	419	445	0	R	
309	201	108	0	R	
309	201	123	24	L	
309	201	200	24	L	
309	201	309	40	U	
309	201	336	8	F	
309	310	199	24	L	
309	310	305	8	F	
309	310	309	40	U	
309	334	124	0	R	
309	334	309	40	U	
309	334	333	8	F	
310	199	108	8	F	
310	199	124	24	L	
310	199	310	40	U	
310	305	306	24	L	
310	305	310	40	U	
310	305	340	0	R	
310	305	376	8	F	
310	309	201	0	R	
310	309	310	40	U	
310	309	334	8	F	
311	111	110	24	L	
311	111	166	8	F	
311	111	311	40	U	
311	139	27	0	R	
311	139	255	8	F	
311	139	311	40	U	
311	315	161	24	L	
311	315	311	40	U	
311	315	314	8	F	
312	239	1	0	R	
312	239	312	40	U	
312	239	370	8	F	
312	355	113	8	F	
312	355	312	40	U	
312	355	319	24	L	
312	425	177	8	F	
312	425	312	40	U	
312	425	326	24	L	
313	106	107	8	F	
313	106	313	40	U	
313	106	337	0	R	
313	347	224	8	F	
313	347	249	24	L	
313	347	313	40	U	
313	366	313	40	U	
313	366	337	24	L	
313	366	365	8	F	
314	115	110	8	F	
314	115	116	24	L	
314	115	314	40	U	
314	144	41	8	F	
314	144	145	24	L	
314	144	314	40	U	
314	315	161	8	F	
314	315	311	24	L	
314	315	314	40	U	
315	161	136	0	R	
315	161	160	8	F	
315	161	315	40	U	
315	311	111	24	L	
315	311	139	8	F	
315	311	315	40	U	
315	314	115	0	R	
315	314	144	8	F	
315	314	315	40	U	
316	57	316	40	U	
316	170	19	8	F	
316	170	171	0	R	
316	170	316	40	U	
316	283	25	24	L	
316	283	147	8	F	
316	283	316	40	U	
317	28	125	0	R	
317	28	127	8	F	
317	28	317	40	U	
317	278	258	8	F	
317	278	279	24	L	
317	278	317	40	U	
317	318	18	24	L	
317	318	317	40	U	
317	318	412	8	F	
317	318	444	0	R	
318	18	318	40	U	
318	18	339	0	R	
318	18	401	8	F	
318	317	28	8	F	
318	317	278	0	R	
318	317	318	40	U	
318	412	275	0	R	
318	412	318	40	U	
318	444	65	8	F	
318	444	275	24	L	
318	444	318	40	U	
319	10	25	24	L	
319	10	114	8	F	
319	10	319	40	U	
319	168	167	24	L	
319	168	254	8	F	
319	168	319	40	U	
319	355	113	24	L	
319	355	312	8	F	
319	355	319	40	U	
320	59	320	40	U	
320	59	421	8	F	
320	206	5	24	L	
320	206	62	8	F	
320	206	320	40	U	
320	277	240	24	L	
320	277	276	8	F	
320	277	320	40	U	
320	286	11	24	L	
320	286	287	8	F	
320	286	320	40	U	
321	322	221	0	R	
321	322	299	8	F	
321	322	321	40	U	
322	221	222	8	F	
322	221	322	40	U	
322	299	34	24	L	
322	299	298	24	L	
322	299	322	40	U	
322	299	359	8	F	
322	321	322	40	U	
323	93	176	8	F	
323	93	323	40	U	
323	174	173	8	F	
323	174	212	0	R	
323	174	323	40	U	
323	175	95	8	F	
323	175	176	0	R	
323	175	323	40	U	
324	293	324	40	U	
324	293	385	24	L	
324	325	45	8	F	
324	325	178	0	R	
324	325	324	40	U	
324	325	363	24	L	
324	363	301	8	F	
324	363	324	40	U	
324	363	325	0	R	
325	45	302	8	F	
325	45	325	40	U	
325	178	177	24	L	
325	178	325	40	U	
325	178	385	8	F	
325	324	293	8	F	
325	324	325	40	U	
325	324	363	0	R	
325	363	301	8	F	
325	363	324	24	L	
325	363	325	40	U	
326	238	210	24	L	
326	238	237	8	F	
326	238	326	40	U	
326	425	177	8	F	
326	425	312	0	R	
326	425	326	40	U	
327	74	327	40	U	
327	74	330	8	F	
327	328	71	8	F	
327	328	76	0	R	
327	328	327	40	U	
327	400	27	0	R	
327	400	169	8	F	
327	400	327	40	U	
328	71	328	40	U	
328	71	377	0	R	
328	71	415	8	F	
328	76	328	40	U	
328	76	329	8	F	
328	327	74	24	L	
328	327	328	40	U	
328	327	400	8	F	
329	76	328	8	F	
329	76	329	40	U	
329	330	37	24	L	
329	330	74	0	R	
329	330	329	40	U	
329	330	431	8	F	
329	342	13	0	R	
329	342	329	40	U	
329	342	429	8	F	
330	37	330	40	U	
330	37	388	8	F	
330	74	327	8	F	
330	74	330	40	U	
330	329	76	24	L	
330	329	330	40	U	
330	329	342	8	F	
330	431	58	24	L	
330	431	169	8	F	
330	431	330	40	U	
331	89	290	8	F	
331	89	331	40	U	
331	89	413	0	R	
331	89	442	24	L	
331	250	42	8	F	
331	250	251	0	R	
331	250	331	40	U	
331	332	251	0	R	
331	332	260	8	F	
331	332	331	40	U	
332	251	250	0	R	
332	251	266	8	F	
332	251	332	40	U	
332	260	261	0	R	
332	260	332	40	U	
332	260	427	8	F	
332	331	89	8	F	
332	331	250	0	R	
332	331	332	40	U	
333	262	152	24	L	
333	262	154	8	F	
333	262	333	40	U	
333	334	124	24	L	
333	334	309	8	F	
333	334	333	40	U	
333	360	88	24	L	
333	360	129	8	F	
333	360	333	40	U	
334	124	123	24	L	
334	124	199	8	F	
334	124	334	40	U	
334	309	201	24	L	
334	309	310	8	F	
334	309	334	40	U	
334	333	262	8	F	
334	333	334	40	U	
334	333	360	0	R	
335	193	192	8	F	
335	193	335	40	U	
335	193	437	0	R	
335	267	78	24	L	
335	267	135	8	F	
335	267	335	40	U	
335	393	40	24	L	
335	393	335	40	U	
335	393	371	8	F	
336	55	108	0	R	
336	55	295	8	F	
336	55	336	40	U	
336	55	435	24	L	
336	201	108	24	L	
336	201	123	8	F	
336	201	200	0	R	
336	201	309	24	L	
336	201	336	40	U	
336	406	153	8	F	
336	406	200	24	L	
336	406	336	40	U	
336	406	435	0	R	
337	106	107	0	R	
337	106	313	8	F	
337	106	337	40	U	
337	294	8	24	L	
337	294	109	8	F	
337	294	337	40	U	
337	295	55	8	F	
337	295	109	24	L	
337	295	337	40	U	
337	295	365	0	R	
337	366	313	8	F	
337	366	337	40	U	
337	366	365	24	L	
338	47	8	24	L	
338	47	225	8	F	
338	47	338	40	U	
338	142	14	0	R	
338	142	143	8	F	
338	142	338	40	U	
338	306	30	24	L	
338	306	120	8	F	
338	306	305	24	L	
338	306	338	40	U	
339	18	318	24	L	
339	18	339	40	U	
339	18	401	8	F	
339	75	291	8	F	
339	75	339	40	U	
339	191	190	24	L	
339	191	339	40	U	
340	305	306	8	F	
340	305	310	24	L	
340	305	340	40	U	
340	305	376	0	R	
340	341	151	0	R	
340	341	340	40	U	
340	341	433	8	F	
340	383	207	8	F	
340	383	208	24	L	
340	383	340	40	U	
341	151	152	8	F	
341	151	290	24	L	
341	151	341	40	U	
341	340	305	24	L	
341	340	341	40	U	
341	340	383	8	F	
341	433	341	40	U	
342	13	342	40	U	
342	13	411	8	F	
342	329	76	0	R	
342	329	330	8	F	
342	329	342	40	U	
342	429	342	40	U	
342	429	377	8	F	
342	429	411	0	R	
343	203	202	8	F	
343	203	343	40	U	
343	228	96	0	R	
343	228	118	8	F	
343	228	153	24	L	
343	228	343	40	U	
343	372	202	24	L	
343	372	227	8	F	
343	372	343	40	U	
344	14	142	0	R	
344	14	344	40	U	
344	14	346	8	F	
344	143	87	0	R	
344	143	142	24	L	
344	143	180	8	F	
344	143	344	40	U	
344	345	344	40	U	
344	345	346	0	R	
344	345	376	8	F	
345	344	14	24	L	
345	344	143	8	F	
345	344	345	40	U	
345	346	14	0	R	
345	346	30	8	F	
345	346	345	40	U	
345	376	208	24	L	
345	376	305	8	F	
345	376	345	40	U	
346	14	142	8	F	
346	14	344	0	R	
346	14	346	40	U	
346	30	306	8	F	
346	30	346	40	U	
346	345	344	8	F	
346	345	346	40	U	
346	345	376	0	R	
347	224	98	8	F	
347	224	225	0	R	
347	224	347	40	U	
347	249	248	8	F	
347	249	347	40	U	
347	249	424	24	L	
347	313	106	24	L	
347	313	347	40	U	
347	313	366	8	F	
348	134	99	8	F	
348	134	135	24	L	
348	134	348	40	U	
348	192	193	0	R	
348	192	348	40	U	
348	192	361	24	L	
348	192	437	8	F	
348	349	230	8	F	
348	349	348	40	U	
348	349	361	0	R	
349	230	229	8	F	
349	230	349	40	U	
349	348	134	8	F	
349	348	192	24	L	
349	348	349	40	U	
349	361	192	0	R	
349	361	288	8	F	
349	361	349	40	U	
350	9	297	24	L	
350	9	304	8	F	
350	9	350	40	U	
350	172	101	24	L	
350	172	222	8	F	
350	172	350	40	U	
350	384	35	8	F	
350	384	304	24	L	
350	384	350	40	U	
351	44	16	24	L	
351	44	274	8	F	
351	44	351	40	U	
351	227	219	8	F	
351	227	226	0	R	
351	227	351	40	U	
351	227	372	24	L	
351	264	265	0	R	
351	264	274	8	F	
351	264	351	40	U	
352	16	43	8	F	
352	16	44	0	R	
352	16	352	40	U	
352	195	194	8	F	
352	195	352	40	U	
352	226	227	8	F	
352	226	352	40	U	
352	272	220	8	F	
352	272	273	0	R	
352	272	352	40	U	
353	17	31	8	F	
353	17	353	40	U	
353	17	354	0	R	
353	229	7	8	F	
353	229	230	24	L	
353	229	353	40	U	
353	231	104	8	F	
353	231	232	0	R	
353	231	353	40	U	
354	17	31	8	F	
354	17	353	24	L	
354	17	354	40	U	
354	289	130	8	F	
354	289	242	24	L	
354	289	354	40	U	
354	403	31	24	L	
354	403	241	8	F	
354	403	354	40	U	
355	113	114	24	L	
355	113	198	0	R	
355	113	355	40	U	
355	113	432	8	F	
355	312	239	8	F	
355	312	355	40	U	
355	312	425	24	L	
355	319	10	0	R	
355	319	168	8	F	
355	319	355	40	U	
356	180	143	8	F	
356	180	179	0	R	
356	180	356	40	U	
356	244	87	0	R	
356	244	218	8	F	
356	244	245	24	L	
356	244	356	40	U	
356	362	117	24	L	
356	362	298	8	F	
356	362	356	40	U	
357	358	73	24	L	
357	358	357	40	U	
357	358	359	8	F	
357	421	59	8	F	
357	421	240	24	L	
357	421	357	40	U	
357	446	79	24	L	
357	446	357	40	U	
357	446	448	8	F	
358	73	358	40	U	
358	357	358	40	U	
358	357	421	8	F	
358	357	446	24	L	
358	359	98	0	R	
358	359	299	8	F	
358	359	358	40	U	
359	98	97	24	L	
359	98	224	8	F	
359	98	359	40	U	
359	299	34	0	R	
359	299	298	0	R	
359	299	322	8	F	
359	299	359	40	U	
359	358	73	0	R	
359	358	357	8	F	
359	358	359	40	U	
360	88	200	8	F	
360	88	360	40	U	
360	129	123	8	F	
360	129	360	40	U	
360	333	262	8	F	
360	333	334	24	L	
360	333	360	40	U	
361	192	193	8	F	
361	192	348	0	R	
361	192	361	40	U	
361	192	437	24	L	
361	288	104	8	F	
361	288	232	24	L	
361	288	361	40	U	
361	288	389	0	R	
361	349	230	8	F	
361	349	348	24	L	
361	349	361	40	U	
362	117	97	8	F	
362	117	362	40	U	
362	117	438	24	L	
362	298	299	24	L	
362	298	362	40	U	
362	356	180	8	F	
362	356	244	24	L	
362	356	362	40	U	
363	301	190	8	F	
363	301	300	0	R	
363	301	363	40	U	
363	324	293	8	F	
363	324	325	24	L	
363	324	363	40	U	
363	325	45	24	L	
363	325	178	8	F	
363	325	324	0	R	
363	325	363	40	U	
364	21	257	8	F	
364	21	364	40	U	
365	197	196	0	R	
365	197	365	40	U	
365	197	423	8	F	
365	295	55	0	R	
365	295	109	8	F	
365	295	337	24	L	
365	295	365	40	U	
365	366	313	8	F	
365	366	337	0	R	
365	366	365	40	U	
366	313	106	0	R	
366	313	347	8	F	
366	313	366	40	U	
366	337	106	24	L	
366	337	294	8	F	
366	337	295	0	R	
366	337	366	40	U	
366	365	197	8	F	
366	365	295	24	L	
366	365	366	40	U	
367	214	213	8	F	
367	214	248	0	R	
367	214	367	40	U	
367	215	187	0	R	
367	215	367	40	U	
367	215	440	8	F	
367	424	196	8	F	
367	424	249	24	L	
367	424	367	40	U	
368	7	99	8	F	
368	7	229	24	L	
368	7	368	40	U	
368	369	23	8	F	
368	369	31	0	R	
368	369	368	40	U	
368	445	368	40	U	
368	445	391	0	R	
368	445	419	8	F	
369	23	369	40	U	
369	23	392	24	L	
369	23	434	8	F	
369	31	17	8	F	
369	31	369	40	U	
369	31	403	24	L	
369	368	7	8	F	
369	368	369	40	U	
369	368	445	0	R	
370	239	1	24	L	
370	239	312	8	F	
370	239	370	40	U	
370	302	45	24	L	
370	302	303	8	F	
370	302	370	40	U	
370	439	69	24	L	
370	439	216	8	F	
370	439	370	40	U	
371	158	40	8	F	
371	158	159	0	R	
371	158	371	40	U	
371	247	246	8	F	
371	247	268	0	R	
371	247	371	40	U	
371	253	53	24	L	
371	253	78	0	R	
371	253	252	8	F	
371	253	254	24	L	
371	253	371	40	U	
371	393	40	0	R	
371	393	335	8	F	
371	393	371	40	U	
372	202	66	0	R	
372	202	203	24	L	
372	202	372	40	U	
372	202	407	8	F	
372	227	219	24	L	
372	227	226	8	F	
372	227	351	0	R	
372	227	372	40	U	
372	343	203	0	R	
372	343	228	8	F	
372	343	372	40	U	
373	67	43	0	R	
373	67	373	40	U	
373	67	426	8	F	
373	194	140	8	F	
373	194	195	24	L	
373	194	373	40	U	
373	374	81	0	R	
373	374	373	40	U	
373	374	382	8	F	
374	81	374	40	U	
374	81	428	8	F	
374	373	67	24	L	
374	373	194	8	F	
374	373	374	40	U	
374	382	374	40	U	
374	382	381	0	R	
374	382	399	8	F	
375	119	118	24	L	
375	119	153	8	F	
375	119	375	40	U	
375	200	88	8	F	
375	200	201	24	L	
375	200	375	40	U	
375	200	406	24	L	
375	395	121	8	F	
375	395	281	0	R	
375	395	375	40	U	
376	208	207	24	L	
376	208	217	24	L	
376	208	376	40	U	
376	208	383	8	F	
376	305	306	0	R	
376	305	310	8	F	
376	305	340	24	L	
376	305	376	40	U	
376	345	344	8	F	
376	345	346	24	L	
376	345	376	40	U	
377	29	63	0	R	
377	29	94	8	F	
377	29	377	40	U	
377	71	328	24	L	
377	71	377	40	U	
377	71	415	8	F	
377	415	71	24	L	
377	415	163	8	F	
377	415	377	40	U	
377	429	342	8	F	
377	429	377	40	U	
377	429	411	24	L	
378	32	185	8	F	
378	32	378	40	U	
378	32	394	0	R	
378	48	49	24	L	
378	48	378	40	U	
378	48	434	8	F	
378	164	49	0	R	
378	164	378	40	U	
378	164	394	8	F	
379	256	2	8	F	
379	256	257	0	R	
379	256	379	40	U	
379	380	26	24	L	
379	380	276	8	F	
379	380	379	40	U	
379	405	257	24	L	
379	405	379	40	U	
379	405	404	8	F	
380	26	11	0	R	
380	26	380	40	U	
380	26	381	8	F	
380	276	2	0	R	
380	276	277	8	F	
380	276	380	40	U	
380	379	256	24	L	
380	379	380	40	U	
380	379	405	8	F	
381	26	11	8	F	
381	26	380	0	R	
381	26	381	40	U	
381	52	381	40	U	
381	52	404	24	L	
381	52	428	8	F	
381	382	374	24	L	
381	382	381	40	U	
381	382	399	8	F	
382	374	81	24	L	
382	374	373	8	F	
382	374	382	40	U	
382	381	26	24	L	
382	381	52	8	F	
382	381	382	40	U	
382	399	11	0	R	
382	399	287	8	F	
382	399	382	40	U	
383	207	22	0	R	
383	207	208	24	L	
383	207	217	8	F	
383	207	383	40	U	
383	208	207	0	R	
383	208	217	0	R	
383	208	376	8	F	
383	208	383	40	U	
383	340	305	0	R	
383	340	341	8	F	
383	340	383	40	U	
384	35	157	8	F	
384	35	384	40	U	
384	304	9	24	L	
384	304	296	8	F	
384	304	384	40	U	
384	350	9	0	R	
384	350	172	8	F	
384	350	384	40	U	
385	177	178	24	L	
385	177	385	40	U	
385	177	425	8	F	
385	178	177	0	R	
385	178	325	8	F	
385	178	385	40	U	
385	293	324	0	R	
385	293	385	40	U	
386	36	186	24	L	
386	36	386	40	U	
386	36	387	8	F	
386	68	133	24	L	
386	68	186	8	F	
386	68	386	40	U	
386	420	132	0	R	
386	420	266	8	F	
386	420	386	40	U	
386	430	386	40	U	
386	430	387	24	L	
386	430	427	8	F	
387	36	186	0	R	
387	36	386	8	F	
387	36	387	40	U	
387	388	37	24	L	
387	388	58	24	L	
387	388	70	8	F	
387	388	387	40	U	
387	430	386	0	R	
387	430	387	40	U	
387	430	427	8	F	
387	443	156	24	L	
387	443	169	8	F	
387	443	387	40	U	
388	37	330	8	F	
388	37	388	40	U	
388	58	388	40	U	
388	58	431	8	F	
388	70	388	40	U	
388	70	427	8	F	
388	387	36	24	L	
388	387	388	40	U	
388	387	430	24	L	
388	387	443	8	F	
389	223	40	8	F	
389	223	146	24	L	
389	223	389	40	U	
389	288	104	0	R	
389	288	232	8	F	
389	288	361	24	L	
389	288	389	40	U	
389	437	192	8	F	
389	437	193	24	L	
389	437	389	40	U	
390	38	39	0	R	
390	38	125	8	F	
390	38	390	40	U	
390	39	38	24	L	
390	39	390	40	U	
390	39	392	8	F	
390	391	279	0	R	
390	391	390	40	U	
390	391	392	24	L	
390	391	445	8	F	
391	279	259	24	L	
391	279	278	8	F	
391	279	391	40	U	
391	390	38	8	F	
391	390	39	0	R	
391	390	391	40	U	
391	392	23	8	F	
391	392	39	24	L	
391	392	391	40	U	
391	445	368	8	F	
391	445	391	40	U	
391	445	419	0	R	
392	23	369	0	R	
392	23	392	40	U	
392	23	434	8	F	
392	39	38	8	F	
392	39	390	24	L	
392	39	392	40	U	
392	391	279	8	F	
392	391	390	0	R	
392	391	392	40	U	
392	391	445	24	L	
393	40	158	0	R	
393	40	223	8	F	
393	40	393	40	U	
393	335	193	0	R	
393	335	267	8	F	
393	335	393	40	U	
393	371	158	24	L	
393	371	247	8	F	
393	371	253	0	R	
393	371	393	40	U	
394	32	185	0	R	
394	32	378	8	F	
394	32	394	40	U	
394	56	185	8	F	
394	56	394	40	U	
394	164	49	24	L	
394	164	378	8	F	
394	164	394	40	U	
394	182	181	8	F	
394	182	394	40	U	
395	121	122	8	F	
395	121	149	0	R	
395	121	150	0	R	
395	121	395	40	U	
395	281	118	0	R	
395	281	280	8	F	
395	281	395	40	U	
395	375	119	8	F	
395	375	200	0	R	
395	375	395	40	U	
396	149	121	0	R	
396	149	150	0	R	
396	149	396	40	U	
396	149	408	8	F	
396	150	121	8	F	
396	150	149	24	L	
396	150	165	0	R	
396	150	396	40	U	
396	166	111	8	F	
396	166	165	24	L	
396	166	396	40	U	
397	20	19	8	F	
397	20	397	40	U	
397	110	6	0	R	
397	110	111	24	L	
397	110	115	8	F	
397	110	397	40	U	
397	398	397	40	U	
397	398	407	8	F	
397	398	408	0	R	
398	397	20	8	F	
398	397	110	24	L	
398	397	398	40	U	
398	407	96	0	R	
398	407	202	8	F	
398	407	398	40	U	
398	408	149	8	F	
398	408	280	24	L	
398	408	398	40	U	
399	11	26	8	F	
399	11	286	24	L	
399	11	399	40	U	
399	287	85	24	L	
399	287	271	8	F	
399	287	286	0	R	
399	287	399	40	U	
399	382	374	8	F	
399	382	381	24	L	
399	382	399	40	U	
400	27	139	24	L	
400	27	155	8	F	
400	27	163	0	R	
400	27	400	40	U	
400	169	160	0	R	
400	169	400	40	U	
400	169	431	24	L	
400	169	443	8	F	
400	327	74	0	R	
400	327	328	8	F	
400	327	400	40	U	
401	18	318	0	R	
401	18	339	8	F	
401	18	401	40	U	
401	61	292	0	R	
401	61	401	40	U	
401	61	419	8	F	
401	258	259	8	F	
401	258	278	24	L	
401	258	401	40	U	
402	43	16	8	F	
402	43	67	0	R	
402	43	402	40	U	
402	270	187	8	F	
402	270	274	0	R	
402	270	402	40	U	
402	426	67	24	L	
402	426	213	0	R	
402	426	402	40	U	
402	426	447	8	F	
403	31	17	24	L	
403	31	369	8	F	
403	31	403	40	U	
403	241	242	8	F	
403	241	403	40	U	
403	241	417	24	L	
403	354	17	8	F	
403	354	289	24	L	
403	354	403	40	U	
404	52	381	8	F	
404	52	404	40	U	
404	52	428	24	L	
404	405	257	0	R	
404	405	379	8	F	
404	405	404	40	U	
404	447	404	40	U	
404	447	426	8	F	
404	447	428	0	R	
405	257	21	8	F	
405	257	256	24	L	
405	257	405	40	U	
405	379	256	0	R	
405	379	380	8	F	
405	379	405	40	U	
405	404	52	0	R	
405	404	405	40	U	
405	404	447	8	F	
406	153	119	24	L	
406	153	228	8	F	
406	153	406	40	U	
406	153	436	0	R	
406	200	88	8	F	
406	200	201	24	L	
406	200	375	0	R	
406	200	406	40	U	
406	336	55	24	L	
406	336	201	8	F	
406	336	406	40	U	
406	435	55	0	R	
406	435	406	40	U	
406	435	423	8	F	
406	435	436	24	L	
407	96	84	8	F	
407	96	228	24	L	
407	96	407	40	U	
407	202	66	24	L	
407	202	203	0	R	
407	202	372	8	F	
407	202	407	40	U	
407	398	397	8	F	
407	398	407	40	U	
407	398	408	24	L	
408	149	121	24	L	
408	149	150	24	L	
408	149	396	8	F	
408	149	408	40	U	
408	280	84	8	F	
408	280	281	0	R	
408	280	408	40	U	
408	398	397	24	L	
408	398	407	8	F	
408	398	408	40	U	
409	46	409	40	U	
409	184	112	24	L	
409	184	183	8	F	
409	184	409	40	U	
409	410	33	24	L	
409	410	104	8	F	
409	410	409	40	U	
410	33	146	8	F	
410	33	263	24	L	
410	33	410	40	U	
410	104	105	0	R	
410	104	231	8	F	
410	104	288	24	L	
410	104	410	40	U	
410	409	46	24	L	
410	409	184	8	F	
410	409	410	40	U	
411	13	342	8	F	
411	13	411	40	U	
411	261	80	24	L	
411	261	260	8	F	
411	261	411	40	U	
411	429	342	8	F	
411	429	377	0	R	
411	429	411	40	U	
412	275	128	8	F	
412	275	412	40	U	
412	275	444	0	R	
412	318	18	0	R	
412	318	317	8	F	
412	318	412	40	U	
412	318	444	24	L	
413	72	413	40	U	
413	89	290	0	R	
413	89	331	24	L	
413	89	413	40	U	
413	89	442	8	F	
414	198	113	8	F	
414	198	414	40	U	
414	204	205	8	F	
414	204	211	24	L	
414	204	414	40	U	
414	234	233	8	F	
414	234	414	40	U	
414	234	432	24	L	
415	71	328	8	F	
415	71	377	24	L	
415	71	415	40	U	
415	163	27	24	L	
415	163	154	8	F	
415	163	415	40	U	
415	377	29	8	F	
415	377	71	0	R	
415	377	415	40	U	
415	377	429	0	R	
416	51	290	8	F	
416	51	416	40	U	
417	92	417	40	U	
417	92	434	8	F	
417	241	242	24	L	
417	241	403	8	F	
417	241	417	40	U	
417	243	131	8	F	
417	243	242	0	R	
417	243	417	40	U	
418	90	418	40	U	
418	95	175	0	R	
418	95	176	8	F	
418	95	418	40	U	
418	185	32	24	L	
418	185	56	24	L	
418	185	91	8	F	
418	185	418	40	U	
419	61	292	24	L	
419	61	401	8	F	
419	61	419	40	U	
419	259	258	8	F	
419	259	279	0	R	
419	259	419	40	U	
419	308	100	24	L	
419	308	307	8	F	
419	308	419	40	U	
419	445	368	8	F	
419	445	391	24	L	
419	445	419	40	U	
420	132	133	8	F	
420	132	420	40	U	
420	266	237	0	R	
420	266	251	8	F	
420	266	420	40	U	
420	386	36	8	F	
420	386	68	24	L	
420	386	420	40	U	
420	386	430	0	R	
421	59	320	8	F	
421	59	421	40	U	
421	240	2	24	L	
421	240	277	8	F	
421	240	421	40	U	
421	357	358	8	F	
421	357	421	40	U	
421	357	446	0	R	
422	12	94	24	L	
422	12	290	8	F	
422	12	422	40	U	
422	12	442	0	R	
422	50	422	40	U	
422	94	12	0	R	
422	94	29	8	F	
422	94	422	40	U	
423	197	196	8	F	
423	197	365	0	R	
423	197	423	40	U	
423	435	55	24	L	
423	435	406	8	F	
423	435	423	40	U	
423	435	436	0	R	
423	441	423	40	U	
423	441	436	8	F	
423	441	440	0	R	
424	196	197	8	F	
424	196	424	40	U	
424	249	248	8	F	
424	249	347	0	R	
424	249	424	40	U	
424	367	214	8	F	
424	367	215	24	L	
424	367	424	40	U	
425	177	178	0	R	
425	177	385	8	F	
425	177	425	40	U	
425	312	239	24	L	
425	312	355	8	F	
425	312	425	40	U	
425	326	238	8	F	
425	326	425	40	U	
426	67	43	24	L	
426	67	373	8	F	
426	67	426	40	U	
426	213	188	0	R	
426	213	214	8	F	
426	213	426	40	U	
426	402	43	0	R	
426	402	270	8	F	
426	402	426	40	U	
426	447	404	8	F	
426	447	426	40	U	
426	447	428	24	L	
427	70	388	8	F	
427	70	427	40	U	
427	260	261	24	L	
427	260	332	8	F	
427	260	427	40	U	
427	430	386	8	F	
427	430	387	0	R	
427	430	427	40	U	
428	52	381	8	F	
428	52	404	0	R	
428	52	428	40	U	
428	81	374	8	F	
428	81	428	40	U	
428	447	404	24	L	
428	447	426	8	F	
428	447	428	40	U	
429	342	13	24	L	
429	342	329	8	F	
429	342	429	40	U	
429	377	29	8	F	
429	377	71	24	L	
429	377	415	24	L	
429	377	429	40	U	
429	411	13	0	R	
429	411	261	8	F	
429	411	429	40	U	
430	386	36	0	R	
430	386	68	8	F	
430	386	420	24	L	
430	386	430	40	U	
430	387	36	24	L	
430	387	388	0	R	
430	387	430	40	U	
430	387	443	8	F	
430	427	70	24	L	
430	427	260	8	F	
430	427	430	40	U	
431	58	388	8	F	
431	58	431	40	U	
431	169	160	8	F	
431	169	400	0	R	
431	169	431	40	U	
431	169	443	24	L	
431	330	37	0	R	
431	330	74	24	L	
431	330	329	8	F	
431	330	431	40	U	
432	113	114	0	R	
432	113	198	24	L	
432	113	355	8	F	
432	113	432	40	U	
432	148	147	24	L	
432	148	171	8	F	
432	148	432	40	U	
432	234	233	8	F	
432	234	414	0	R	
432	234	432	40	U	
433	341	151	8	F	
433	341	340	0	R	
433	341	433	40	U	
434	23	369	8	F	
434	23	392	0	R	
434	23	434	40	U	
434	48	49	0	R	
434	48	378	8	F	
434	48	434	40	U	
434	92	417	8	F	
434	92	434	40	U	
435	55	108	8	F	
435	55	295	24	L	
435	55	336	0	R	
435	55	435	40	U	
435	406	153	0	R	
435	406	200	8	F	
435	406	336	24	L	
435	406	435	40	U	
435	423	197	8	F	
435	423	435	40	U	
435	423	441	24	L	
435	436	153	24	L	
435	436	265	8	F	
435	436	435	40	U	
435	436	441	0	R	
436	153	119	8	F	
436	153	228	0	R	
436	153	406	24	L	
436	153	436	40	U	
436	265	264	8	F	
436	265	436	40	U	
436	265	440	0	R	
436	435	55	8	F	
436	435	406	0	R	
436	435	423	24	L	
436	435	436	40	U	
436	441	423	0	R	
436	441	436	40	U	
436	441	440	8	F	
437	192	193	24	L	
437	192	348	8	F	
437	192	361	0	R	
437	192	437	40	U	
437	193	192	0	R	
437	193	335	8	F	
437	193	437	40	U	
437	389	223	8	F	
437	389	288	24	L	
437	389	437	40	U	
438	117	97	8	F	
438	117	362	0	R	
438	117	438	40	U	
438	179	180	8	F	
438	179	438	40	U	
438	225	47	24	L	
438	225	224	8	F	
438	225	438	40	U	
439	69	439	40	U	
439	216	60	8	F	
439	216	439	40	U	
439	370	239	8	F	
439	370	302	0	R	
439	370	439	40	U	
440	215	187	24	L	
440	215	367	8	F	
440	215	440	40	U	
440	265	264	0	R	
440	265	436	8	F	
440	265	440	40	U	
440	441	423	24	L	
440	441	436	8	F	
440	441	440	40	U	
441	423	197	8	F	
441	423	435	0	R	
441	423	441	40	U	
441	436	153	8	F	
441	436	265	0	R	
441	436	435	24	L	
441	436	441	40	U	
441	440	215	8	F	
441	440	265	24	L	
441	440	441	40	U	
442	12	94	8	F	
442	12	290	0	R	
442	12	422	24	L	
442	12	442	40	U	
442	64	442	40	U	
442	89	290	24	L	
442	89	331	0	R	
442	89	413	8	F	
442	89	442	40	U	
443	156	86	0	R	
443	156	162	8	F	
443	156	443	40	U	
443	169	160	24	L	
443	169	400	8	F	
443	169	431	0	R	
443	169	443	40	U	
443	387	36	8	F	
443	387	388	24	L	
443	387	430	24	L	
443	387	443	40	U	
444	65	444	40	U	
444	275	128	0	R	
444	275	412	24	L	
444	275	444	40	U	
444	318	18	8	F	
444	318	317	24	L	
444	318	412	0	R	
444	318	444	40	U	
445	368	7	0	R	
445	368	369	8	F	
445	368	445	40	U	
445	391	279	8	F	
445	391	390	0	R	
445	391	392	0	R	
445	391	445	40	U	
445	419	61	8	F	
445	419	259	0	R	
445	419	308	24	L	
445	419	445	40	U	
446	79	446	40	U	
446	357	358	0	R	
446	357	421	8	F	
446	357	446	40	U	
446	448	77	24	L	
446	448	82	8	F	
446	448	446	40	U	
447	404	52	24	L	
447	404	405	8	F	
447	404	447	40	U	
447	426	67	0	R	
447	426	213	24	L	
447	426	402	8	F	
447	426	447	40	U	
447	428	52	0	R	
447	428	81	8	F	
447	428	447	40	U	
448	77	448	40	U	
448	82	83	24	L	
448	82	248	8	F	
448	82	448	40	U	
448	446	79	0	R	
448	446	357	8	F	
448	446	448	40	U	
