Name:			p01
#Vehicles:		8
Capacity:		590
Depot:			1
#Nodes:			80
#Edges:			80
#Arcs:			200
#Required-N:	0
#Required-E:	80
#Required-A:	80
#Nb-Turns:		1771

----------NODES----------
INDEX	QTY	IS-REQUIRED	X	Y
1	0	0	11.95	110.24
2	0	0	140.7	112.30
3	0	0	47.71	87.49
4	0	0	148.13	50.21
5	0	0	104.19	111.72
6	0	0	103.43	27.83
7	0	0	29.3	144.54
8	0	0	81.39	24.44
9	0	0	159.27	52.20
10	0	0	160.43	80.94
11	0	0	64.11	84.83
12	0	0	99.39	99.55
13	0	0	34.2	79.85
14	0	0	134.79	55.18
15	0	0	86.51	131.90
16	0	0	161.14	146.54
17	0	0	93.18	76.87
18	0	0	139.69	145.24
19	0	0	166.31	144.45
20	0	0	131.49	72.74
21	0	0	32.38	125.50
22	0	0	43.60	74.22
23	0	0	176.71	78.99
24	0	0	57.73	38.5
25	0	0	96.21	55.19
26	0	0	96.41	110.81
27	0	0	115.75	98.11
28	0	0	159.34	112.30
29	0	0	114.48	124.33
30	0	0	45.80	113.39
31	0	0	112.30	77.84
32	0	0	145.54	98.99
33	0	0	154.27	63.32
34	0	0	75.73	87.87
35	0	0	89.8	70.93
36	0	0	110.94	105.18
37	0	0	78.3	103.3
38	0	0	133.92	30.54
39	0	0	36.85	70.19
40	0	0	85.8	59.19
41	0	0	97.59	109.41
42	0	0	188.35	121.88
43	0	0	94.36	86.47
44	0	0	0.54	182.59
45	0	0	74.74	82.22
46	0	0	117.79	114.86
47	0	0	144.54	88.39
48	0	0	78.93	120.2
49	0	0	105.14	58.34
50	0	0	112.72	65.0
51	0	0	147.73	29.55
52	0	0	97.98	14.49
53	0	0	76.93	110.63
54	0	0	114.24	31.43
55	0	0	56.38	141.63
56	0	0	105.89	128.79
57	0	0	69.52	119.81
58	0	0	50.84	21.9
59	0	0	74.77	62.96
60	0	0	84.37	59.76
61	0	0	119.60	89.42
62	0	0	70.4	0.55
63	0	0	137.63	101.27
64	0	0	133.61	122.79
65	0	0	46.62	56.11
66	0	0	70.15	145.40
67	0	0	68.23	72.91
68	0	0	90.74	122.42
69	0	0	62.63	105.21
70	0	0	108.84	88.92
71	0	0	83.48	135.34
72	0	0	79.88	102.81
73	0	0	119.48	135.64
74	0	0	104.87	65.25
75	0	0	60.19	54.51
76	0	0	104.22	106.19
77	0	0	37.32	103.0
78	0	0	87.31	24.53
79	0	0	62.23	154.64
80	0	0	84.76	84.36

----------EDGES----------
INDEX-I	INDEX-J	QTY	IS-REQUIRED	TR-COST
8	70	48	1	72
52	43	45	1	76
32	20	39	1	24
41	69	15	1	26
23	75	5	1	107
71	8	35	1	97
69	72	46	1	27
20	37	22	1	78
29	50	15	1	46
15	36	18	1	34
46	2	25	1	65
15	68	23	1	13
26	11	29	1	41
72	28	21	1	77
60	33	6	1	90
50	46	17	1	64
34	53	29	1	22
25	40	41	1	11
42	31	45	1	77
39	34	22	1	32
21	29	46	1	81
35	34	31	1	25
68	20	37	1	68
22	80	23	1	37
8	23	14	1	109
45	48	34	1	25
69	80	22	1	28
36	28	45	1	67
57	41	46	1	57
20	72	35	1	80
61	23	35	1	56
33	64	37	1	49
36	50	30	1	72
18	15	17	1	51
23	40	41	1	84
29	36	24	1	60
43	70	48	1	15
43	31	36	1	21
73	32	35	1	38
22	58	12	1	47
27	61	43	1	11
49	17	50	1	20
59	49	24	1	28
35	36	22	1	36
80	46	20	1	31
45	13	26	1	34
61	72	28	1	32
2	53	38	1	43
47	25	10	1	62
37	59	16	1	46
41	26	50	1	2
53	74	45	1	49
2	32	42	1	15
37	75	30	1	82
45	14	11	1	51
25	51	6	1	43
74	76	7	1	47
70	56	28	1	31
56	48	40	1	25
27	5	49	1	17
6	38	7	1	74
73	35	24	1	51
79	44	29	1	73
56	9	32	1	97
75	38	30	1	85
17	4	20	1	52
78	33	5	1	110
24	8	27	1	59
47	20	5	1	24
34	43	36	1	16
47	33	29	1	41
21	79	44	1	53
71	74	29	1	76
29	13	42	1	80
40	60	9	1	1
62	78	38	1	36
44	37	11	1	115
60	45	26	1	20
17	33	26	1	65
10	27	16	1	72

-----------ARCS----------
INDEX-I	INDEX-J	QTY	IS-REQUIRED	TR-COST
7	29	0	0	58
29	15	0	0	67
15	48	16	1	13
48	37	0	0	24
37	77	0	0	30
77	45	0	0	40
45	52	5	1	51
52	6	0	0	15
6	50	0	0	27
50	73	34	1	77
73	9	0	0	77
9	49	0	0	48
49	72	0	0	57
72	51	30	1	91
51	2	34	1	108
2	20	0	0	39
20	63	28	1	26
63	28	0	0	23
28	32	0	0	54
32	31	19	1	56
31	78	0	0	66
78	60	29	1	34
60	11	16	1	51
11	30	6	1	38
30	55	0	0	31
55	62	0	0	96
62	47	45	1	95
47	10	0	0	44
10	34	0	0	66
34	12	44	1	63
12	64	0	0	36
64	76	11	1	39
76	41	22	1	7
41	40	14	1	45
40	8	0	0	34
8	4	0	0	48
4	14	0	0	111
14	61	0	0	33
61	57	45	1	48
57	23	43	1	99
23	54	0	0	76
54	35	15	1	36
35	3	0	0	33
3	27	13	1	60
27	24	17	1	82
24	69	0	0	80
69	59	0	0	36
59	36	44	1	47
36	70	0	0	21
70	42	39	1	78
42	19	0	0	29
19	33	30	1	90
33	46	0	0	78
46	18	8	1	35
18	56	29	1	38
56	67	0	0	98
67	39	21	1	34
39	25	35	1	59
25	26	32	1	45
26	22	44	1	65
22	38	0	0	88
38	74	0	0	59
74	80	32	1	35
80	17	0	0	10
17	16	0	0	71
16	1	0	0	102
1	65	50	1	81
65	58	0	0	42
58	75	0	0	31
75	68	0	0	52
68	43	49	1	41
43	13	0	0	66
13	5	33	1	67
5	66	0	0	43
66	53	27	1	32
53	21	22	1	47
21	44	10	1	118
44	71	0	0	98
71	79	0	0	25
79	7	0	0	48
44	21	0	0	118
21	69	0	0	29
69	45	50	1	29
45	34	0	0	49
34	13	0	0	79
13	38	0	0	84
38	20	0	0	34
20	50	0	0	16
50	53	37	1	44
53	30	0	0	26
30	24	0	0	57
24	33	0	0	66
33	40	28	1	88
40	41	15	1	45
41	5	0	0	7
5	73	32	1	44
73	55	0	0	48
55	48	22	1	32
48	79	48	1	37
79	22	38	1	61
22	29	0	0	84
29	71	0	0	42
71	26	33	1	20
26	66	6	1	45
66	11	0	0	51
11	67	27	1	12
67	60	25	1	56
60	56	0	0	68
56	23	0	0	76
23	32	10	1	37
32	15	0	0	66
15	47	0	0	71
47	76	35	1	36
76	31	0	0	27
31	75	32	1	49
75	1	0	0	92
1	8	0	0	100
8	58	0	0	27
58	59	0	0	55
59	9	0	0	76
9	61	0	0	69
61	14	49	1	33
14	78	18	1	104
78	6	0	0	17
6	52	11	1	15
52	35	0	0	60
35	4	0	0	57
4	10	0	0	27
10	42	0	0	40
42	28	0	0	56
28	43	0	0	53
43	62	0	0	81
62	27	0	0	91
27	46	0	0	21
46	36	0	0	15
36	74	7	1	76
74	77	42	1	67
77	65	21	1	59
65	80	31	1	33
80	57	23	1	32
57	68	8	1	23
68	37	12	1	34
37	72	0	0	2
72	64	22	1	92
64	12	0	0	36
12	17	0	0	31
17	70	0	0	26
70	49	7	1	27
49	54	0	0	31
54	51	0	0	59
51	63	0	0	58
63	18	40	1	48
18	2	39	1	40
2	16	0	0	72
16	19	18	1	6
19	25	0	0	76
25	39	0	0	59
39	3	0	0	22
3	7	39	1	43
7	44	0	0	40
77	1	38	1	24
50	38	0	0	50
14	42	0	0	108
56	53	0	0	42
27	54	0	0	66
18	74	0	0	76
67	75	44	1	71
9	4	16	1	12
29	80	0	0	47
75	53	0	0	58
8	17	0	0	55
3	78	0	0	59
50	41	0	0	47
12	11	43	1	31
12	61	20	1	59
63	5	0	0	29
74	36	0	0	76
29	31	0	0	57
24	31	27	1	74
2	10	0	0	60
32	12	0	0	42
64	29	0	0	19
19	28	0	0	56
63	68	0	0	42
9	51	40	1	73
80	67	7	1	54
67	77	0	0	71
10	26	0	0	54
78	77	10	1	86
41	78	35	1	75
50	67	0	0	31
67	49	23	1	59
51	10	0	0	57
18	9	0	0	77
48	75	24	1	59
53	16	0	0	85
64	45	41	1	64
10	29	0	0	51
56	74	0	0	87
17	40	0	0	24

----------TURNS----------
INDEX-I	INDEX-J INDEX-K	COST TYPE
7	29	15	3	L
7	29	71	3	L
7	29	80	3	L
7	29	31	3	L
7	29	50	1	R
7	29	21	3	L
7	29	36	3	L
7	29	13	3	L
29	15	48	1	R
29	15	47	3	L
29	15	36	1	R
29	15	68	1	R
29	15	18	1	R
15	48	37	3	L
15	48	79	1	R
15	48	75	1	R
15	48	45	1	R
15	48	56	3	L
48	37	77	1	R
48	37	72	3	L
48	37	20	1	R
48	37	59	3	L
48	37	75	3	L
48	37	44	1	R
37	77	45	1	R
37	77	65	1	R
37	77	1	3	L
77	45	52	3	L
77	45	34	3	L
77	45	48	1	R
77	45	13	3	L
77	45	14	1	R
77	45	60	3	L
45	52	6	3	L
45	52	35	3	L
45	52	43	3	L
52	6	50	3	L
52	6	52	10000	U
52	6	38	3	L
6	50	73	1	R
6	50	53	3	L
6	50	38	1	R
6	50	41	3	L
6	50	67	1	R
6	50	29	1	R
6	50	46	3	L
6	50	36	3	L
50	73	9	1	R
50	73	55	3	L
50	73	32	1	R
50	73	35	3	L
73	9	49	1	R
73	9	61	1	R
73	9	4	3	L
73	9	51	1	R
73	9	56	1	R
9	49	72	1	R
9	49	54	3	L
9	49	17	1	R
9	49	59	3	L
49	72	51	3	L
49	72	64	1	R
49	72	69	1	R
49	72	28	1	R
49	72	20	1	R
49	72	61	1	R
72	51	2	3	L
72	51	63	3	L
72	51	10	3	L
72	51	25	3	L
51	2	20	1	R
51	2	16	1	R
51	2	10	1	R
51	2	46	3	L
51	2	53	3	L
51	2	32	1	R
2	20	63	1	R
2	20	50	3	L
2	20	32	3	L
2	20	37	1	R
2	20	68	1	R
2	20	72	1	R
2	20	47	3	L
20	63	28	3	L
20	63	18	1	R
20	63	5	1	R
20	63	68	1	R
63	28	32	3	L
63	28	43	1	R
63	28	72	1	R
63	28	36	1	R
28	32	31	3	L
28	32	15	3	L
28	32	12	1	R
28	32	20	1	R
28	32	73	3	L
28	32	2	3	L
32	31	78	3	L
32	31	75	3	L
32	31	42	3	L
32	31	43	1	R
31	78	60	1	R
31	78	6	3	L
31	78	77	3	L
31	78	33	3	L
31	78	62	1	R
78	60	11	1	R
78	60	56	0	R
78	60	33	1	R
78	60	40	1	R
78	60	45	3	L
60	11	30	3	L
60	11	67	1	R
60	11	26	3	L
11	30	55	3	L
11	30	24	1	R
30	55	62	3	L
30	55	48	3	L
55	62	47	3	L
55	62	27	3	L
55	62	78	3	L
62	47	10	1	R
62	47	76	3	L
62	47	25	3	L
62	47	20	1	R
62	47	33	3	L
47	10	34	1	R
47	10	42	3	L
47	10	26	1	R
47	10	29	1	R
47	10	27	1	R
10	34	12	1	R
10	34	13	3	L
10	34	53	3	L
10	34	39	1	R
10	34	35	3	L
10	34	43	3	L
34	12	64	3	L
34	12	17	1	R
34	12	11	3	L
34	12	61	1	R
12	64	76	3	L
12	64	12	10000	U
12	64	29	3	L
12	64	45	3	L
12	64	33	3	L
64	76	41	1	R
64	76	31	3	L
64	76	74	3	L
76	41	40	3	L
76	41	5	3	L
76	41	78	1	R
76	41	69	3	L
76	41	57	3	L
76	41	26	1	R
41	40	8	3	L
41	40	41	10000	U
41	40	25	1	R
41	40	23	3	L
41	40	60	1	R
40	8	4	3	L
40	8	58	3	L
40	8	17	3	L
40	8	70	1	R
40	8	71	3	L
40	8	23	3	L
40	8	24	3	L
8	4	14	3	L
8	4	10	3	L
8	4	17	3	L
4	14	61	1	R
4	14	78	3	L
4	14	42	1	R
4	14	45	3	L
14	61	57	1	R
14	61	14	10000	U
14	61	23	3	L
14	61	27	3	L
14	61	72	1	R
61	57	23	3	L
61	57	68	1	R
61	57	41	3	L
57	23	54	1	R
57	23	32	1	R
57	23	75	1	R
57	23	8	1	R
57	23	61	3	L
57	23	40	1	R
23	54	35	1	R
23	54	51	1	R
54	35	3	1	R
54	35	4	1	R
54	35	34	1	R
54	35	36	3	L
54	35	73	1	R
35	3	27	3	L
35	3	7	1	R
35	3	78	1	R
3	27	24	3	L
3	27	46	3	L
3	27	54	3	L
3	27	61	3	L
3	27	5	3	L
3	27	10	3	L
27	24	69	1	R
27	24	33	3	L
27	24	31	1	R
27	24	8	1	R
24	69	59	3	L
24	69	45	3	L
24	69	41	1	R
24	69	72	1	R
24	69	80	3	L
69	59	36	1	R
69	59	9	3	L
69	59	49	3	L
69	59	37	1	R
59	36	70	1	R
59	36	74	1	R
59	36	15	1	R
59	36	28	1	R
59	36	50	1	R
59	36	29	1	R
59	36	35	1	R
36	70	42	3	L
36	70	49	3	L
36	70	8	3	L
36	70	43	3	L
36	70	56	1	R
70	42	19	1	R
70	42	28	1	R
70	42	31	1	R
42	19	33	1	R
42	19	25	1	R
42	19	28	1	R
19	33	46	3	L
19	33	40	3	L
19	33	60	3	L
19	33	64	3	L
19	33	78	3	L
19	33	47	3	L
19	33	17	3	L
33	46	18	1	R
33	46	36	1	R
33	46	2	3	L
33	46	50	3	L
33	46	80	3	L
46	18	56	3	L
46	18	2	1	R
46	18	74	1	R
46	18	9	1	R
46	18	15	1	R
18	56	67	3	L
18	56	23	1	R
18	56	53	3	L
18	56	74	3	L
18	56	70	3	L
18	56	48	3	L
18	56	9	3	L
56	67	39	3	L
56	67	60	1	R
56	67	75	1	R
56	67	77	3	L
56	67	49	1	R
67	39	25	3	L
67	39	3	3	L
67	39	34	3	L
39	25	26	1	R
39	25	39	10000	U
39	25	40	3	L
39	25	47	3	L
39	25	51	3	L
25	26	22	3	L
25	26	66	1	R
25	26	11	1	R
25	26	41	1	R
26	22	38	3	L
26	22	29	3	L
26	22	80	3	L
26	22	58	3	L
22	38	74	1	R
22	38	20	1	R
22	38	6	1	R
22	38	75	1	R
38	74	80	1	R
38	74	77	1	R
38	74	36	1	R
38	74	53	1	R
38	74	76	1	R
38	74	71	1	R
74	80	17	1	R
74	80	57	3	L
74	80	67	1	R
74	80	22	3	L
74	80	69	1	R
74	80	46	3	L
80	17	16	1	R
80	17	70	3	L
80	17	40	1	R
80	17	49	1	R
80	17	4	1	R
80	17	33	3	L
17	16	1	3	L
17	16	19	1	R
16	1	65	0	O
16	1	8	0	O
1	65	58	3	L
1	65	80	3	L
65	58	75	1	R
65	58	59	3	L
65	58	22	1	R
58	75	68	1	R
58	75	1	1	R
58	75	53	1	R
58	75	23	1	R
58	75	37	1	R
58	75	38	1	R
75	68	43	1	R
75	68	37	1	R
75	68	15	1	R
75	68	20	1	R
68	43	13	1	R
68	43	62	1	R
68	43	52	1	R
68	43	70	1	R
68	43	31	1	R
68	43	34	3	L
43	13	5	3	L
43	13	38	3	L
43	13	45	1	R
43	13	29	3	L
13	5	66	1	R
13	5	73	1	R
13	5	27	3	L
5	66	53	1	R
5	66	11	3	L
66	53	21	3	L
66	53	30	1	R
66	53	16	1	R
66	53	34	1	R
66	53	2	1	R
66	53	74	1	R
53	21	44	3	L
53	21	69	3	L
53	21	29	1	R
53	21	79	1	R
21	44	71	3	L
21	44	21	10000	U
21	44	79	3	L
21	44	37	3	L
44	71	79	3	L
44	71	26	3	L
44	71	8	3	L
44	71	74	3	L
71	79	7	1	R
71	79	22	1	R
71	79	44	3	L
71	79	21	1	R
79	7	29	3	L
79	7	44	3	L
44	21	44	10000	U
44	21	69	1	R
44	21	29	1	R
44	21	79	1	R
21	69	59	1	R
21	69	45	1	R
21	69	41	3	L
21	69	72	1	R
21	69	80	1	R
69	45	52	3	L
69	45	34	3	L
69	45	48	1	R
69	45	13	3	L
69	45	14	1	R
69	45	60	3	L
45	34	12	1	R
45	34	13	1	R
45	34	53	1	R
45	34	39	1	R
45	34	35	1	R
45	34	43	3	L
34	13	5	3	L
34	13	38	3	L
34	13	45	1	R
34	13	29	3	L
13	38	74	1	R
13	38	20	1	R
13	38	6	1	R
13	38	75	1	R
38	20	63	1	R
38	20	50	3	L
38	20	32	3	L
38	20	37	1	R
38	20	68	1	R
38	20	72	1	R
38	20	47	3	L
20	50	73	1	R
20	50	53	1	R
20	50	38	3	L
20	50	41	1	R
20	50	67	3	L
20	50	29	3	L
20	50	46	1	R
20	50	36	1	R
50	53	21	3	L
50	53	30	1	R
50	53	16	1	R
50	53	34	1	R
50	53	2	1	R
50	53	74	3	L
53	30	55	3	L
53	30	24	1	R
30	24	69	1	R
30	24	33	3	L
30	24	31	1	R
30	24	8	1	R
24	33	46	3	L
24	33	40	3	L
24	33	60	3	L
24	33	64	3	L
24	33	78	3	L
24	33	47	3	L
24	33	17	3	L
33	40	8	3	L
33	40	41	1	R
33	40	25	1	R
33	40	23	1	R
33	40	60	3	L
40	41	40	10000	U
40	41	5	3	L
40	41	78	1	R
40	41	69	3	L
40	41	57	3	L
40	41	26	3	L
41	5	66	3	L
41	5	73	1	R
41	5	27	1	R
5	73	9	1	R
5	73	55	3	L
5	73	32	1	R
5	73	35	1	R
73	55	62	3	L
73	55	48	3	L
55	48	37	1	R
55	48	79	3	L
55	48	75	3	L
55	48	45	3	L
55	48	56	1	R
48	79	7	1	R
48	79	22	1	R
48	79	44	1	R
48	79	21	3	L
79	22	38	3	L
79	22	29	3	L
79	22	80	3	L
79	22	58	3	L
22	29	15	3	L
22	29	71	3	L
22	29	80	3	L
22	29	31	3	L
22	29	50	1	R
22	29	21	3	L
22	29	36	3	L
22	29	13	1	R
29	71	79	3	L
29	71	26	3	L
29	71	8	3	L
29	71	74	3	L
71	26	22	1	R
71	26	66	1	R
71	26	11	3	L
71	26	41	1	R
26	66	53	1	R
26	66	11	3	L
66	11	30	3	L
66	11	67	1	R
66	11	26	3	L
11	67	39	3	L
11	67	60	1	R
11	67	75	1	R
11	67	77	1	R
11	67	49	1	R
67	60	11	1	R
67	60	56	1	R
67	60	33	1	R
67	60	40	1	R
67	60	45	1	R
60	56	67	1	R
60	56	23	1	R
60	56	53	1	R
60	56	74	1	R
60	56	70	1	R
60	56	48	3	L
60	56	9	1	R
56	23	54	1	R
56	23	32	1	R
56	23	75	1	R
56	23	8	1	R
56	23	61	1	R
56	23	40	1	R
23	32	31	1	R
23	32	15	1	R
23	32	12	1	R
23	32	20	1	R
23	32	73	1	R
23	32	2	3	L
32	15	48	1	R
32	15	47	3	L
32	15	36	1	R
32	15	68	1	R
32	15	18	1	R
15	47	10	1	R
15	47	76	3	L
15	47	25	1	R
15	47	20	1	R
15	47	33	3	L
47	76	41	1	R
47	76	31	3	L
47	76	74	3	L
76	31	78	3	L
76	31	75	3	L
76	31	42	3	L
76	31	43	1	R
31	75	68	1	R
31	75	1	3	L
31	75	53	3	L
31	75	23	3	L
31	75	37	1	R
31	75	38	3	L
75	1	65	0	O
75	1	8	0	O
1	8	4	3	L
1	8	58	3	L
1	8	17	1	R
1	8	70	1	R
1	8	71	1	R
1	8	23	3	L
1	8	24	3	L
8	58	75	3	L
8	58	59	3	L
8	58	22	3	L
58	59	36	1	R
58	59	9	1	R
58	59	49	1	R
58	59	37	1	R
59	9	49	3	L
59	9	61	3	L
59	9	4	1	R
59	9	51	1	R
59	9	56	3	L
9	61	57	3	L
9	61	14	3	L
9	61	23	1	R
9	61	27	1	R
9	61	72	3	L
61	14	61	10000	U
61	14	78	3	L
61	14	42	3	L
61	14	45	3	L
14	78	60	3	L
14	78	6	3	L
14	78	77	3	L
14	78	33	3	L
14	78	62	1	R
78	6	50	3	L
78	6	52	3	L
78	6	38	3	L
6	52	6	10000	U
6	52	35	1	R
6	52	43	1	R
52	35	3	1	R
52	35	4	1	R
52	35	34	1	R
52	35	36	3	L
52	35	73	1	R
35	4	14	1	R
35	4	10	1	R
35	4	17	1	R
4	10	34	1	R
4	10	42	1	R
4	10	26	1	R
4	10	29	1	R
4	10	27	1	R
10	42	19	1	R
10	42	28	3	L
10	42	31	3	L
42	28	32	1	R
42	28	43	1	R
42	28	72	1	R
42	28	36	1	R
28	43	13	3	L
28	43	62	3	L
28	43	52	1	R
28	43	70	3	L
28	43	31	3	L
28	43	34	1	R
43	62	47	3	L
43	62	27	1	R
43	62	78	3	L
62	27	24	1	R
62	27	46	3	L
62	27	54	1	R
62	27	61	1	R
62	27	5	1	R
62	27	10	1	R
27	46	18	3	L
27	46	36	1	R
27	46	2	3	L
27	46	50	3	L
27	46	80	3	L
46	36	70	1	R
46	36	74	1	R
46	36	15	1	R
46	36	28	1	R
46	36	50	1	R
46	36	29	1	R
46	36	35	1	R
36	74	80	1	R
36	74	77	3	L
36	74	36	10000	U
36	74	53	3	L
36	74	76	3	L
36	74	71	3	L
74	77	45	3	L
74	77	65	3	L
74	77	1	1	R
77	65	58	3	L
77	65	80	3	L
65	80	17	1	R
65	80	57	3	L
65	80	67	1	R
65	80	22	3	L
65	80	69	3	L
65	80	46	3	L
80	57	23	1	R
80	57	68	1	R
80	57	41	1	R
57	68	43	1	R
57	68	37	1	R
57	68	15	1	R
57	68	20	1	R
68	37	77	1	R
68	37	72	3	L
68	37	20	1	R
68	37	59	1	R
68	37	75	1	R
68	37	44	1	R
37	72	51	3	L
37	72	64	3	L
37	72	69	3	L
37	72	28	3	L
37	72	20	3	L
37	72	61	3	L
72	64	76	1	R
72	64	12	1	R
72	64	29	3	L
72	64	45	1	R
72	64	33	3	L
64	12	64	10000	U
64	12	17	1	R
64	12	11	1	R
64	12	61	1	R
12	17	16	1	R
12	17	70	3	L
12	17	40	3	L
12	17	49	3	L
12	17	4	1	R
12	17	33	1	R
17	70	42	1	R
17	70	49	3	L
17	70	8	3	L
17	70	43	1	R
17	70	56	1	R
70	49	72	1	R
70	49	54	3	L
70	49	17	3	L
70	49	59	1	R
49	54	35	3	L
49	54	51	1	R
54	51	2	1	R
54	51	63	1	R
54	51	10	3	L
54	51	25	1	R
51	63	28	1	R
51	63	18	3	L
51	63	5	3	L
51	63	68	3	L
63	18	56	3	L
63	18	2	1	R
63	18	74	1	R
63	18	9	1	R
63	18	15	3	L
18	2	20	1	R
18	2	16	1	R
18	2	10	1	R
18	2	46	1	R
18	2	53	1	R
18	2	32	1	R
2	16	1	1	R
2	16	19	1	R
16	19	33	1	R
16	19	25	1	R
16	19	28	1	R
19	25	26	1	R
19	25	39	1	R
19	25	40	3	L
19	25	47	1	R
19	25	51	3	L
25	39	25	10000	U
25	39	3	1	R
25	39	34	3	L
39	3	27	1	R
39	3	7	1	R
39	3	78	1	R
3	7	29	1	R
3	7	44	3	L
7	44	71	3	L
7	44	21	3	L
7	44	79	3	L
7	44	37	3	L
77	1	65	0	O
77	1	8	0	O
50	38	74	3	L
50	38	20	3	L
50	38	6	1	R
50	38	75	3	L
14	42	19	1	R
14	42	28	1	R
14	42	31	1	R
56	53	21	1	R
56	53	30	3	L
56	53	16	1	R
56	53	34	3	L
56	53	2	3	L
56	53	74	1	R
27	54	35	3	L
27	54	51	1	R
18	74	80	1	R
18	74	77	1	R
18	74	36	1	R
18	74	53	1	R
18	74	76	3	L
18	74	71	3	L
67	75	68	1	R
67	75	1	1	R
67	75	53	1	R
67	75	23	1	R
67	75	37	1	R
67	75	38	1	R
9	4	14	3	L
9	4	10	1	R
9	4	17	3	L
29	80	17	3	L
29	80	57	3	L
29	80	67	3	L
29	80	22	3	L
29	80	69	1	R
29	80	46	1	R
75	53	21	3	L
75	53	30	1	R
75	53	16	1	R
75	53	34	1	R
75	53	2	1	R
75	53	74	1	R
8	17	16	1	R
8	17	70	3	L
8	17	40	3	L
8	17	49	3	L
8	17	4	1	R
8	17	33	1	R
3	78	60	1	R
3	78	6	3	L
3	78	77	1	R
3	78	33	1	R
3	78	62	1	R
50	41	40	3	L
50	41	5	3	L
50	41	78	3	L
50	41	69	3	L
50	41	57	3	L
50	41	26	1	R
12	11	30	3	L
12	11	67	1	R
12	11	26	3	L
12	61	57	3	L
12	61	14	3	L
12	61	23	1	R
12	61	27	1	R
12	61	72	3	L
63	5	66	3	L
63	5	73	1	R
63	5	27	3	L
74	36	70	3	L
74	36	74	10000	U
74	36	15	3	L
74	36	28	3	L
74	36	50	1	R
74	36	29	1	R
74	36	35	1	R
29	31	78	3	L
29	31	75	3	L
29	31	42	3	L
29	31	43	1	R
24	31	78	3	L
24	31	75	3	L
24	31	42	1	R
24	31	43	1	R
2	10	34	1	R
2	10	42	3	L
2	10	26	1	R
2	10	29	3	L
2	10	27	1	R
32	12	64	3	L
32	12	17	1	R
32	12	11	3	L
32	12	61	1	R
64	29	15	3	L
64	29	71	3	L
64	29	80	3	L
64	29	31	3	L
64	29	50	3	L
64	29	21	3	L
64	29	36	3	L
64	29	13	3	L
19	28	32	1	R
19	28	43	1	R
19	28	72	1	R
19	28	36	1	R
63	68	43	1	R
63	68	37	1	R
63	68	15	1	R
63	68	20	1	R
9	51	2	1	R
9	51	63	1	R
9	51	10	1	R
9	51	25	1	R
80	67	39	3	L
80	67	60	1	R
80	67	75	1	R
80	67	77	3	L
80	67	49	1	R
67	77	45	3	L
67	77	65	3	L
67	77	1	1	R
10	26	22	3	L
10	26	66	3	L
10	26	11	1	R
10	26	41	3	L
78	77	45	3	L
78	77	65	3	L
78	77	1	1	R
41	78	60	1	R
41	78	6	3	L
41	78	77	1	R
41	78	33	3	L
41	78	62	1	R
50	67	39	3	L
50	67	60	3	L
50	67	75	1	R
50	67	77	3	L
50	67	49	3	L
67	49	72	1	R
67	49	54	3	L
67	49	17	1	R
67	49	59	1	R
51	10	34	3	L
51	10	42	1	R
51	10	26	3	L
51	10	29	3	L
51	10	27	3	L
18	9	49	1	R
18	9	61	1	R
18	9	4	3	L
18	9	51	1	R
18	9	56	1	R
48	75	68	1	R
48	75	1	3	L
48	75	53	3	L
48	75	23	3	L
48	75	37	1	R
48	75	38	3	L
53	16	1	3	L
53	16	19	1	R
64	45	52	3	L
64	45	34	1	R
64	45	48	1	R
64	45	13	3	L
64	45	14	1	R
64	45	60	3	L
10	29	15	3	L
10	29	71	3	L
10	29	80	3	L
10	29	31	3	L
10	29	50	3	L
10	29	21	3	L
10	29	36	3	L
10	29	13	3	L
56	74	80	3	L
56	74	77	3	L
56	74	36	3	L
56	74	53	3	L
56	74	76	3	L
56	74	71	3	L
17	40	8	3	L
17	40	41	1	R
17	40	25	1	R
17	40	23	3	L
17	40	60	1	R
8	70	42	1	R
8	70	49	3	L
8	70	8	10000	U
8	70	43	1	R
8	70	56	3	L
70	8	4	3	L
70	8	58	3	L
70	8	17	3	L
70	8	70	10000	U
70	8	71	3	L
70	8	23	3	L
70	8	24	3	L
52	43	13	3	L
52	43	62	3	L
52	43	52	10000	U
52	43	70	3	L
52	43	31	3	L
52	43	34	1	R
43	52	6	3	L
43	52	35	3	L
43	52	43	10000	U
32	20	63	1	R
32	20	50	3	L
32	20	32	10000	U
32	20	37	1	R
32	20	68	1	R
32	20	72	1	R
32	20	47	3	L
20	32	31	3	L
20	32	15	3	L
20	32	12	1	R
20	32	20	10000	U
20	32	73	3	L
20	32	2	3	L
41	69	59	3	L
41	69	45	3	L
41	69	41	10000	U
41	69	72	1	R
41	69	80	3	L
69	41	40	1	R
69	41	5	3	L
69	41	78	1	R
69	41	69	10000	U
69	41	57	1	R
69	41	26	3	L
23	75	68	1	R
23	75	1	1	R
23	75	53	1	R
23	75	23	10000	U
23	75	37	1	R
23	75	38	3	L
75	23	54	1	R
75	23	32	1	R
75	23	75	10000	U
75	23	8	1	R
75	23	61	3	L
75	23	40	3	L
71	8	4	3	L
71	8	58	3	L
71	8	17	3	L
71	8	70	1	R
71	8	71	10000	U
71	8	23	3	L
71	8	24	3	L
8	71	79	1	R
8	71	26	1	R
8	71	8	10000	U
8	71	74	1	R
69	72	51	3	L
69	72	64	1	R
69	72	69	10000	U
69	72	28	3	L
69	72	20	1	R
69	72	61	1	R
72	69	59	1	R
72	69	45	1	R
72	69	41	3	L
72	69	72	10000	U
72	69	80	1	R
20	37	77	1	R
20	37	72	3	L
20	37	20	10000	U
20	37	59	3	L
20	37	75	3	L
20	37	44	3	L
37	20	63	1	R
37	20	50	1	R
37	20	32	3	L
37	20	37	10000	U
37	20	68	1	R
37	20	72	1	R
37	20	47	3	L
29	50	73	1	R
29	50	53	1	R
29	50	38	3	L
29	50	41	1	R
29	50	67	3	L
29	50	29	10000	U
29	50	46	1	R
29	50	36	1	R
50	29	15	3	L
50	29	71	3	L
50	29	80	3	L
50	29	31	3	L
50	29	50	10000	U
50	29	21	3	L
50	29	36	3	L
50	29	13	3	L
15	36	70	1	R
15	36	74	1	R
15	36	15	10000	U
15	36	28	1	R
15	36	50	1	R
15	36	29	1	R
15	36	35	1	R
36	15	48	1	R
36	15	47	3	L
36	15	36	10000	U
36	15	68	1	R
36	15	18	3	L
46	2	20	1	R
46	2	16	1	R
46	2	10	1	R
46	2	46	10000	U
46	2	53	1	R
46	2	32	1	R
2	46	18	1	R
2	46	36	1	R
2	46	2	10000	U
2	46	50	3	L
2	46	80	3	L
15	68	43	1	R
15	68	37	1	R
15	68	15	10000	U
15	68	20	3	L
68	15	48	3	L
68	15	47	3	L
68	15	36	3	L
68	15	68	10000	U
68	15	18	3	L
26	11	30	3	L
26	11	67	1	R
26	11	26	10000	U
11	26	22	3	L
11	26	66	3	L
11	26	11	10000	U
11	26	41	3	L
72	28	32	3	L
72	28	43	3	L
72	28	72	10000	U
72	28	36	3	L
28	72	51	3	L
28	72	64	1	R
28	72	69	1	R
28	72	28	10000	U
28	72	20	1	R
28	72	61	1	R
60	33	46	3	L
60	33	40	3	L
60	33	60	10000	U
60	33	64	1	R
60	33	78	1	R
60	33	47	1	R
60	33	17	3	L
33	60	11	3	L
33	60	56	1	R
33	60	33	10000	U
33	60	40	1	R
33	60	45	1	R
50	46	18	1	R
50	46	36	1	R
50	46	2	1	R
50	46	50	10000	U
50	46	80	3	L
46	50	73	3	L
46	50	53	3	L
46	50	38	3	L
46	50	41	3	L
46	50	67	3	L
46	50	29	3	L
46	50	46	10000	U
46	50	36	3	L
34	53	21	1	R
34	53	30	3	L
34	53	16	3	L
34	53	34	10000	U
34	53	2	3	L
34	53	74	3	L
53	34	12	1	R
53	34	13	1	R
53	34	53	10000	U
53	34	39	1	R
53	34	35	1	R
53	34	43	3	L
25	40	8	1	R
25	40	41	3	L
25	40	25	10000	U
25	40	23	3	L
25	40	60	1	R
40	25	26	1	R
40	25	39	1	R
40	25	40	10000	U
40	25	47	1	R
40	25	51	3	L
42	31	78	3	L
42	31	75	3	L
42	31	42	10000	U
42	31	43	1	R
31	42	19	1	R
31	42	28	1	R
31	42	31	10000	U
39	34	12	3	L
39	34	13	3	L
39	34	53	3	L
39	34	39	10000	U
39	34	35	3	L
39	34	43	3	L
34	39	25	1	R
34	39	3	1	R
34	39	34	10000	U
21	29	15	1	R
21	29	71	3	L
21	29	80	1	R
21	29	31	1	R
21	29	50	1	R
21	29	21	10000	U
21	29	36	3	L
21	29	13	1	R
29	21	44	3	L
29	21	69	3	L
29	21	29	10000	U
29	21	79	3	L
35	34	12	1	R
35	34	13	3	L
35	34	53	3	L
35	34	39	1	R
35	34	35	10000	U
35	34	43	3	L
34	35	3	3	L
34	35	4	3	L
34	35	34	10000	U
34	35	36	1	R
34	35	73	3	L
68	20	63	1	R
68	20	50	1	R
68	20	32	3	L
68	20	37	3	L
68	20	68	10000	U
68	20	72	3	L
68	20	47	3	L
20	68	43	1	R
20	68	37	1	R
20	68	15	1	R
20	68	20	10000	U
22	80	17	1	R
22	80	57	3	L
22	80	67	1	R
22	80	22	10000	U
22	80	69	3	L
22	80	46	3	L
80	22	38	3	L
80	22	29	3	L
80	22	80	10000	U
80	22	58	3	L
8	23	54	1	R
8	23	32	1	R
8	23	75	3	L
8	23	8	10000	U
8	23	61	3	L
8	23	40	3	L
23	8	4	3	L
23	8	58	1	R
23	8	17	1	R
23	8	70	1	R
23	8	71	1	R
23	8	23	10000	U
23	8	24	3	L
45	48	37	1	R
45	48	79	1	R
45	48	75	3	L
45	48	45	10000	U
45	48	56	1	R
48	45	52	3	L
48	45	34	3	L
48	45	48	10000	U
48	45	13	1	R
48	45	14	1	R
48	45	60	3	L
69	80	17	3	L
69	80	57	1	R
69	80	67	3	L
69	80	22	1	R
69	80	69	10000	U
69	80	46	1	R
80	69	59	3	L
80	69	45	3	L
80	69	41	1	R
80	69	72	3	L
80	69	80	10000	U
36	28	32	3	L
36	28	43	3	L
36	28	72	1	R
36	28	36	10000	U
28	36	70	3	L
28	36	74	1	R
28	36	15	3	L
28	36	28	10000	U
28	36	50	1	R
28	36	29	1	R
28	36	35	1	R
57	41	40	1	R
57	41	5	3	L
57	41	78	1	R
57	41	69	3	L
57	41	57	10000	U
57	41	26	3	L
41	57	23	3	L
41	57	68	1	R
41	57	41	10000	U
20	72	51	3	L
20	72	64	1	R
20	72	69	3	L
20	72	28	3	L
20	72	20	10000	U
20	72	61	1	R
72	20	63	1	R
72	20	50	1	R
72	20	32	3	L
72	20	37	3	L
72	20	68	1	R
72	20	72	10000	U
72	20	47	3	L
61	23	54	1	R
61	23	32	1	R
61	23	75	1	R
61	23	8	1	R
61	23	61	10000	U
61	23	40	1	R
23	61	57	3	L
23	61	14	1	R
23	61	23	10000	U
23	61	27	1	R
23	61	72	1	R
33	64	76	1	R
33	64	12	1	R
33	64	29	1	R
33	64	45	1	R
33	64	33	10000	U
64	33	46	3	L
64	33	40	3	L
64	33	60	3	L
64	33	64	10000	U
64	33	78	3	L
64	33	47	3	L
64	33	17	3	L
36	50	73	3	L
36	50	53	3	L
36	50	38	3	L
36	50	41	3	L
36	50	67	3	L
36	50	29	3	L
36	50	46	1	R
36	50	36	10000	U
50	36	70	3	L
50	36	74	3	L
50	36	15	3	L
50	36	28	3	L
50	36	50	10000	U
50	36	29	1	R
50	36	35	1	R
18	15	48	1	R
18	15	47	3	L
18	15	36	1	R
18	15	68	1	R
18	15	18	10000	U
15	18	56	3	L
15	18	2	1	R
15	18	74	1	R
15	18	9	1	R
15	18	15	10000	U
23	40	8	3	L
23	40	41	1	R
23	40	25	1	R
23	40	23	10000	U
23	40	60	1	R
40	23	54	1	R
40	23	32	1	R
40	23	75	1	R
40	23	8	1	R
40	23	61	3	L
40	23	40	10000	U
29	36	70	3	L
29	36	74	3	L
29	36	15	3	L
29	36	28	3	L
29	36	50	3	L
29	36	29	10000	U
29	36	35	3	L
36	29	15	1	R
36	29	71	3	L
36	29	80	1	R
36	29	31	1	R
36	29	50	1	R
36	29	21	1	R
36	29	36	10000	U
36	29	13	1	R
43	70	42	3	L
43	70	49	3	L
43	70	8	3	L
43	70	43	10000	U
43	70	56	1	R
70	43	13	1	R
70	43	62	1	R
70	43	52	1	R
70	43	70	10000	U
70	43	31	1	R
70	43	34	3	L
43	31	78	3	L
43	31	75	3	L
43	31	42	3	L
43	31	43	10000	U
31	43	13	1	R
31	43	62	1	R
31	43	52	1	R
31	43	70	3	L
31	43	31	10000	U
31	43	34	1	R
73	32	31	1	R
73	32	15	1	R
73	32	12	1	R
73	32	20	1	R
73	32	73	10000	U
73	32	2	3	L
32	73	9	3	L
32	73	55	3	L
32	73	32	10000	U
32	73	35	3	L
22	58	75	1	R
22	58	59	3	L
22	58	22	10000	U
58	22	38	1	R
58	22	29	1	R
58	22	80	1	R
58	22	58	10000	U
27	61	57	1	R
27	61	14	1	R
27	61	23	3	L
27	61	27	10000	U
27	61	72	1	R
61	27	24	1	R
61	27	46	3	L
61	27	54	1	R
61	27	61	10000	U
61	27	5	1	R
61	27	10	1	R
49	17	16	1	R
49	17	70	3	L
49	17	40	1	R
49	17	49	10000	U
49	17	4	1	R
49	17	33	3	L
17	49	72	1	R
17	49	54	3	L
17	49	17	10000	U
17	49	59	1	R
59	49	72	3	L
59	49	54	1	R
59	49	17	3	L
59	49	59	10000	U
49	59	36	1	R
49	59	9	3	L
49	59	49	10000	U
49	59	37	1	R
35	36	70	3	L
35	36	74	3	L
35	36	15	3	L
35	36	28	3	L
35	36	50	3	L
35	36	29	1	R
35	36	35	10000	U
36	35	3	3	L
36	35	4	1	R
36	35	34	3	L
36	35	36	10000	U
36	35	73	3	L
80	46	18	1	R
80	46	36	1	R
80	46	2	1	R
80	46	50	1	R
80	46	80	10000	U
46	80	17	3	L
46	80	57	1	R
46	80	67	3	L
46	80	22	1	R
46	80	69	3	L
46	80	46	10000	U
45	13	5	3	L
45	13	38	3	L
45	13	45	10000	U
45	13	29	3	L
13	45	52	1	R
13	45	34	1	R
13	45	48	3	L
13	45	13	10000	U
13	45	14	3	L
13	45	60	1	R
61	72	51	3	L
61	72	64	3	L
61	72	69	3	L
61	72	28	3	L
61	72	20	3	L
61	72	61	10000	U
72	61	57	1	R
72	61	14	3	L
72	61	23	3	L
72	61	27	3	L
72	61	72	10000	U
2	53	21	1	R
2	53	30	1	R
2	53	16	3	L
2	53	34	1	R
2	53	2	10000	U
2	53	74	3	L
53	2	20	1	R
53	2	16	1	R
53	2	10	1	R
53	2	46	3	L
53	2	53	10000	U
53	2	32	1	R
47	25	26	1	R
47	25	39	1	R
47	25	40	3	L
47	25	47	10000	U
47	25	51	3	L
25	47	10	1	R
25	47	76	3	L
25	47	25	10000	U
25	47	20	1	R
25	47	33	3	L
37	59	36	3	L
37	59	9	3	L
37	59	49	3	L
37	59	37	10000	U
59	37	77	1	R
59	37	72	3	L
59	37	20	1	R
59	37	59	10000	U
59	37	75	1	R
59	37	44	1	R
41	26	22	3	L
41	26	66	3	L
41	26	11	1	R
41	26	41	10000	U
26	41	40	1	R
26	41	5	1	R
26	41	78	3	L
26	41	69	1	R
26	41	57	1	R
26	41	26	10000	U
53	74	80	1	R
53	74	77	1	R
53	74	36	1	R
53	74	53	10000	U
53	74	76	3	L
53	74	71	3	L
74	53	21	3	L
74	53	30	1	R
74	53	16	1	R
74	53	34	1	R
74	53	2	1	R
74	53	74	10000	U
2	32	31	1	R
2	32	15	1	R
2	32	12	1	R
2	32	20	1	R
2	32	73	1	R
2	32	2	10000	U
32	2	20	3	L
32	2	16	1	R
32	2	10	3	L
32	2	46	3	L
32	2	53	3	L
32	2	32	10000	U
37	75	68	1	R
37	75	1	3	L
37	75	53	3	L
37	75	23	3	L
37	75	37	10000	U
37	75	38	3	L
75	37	77	1	R
75	37	72	3	L
75	37	20	1	R
75	37	59	3	L
75	37	75	10000	U
75	37	44	1	R
45	14	61	1	R
45	14	78	1	R
45	14	42	1	R
45	14	45	10000	U
14	45	52	3	L
14	45	34	3	L
14	45	48	3	L
14	45	13	1	R
14	45	14	10000	U
14	45	60	3	L
25	51	2	3	L
25	51	63	3	L
25	51	10	3	L
25	51	25	10000	U
51	25	26	1	R
51	25	39	1	R
51	25	40	1	R
51	25	47	1	R
51	25	51	10000	U
74	76	41	1	R
74	76	31	3	L
74	76	74	10000	U
76	74	80	1	R
76	74	77	1	R
76	74	36	1	R
76	74	53	1	R
76	74	76	10000	U
76	74	71	3	L
70	56	67	1	R
70	56	23	1	R
70	56	53	1	R
70	56	74	1	R
70	56	70	10000	U
70	56	48	3	L
70	56	9	1	R
56	70	42	3	L
56	70	49	1	R
56	70	8	1	R
56	70	43	3	L
56	70	56	10000	U
56	48	37	1	R
56	48	79	3	L
56	48	75	1	R
56	48	45	3	L
56	48	56	10000	U
48	56	67	1	R
48	56	23	1	R
48	56	53	1	R
48	56	74	1	R
48	56	70	1	R
48	56	48	10000	U
48	56	9	1	R
27	5	66	1	R
27	5	73	3	L
27	5	27	10000	U
5	27	24	1	R
5	27	46	3	L
5	27	54	3	L
5	27	61	3	L
5	27	5	10000	U
5	27	10	3	L
6	38	74	3	L
6	38	20	3	L
6	38	6	10000	U
6	38	75	3	L
38	6	50	1	R
38	6	52	1	R
38	6	38	10000	U
73	35	3	3	L
73	35	4	3	L
73	35	34	1	R
73	35	36	1	R
73	35	73	10000	U
35	73	9	1	R
35	73	55	3	L
35	73	32	1	R
35	73	35	10000	U
79	44	71	3	L
79	44	21	1	R
79	44	79	10000	U
79	44	37	1	R
44	79	7	3	L
44	79	22	3	L
44	79	44	10000	U
44	79	21	3	L
56	9	49	1	R
56	9	61	3	L
56	9	4	3	L
56	9	51	1	R
56	9	56	10000	U
9	56	67	1	R
9	56	23	1	R
9	56	53	1	R
9	56	74	3	L
9	56	70	3	L
9	56	48	3	L
9	56	9	10000	U
75	38	74	1	R
75	38	20	1	R
75	38	6	1	R
75	38	75	10000	U
38	75	68	1	R
38	75	1	1	R
38	75	53	1	R
38	75	23	1	R
38	75	37	1	R
38	75	38	10000	U
17	4	14	3	L
17	4	10	1	R
17	4	17	10000	U
4	17	16	1	R
4	17	70	3	L
4	17	40	3	L
4	17	49	3	L
4	17	4	10000	U
4	17	33	1	R
78	33	46	3	L
78	33	40	3	L
78	33	60	3	L
78	33	64	1	R
78	33	78	10000	U
78	33	47	1	R
78	33	17	3	L
33	78	60	1	R
33	78	6	3	L
33	78	77	1	R
33	78	33	10000	U
33	78	62	1	R
24	8	4	3	L
24	8	58	1	R
24	8	17	1	R
24	8	70	1	R
24	8	71	1	R
24	8	23	1	R
24	8	24	10000	U
8	24	69	3	L
8	24	33	3	L
8	24	31	3	L
8	24	8	10000	U
47	20	63	1	R
47	20	50	3	L
47	20	32	1	R
47	20	37	1	R
47	20	68	1	R
47	20	72	1	R
47	20	47	10000	U
20	47	10	1	R
20	47	76	3	L
20	47	25	3	L
20	47	20	10000	U
20	47	33	3	L
34	43	13	3	L
34	43	62	3	L
34	43	52	3	L
34	43	70	1	R
34	43	31	3	L
34	43	34	10000	U
43	34	12	1	R
43	34	13	1	R
43	34	53	1	R
43	34	39	1	R
43	34	35	1	R
43	34	43	10000	U
47	33	46	3	L
47	33	40	3	L
47	33	60	3	L
47	33	64	1	R
47	33	78	3	L
47	33	47	10000	U
47	33	17	3	L
33	47	10	1	R
33	47	76	1	R
33	47	25	1	R
33	47	20	1	R
33	47	33	10000	U
21	79	7	1	R
21	79	22	1	R
21	79	44	1	R
21	79	21	10000	U
79	21	44	3	L
79	21	69	3	L
79	21	29	1	R
79	21	79	10000	U
71	74	80	1	R
71	74	77	1	R
71	74	36	1	R
71	74	53	1	R
71	74	76	1	R
71	74	71	10000	U
74	71	79	1	R
74	71	26	1	R
74	71	8	3	L
74	71	74	10000	U
29	13	5	1	R
29	13	38	3	L
29	13	45	1	R
29	13	29	10000	U
13	29	15	3	L
13	29	71	3	L
13	29	80	3	L
13	29	31	3	L
13	29	50	1	R
13	29	21	3	L
13	29	36	3	L
13	29	13	10000	U
40	60	11	3	L
40	60	56	1	R
40	60	33	3	L
40	60	40	10000	U
40	60	45	1	R
60	40	8	1	R
60	40	41	3	L
60	40	25	3	L
60	40	23	3	L
60	40	60	10000	U
62	78	60	3	L
62	78	6	3	L
62	78	77	3	L
62	78	33	3	L
62	78	62	10000	U
78	62	47	1	R
78	62	27	1	R
78	62	78	10000	U
44	37	77	1	R
44	37	72	3	L
44	37	20	1	R
44	37	59	3	L
44	37	75	3	L
44	37	44	10000	U
37	44	71	3	L
37	44	21	1	R
37	44	79	3	L
37	44	37	10000	U
60	45	52	3	L
60	45	34	1	R
60	45	48	1	R
60	45	13	3	L
60	45	14	1	R
60	45	60	10000	U
45	60	11	3	L
45	60	56	3	L
45	60	33	3	L
45	60	40	3	L
45	60	45	10000	U
17	33	46	3	L
17	33	40	1	R
17	33	60	1	R
17	33	64	1	R
17	33	78	1	R
17	33	47	1	R
17	33	17	10000	U
33	17	16	3	L
33	17	70	1	R
33	17	40	3	L
33	17	49	1	R
33	17	4	3	L
33	17	33	10000	U
10	27	24	1	R
10	27	46	3	L
10	27	54	1	R
10	27	61	3	L
10	27	5	1	R
10	27	10	10000	U
27	10	34	3	L
27	10	42	3	L
27	10	26	3	L
27	10	29	3	L
27	10	27	10000	U
