Name:			p02
#Vehicles:		22
Capacity:		300
Depot:			1
#Nodes:			80
#Edges:			80
#Arcs:			200
#Required-N:	0
#Required-E:	80
#Required-A:	140
#Nb-Turns:		1760

----------NODES----------
INDEX	QTY	IS-REQUIRED	X	Y
1	0	0	136.9	74.62
2	0	0	19.25	57.59
3	0	0	109.28	50.96
4	0	0	27.47	8.27
5	0	0	73.56	78.24
6	0	0	14.33	71.38
7	0	0	94.40	96.21
8	0	0	146.72	87.21
9	0	0	89.44	77.92
10	0	0	115.99	43.71
11	0	0	48.4	53.15
12	0	0	73.24	159.61
13	0	0	0.55	78.78
14	0	0	161.63	137.0
15	0	0	83.1	62.2
16	0	0	72.39	13.85
17	0	0	60.72	91.42
18	0	0	87.6	11.23
19	0	0	129.68	49.53
20	0	0	66.11	85.18
21	0	0	18.14	15.93
22	0	0	60.60	7.25
23	0	0	139.91	0.55
24	0	0	116.2	125.71
25	0	0	38.48	94.64
26	0	0	86.15	108.72
27	0	0	47.52	129.58
28	0	0	50.69	70.32
29	0	0	58.43	67.58
30	0	0	65.88	123.20
31	0	0	122.10	98.76
32	0	0	115.14	67.0
33	0	0	46.36	104.44
34	0	0	26.80	74.52
35	0	0	34.78	76.82
36	0	0	127.89	92.17
37	0	0	71.56	25.64
38	0	0	102.23	47.63
39	0	0	110.97	83.3
40	0	0	119.70	24.82
41	0	0	100.54	80.27
42	0	0	46.57	59.72
43	0	0	72.44	61.10
44	0	0	28.27	26.49
45	0	0	97.46	27.49
46	0	0	94.81	50.62
47	0	0	103.82	32.19
48	0	0	90.4	64.27
49	0	0	24.0	42.82
50	0	0	91.87	134.75
51	0	0	29.16	126.20
52	0	0	86.51	138.66
53	0	0	8.20	4.66
54	0	0	38.69	66.60
55	0	0	82.41	45.56
56	0	0	72.26	131.88
57	0	0	6.56	69.31
58	0	0	56.67	122.82
59	0	0	90.89	115.84
60	0	0	157.38	76.35
61	0	0	55.45	19.1
62	0	0	59.76	37.19
63	0	0	107.72	106.19
64	0	0	26.15	97.10
65	0	0	59.11	35.58
66	0	0	113.67	4.46
67	0	0	86.43	86.24
68	0	0	142.43	116.14
69	0	0	87.94	55.34
70	0	0	96.13	120.90
71	0	0	51.46	84.43
72	0	0	14.76	106.66
73	0	0	40.30	87.48
74	0	0	58.95	45.47
75	0	0	156.31	84.38
76	0	0	59.57	101.56
77	0	0	50.43	127.50
78	0	0	110.7	23.33
79	0	0	20.95	82.59
80	0	0	76.43	85.71

----------EDGES----------
INDEX-I	INDEX-J	QTY	IS-REQUIRED	TR-COST
36	38	7	1	56
42	13	24	1	53
16	30	29	1	84
78	75	32	1	86
38	73	30	1	79
76	73	20	1	23
9	80	5	1	20
74	39	27	1	51
6	73	5	1	27
1	5	36	1	48
19	10	29	1	15
16	45	44	1	39
28	42	29	1	12
37	9	42	1	52
79	42	9	1	54
80	70	38	1	82
75	62	11	1	91
16	48	26	1	47
25	34	26	1	19
80	72	16	1	70
24	52	38	1	31
70	20	25	1	87
64	77	5	1	36
22	16	23	1	13
42	73	50	1	30
38	8	11	1	69
58	7	24	1	66
38	9	47	1	29
1	66	35	1	78
34	55	7	1	52
17	38	45	1	52
15	12	31	1	74
54	2	20	1	20
8	63	23	1	36
5	6	12	1	64
74	44	46	1	30
8	70	32	1	89
57	6	6	1	8
6	29	22	1	36
69	48	33	1	10
36	41	31	1	34
38	60	40	1	85
3	40	20	1	62
49	34	9	1	47
68	5	32	1	67
57	35	18	1	40
43	20	43	1	47
33	25	38	1	12
80	1	39	1	80
14	70	18	1	78
1	26	44	1	43
20	33	26	1	58
48	39	32	1	24
15	44	44	1	60
78	47	39	1	11
56	47	25	1	70
46	10	50	1	33
15	77	12	1	62
54	13	21	1	46
27	77	28	1	4
22	54	15	1	51
34	8	9	1	78
47	37	8	1	37
67	19	30	1	61
65	62	22	1	2
65	29	9	1	51
9	31	19	1	44
37	21	49	1	46
18	45	11	1	22
75	46	31	1	59
77	79	25	1	55
26	73	31	1	36
56	77	20	1	22
16	69	34	1	46
42	47	36	1	59
72	63	41	1	80
67	11	47	1	42
25	45	22	1	94
9	51	23	1	51
62	69	36	1	36

-----------ARCS----------
INDEX-I	INDEX-J	QTY	IS-REQUIRED	TR-COST
42	11	0	0	7
11	21	16	1	32
21	53	5	1	14
53	61	34	1	47
61	37	30	1	21
37	72	34	1	74
72	18	28	1	91
18	19	19	1	60
19	15	0	0	38
15	45	0	0	40
45	26	29	1	85
26	68	16	1	64
68	58	6	1	75
58	73	0	0	54
73	67	45	1	58
67	28	44	1	45
28	63	11	1	64
63	56	22	1	38
56	49	14	1	98
49	35	45	1	30
35	32	43	1	59
32	70	15	1	59
70	1	13	1	67
1	60	17	1	19
60	52	44	1	90
52	12	39	1	33
12	30	30	1	49
30	76	0	0	22
76	36	8	1	83
36	71	29	1	70
71	69	0	0	36
69	66	0	0	50
66	4	21	1	85
4	34	35	1	48
34	6	32	1	13
6	38	44	1	97
38	75	32	1	76
75	31	50	1	37
31	41	0	0	33
41	29	49	1	41
29	20	33	1	31
20	24	27	1	59
24	3	22	1	58
3	16	10	1	38
16	65	0	0	68
65	23	0	0	86
23	55	0	0	62
55	33	0	0	54
33	50	0	0	44
50	7	0	0	77
7	80	0	0	23
80	10	50	1	49
10	79	0	0	59
79	17	0	0	52
17	74	37	1	40
74	8	0	0	84
8	9	28	1	77
9	59	15	1	60
59	5	32	1	43
5	54	22	1	31
54	64	48	1	33
64	25	38	1	50
25	51	33	1	43
51	13	6	1	42
13	57	27	1	11
57	2	0	0	16
2	47	25	1	85
47	62	10	1	41
62	22	0	0	75
22	44	35	1	88
44	46	32	1	75
46	48	49	1	21
48	78	0	0	42
78	43	0	0	61
43	27	0	0	103
27	40	0	0	87
40	14	18	1	83
14	39	0	0	71
39	77	0	0	57
77	42	0	0	61
61	18	11	1	36
18	6	7	1	91
6	56	0	0	83
56	51	42	1	48
51	77	21	1	43
77	9	0	0	86
9	5	31	1	38
5	49	0	0	58
49	57	23	1	62
57	44	8	1	45
44	22	12	1	88
22	2	0	0	57
2	15	22	1	47
15	24	0	0	60
24	32	7	1	64
32	69	40	1	29
69	37	0	0	41
37	68	0	0	89
68	3	39	1	61
3	67	18	1	46
67	63	39	1	47
63	36	38	1	24
36	55	44	1	52
55	16	0	0	49
16	54	16	1	56
54	76	43	1	31
76	52	20	1	38
52	17	27	1	47
17	30	0	0	47
30	78	0	0	91
78	66	40	1	24
66	80	7	1	61
80	33	10	1	43
33	31	0	0	59
31	39	35	1	18
39	7	23	1	47
7	28	24	1	47
28	41	0	0	50
41	42	0	0	47
42	72	41	1	51
72	27	48	1	39
27	59	45	1	50
59	26	0	0	10
26	45	39	1	85
45	38	15	1	21
38	34	5	1	85
34	13	0	0	26
13	53	35	1	89
53	21	46	1	14
21	79	22	1	79
79	73	15	1	47
73	35	0	0	12
35	43	18	1	46
43	23	25	1	89
23	10	23	1	41
10	74	29	1	55
74	40	0	0	64
40	19	21	1	71
19	1	6	1	25
1	4	17	1	101
4	65	29	1	41
65	46	41	1	35
46	50	45	1	61
50	12	22	1	32
12	14	0	0	72
14	60	46	1	111
60	8	0	0	16
8	75	31	1	11
75	47	0	0	76
47	71	37	1	85
71	25	0	0	16
25	70	0	0	55
70	29	23	1	56
29	48	0	0	30
48	64	14	1	53
64	62	34	1	79
62	58	22	1	66
58	20	45	1	35
20	11	0	0	26
11	61	46	1	27
28	17	35	1	25
3	37	35	1	39
46	47	0	0	23
11	70	37	1	61
67	58	30	1	55
23	45	17	1	90
30	59	41	1	30
12	9	24	1	90
48	71	48	1	46
7	45	0	0	56
18	59	0	0	71
41	15	36	1	51
41	55	35	1	59
54	45	0	0	69
76	80	12	1	20
14	40	43	1	83
68	63	50	1	91
47	50	24	1	83
20	63	0	0	35
42	22	22	1	48
12	63	20	1	94
49	65	26	1	35
42	64	28	1	37
55	37	38	1	42
43	80	10	1	25
62	49	16	1	35
59	31	50	1	40
5	24	45	1	68
67	60	42	1	89
49	62	0	0	35
61	40	0	0	47
65	74	30	1	30
9	43	0	0	29
15	46	11	1	17
3	39	0	0	31
68	36	6	1	95
12	43	7	1	93
7	34	28	1	68
12	51	40	1	44
52	26	49	1	30

----------TURNS----------
INDEX-I	INDEX-J INDEX-K	COST TYPE
42	11	21	1	R
42	11	61	1	R
42	11	70	3	L
42	11	67	1	R
11	21	53	1	R
11	21	79	1	R
11	21	37	3	L
21	53	61	3	L
21	53	21	10000	U
53	61	37	1	R
53	61	18	1	R
53	61	40	1	R
61	37	72	3	L
61	37	68	1	R
61	37	9	1	R
61	37	47	1	R
61	37	21	1	R
37	72	18	3	L
37	72	27	1	R
37	72	80	3	L
37	72	63	3	L
72	18	19	3	L
72	18	6	1	R
72	18	59	1	R
72	18	45	3	L
18	19	15	3	L
18	19	1	1	R
18	19	10	1	R
18	19	67	3	L
19	15	45	3	L
19	15	24	1	R
19	15	46	3	L
19	15	12	1	R
19	15	44	1	R
19	15	77	3	L
15	45	26	3	L
15	45	38	1	R
15	45	16	3	L
15	45	18	1	R
15	45	25	1	R
45	26	68	3	L
45	26	45	10000	U
45	26	1	1	R
45	26	73	3	L
26	68	58	3	L
26	68	3	3	L
26	68	63	3	L
26	68	36	3	L
26	68	5	3	L
68	58	73	3	L
68	58	20	1	R
68	58	7	1	R
58	73	67	3	L
58	73	35	3	L
58	73	38	3	L
58	73	76	3	L
58	73	6	1	R
58	73	42	3	L
58	73	26	1	R
73	67	28	3	L
73	67	63	3	L
73	67	58	3	L
73	67	60	3	L
73	67	19	3	L
73	67	11	3	L
67	28	63	1	R
67	28	41	1	R
67	28	17	1	R
67	28	42	1	R
28	63	56	3	L
28	63	36	3	L
28	63	8	3	L
28	63	72	3	L
63	56	49	3	L
63	56	51	3	L
63	56	47	3	L
63	56	77	3	L
56	49	35	1	R
56	49	57	1	R
56	49	65	3	L
56	49	62	3	L
56	49	34	1	R
49	35	32	1	R
49	35	43	3	L
49	35	57	1	R
35	32	70	3	L
35	32	69	1	R
32	70	1	1	R
32	70	29	3	L
32	70	80	3	L
32	70	20	3	L
32	70	8	1	R
32	70	14	3	L
70	1	60	0	O
70	1	4	0	O
70	1	5	0	O
70	1	66	0	O
70	1	80	0	O
70	1	26	0	O
1	60	52	1	R
1	60	8	1	R
1	60	38	1	R
60	52	12	1	R
60	52	17	3	L
60	52	26	1	R
60	52	24	3	L
52	12	30	1	R
52	12	14	1	R
52	12	9	1	R
52	12	63	1	R
52	12	43	1	R
52	12	51	1	R
52	12	15	1	R
12	30	76	3	L
12	30	78	3	L
12	30	59	3	L
12	30	16	3	L
30	76	36	3	L
30	76	52	3	L
30	76	80	3	L
30	76	73	3	L
76	36	71	3	L
76	36	55	1	R
76	36	38	1	R
76	36	41	3	L
36	71	69	3	L
36	71	25	3	L
71	69	66	3	L
71	69	37	3	L
71	69	48	1	R
71	69	16	3	L
71	69	62	1	R
69	66	4	1	R
69	66	80	1	R
69	66	1	3	L
66	4	34	1	R
66	4	65	3	L
4	34	6	3	L
4	34	13	3	L
4	34	25	3	L
4	34	55	1	R
4	34	49	1	R
4	34	8	1	R
34	6	38	1	R
34	6	56	1	R
34	6	73	3	L
34	6	5	1	R
34	6	57	1	R
34	6	29	1	R
6	38	75	3	L
6	38	34	1	R
6	38	36	3	L
6	38	73	1	R
6	38	8	3	L
6	38	9	1	R
6	38	17	3	L
6	38	60	3	L
38	75	31	3	L
38	75	47	1	R
38	75	78	1	R
38	75	62	3	L
38	75	46	3	L
75	31	41	1	R
75	31	39	3	L
75	31	9	3	L
31	41	29	3	L
31	41	42	3	L
31	41	15	3	L
31	41	55	3	L
31	41	36	1	R
41	29	20	3	L
41	29	48	3	L
41	29	6	1	R
41	29	65	3	L
29	20	24	1	R
29	20	11	3	L
29	20	63	3	L
29	20	70	3	L
29	20	43	1	R
29	20	33	1	R
20	24	3	1	R
20	24	32	1	R
20	24	52	1	R
24	3	16	1	R
24	3	67	1	R
24	3	37	1	R
24	3	39	1	R
24	3	40	1	R
3	16	65	1	R
3	16	54	1	R
3	16	30	1	R
3	16	45	1	R
3	16	48	1	R
3	16	22	3	L
3	16	69	1	R
16	65	23	1	R
16	65	46	3	L
16	65	74	1	R
16	65	62	3	L
16	65	29	1	R
65	23	55	1	R
65	23	10	1	R
65	23	45	1	R
23	55	33	1	R
23	55	16	3	L
23	55	37	3	L
23	55	34	1	R
55	33	50	1	R
55	33	31	1	R
55	33	25	3	L
55	33	20	1	R
33	50	7	1	R
33	50	12	3	L
50	7	80	1	R
50	7	28	1	R
50	7	45	3	L
50	7	34	1	R
50	7	58	3	L
7	80	10	1	R
7	80	33	3	L
7	80	9	1	R
7	80	70	1	R
7	80	72	1	R
7	80	1	1	R
80	10	79	3	L
80	10	74	3	L
80	10	19	3	L
80	10	46	1	R
10	79	17	3	L
10	79	73	3	L
10	79	42	3	L
10	79	77	1	R
79	17	74	1	R
79	17	30	1	R
79	17	38	1	R
17	74	8	3	L
17	74	40	3	L
17	74	39	3	L
17	74	44	1	R
74	8	9	1	R
74	8	75	3	L
74	8	38	1	R
74	8	63	1	R
74	8	70	3	L
74	8	34	3	L
8	9	59	1	R
8	9	5	1	R
8	9	43	1	R
8	9	80	1	R
8	9	37	3	L
8	9	38	3	L
8	9	31	1	R
8	9	51	1	R
9	59	5	1	R
9	59	26	1	R
9	59	31	1	R
59	5	54	1	R
59	5	49	1	R
59	5	24	1	R
59	5	1	3	L
59	5	6	1	R
59	5	68	1	R
5	54	64	1	R
5	54	76	3	L
5	54	45	3	L
5	54	2	1	R
5	54	13	1	R
5	54	22	1	R
54	64	25	3	L
54	64	62	1	R
54	64	77	1	R
64	25	51	3	L
64	25	70	1	R
64	25	34	1	R
64	25	33	1	R
64	25	45	3	L
25	51	13	3	L
25	51	77	3	L
25	51	9	1	R
51	13	57	3	L
51	13	53	3	L
51	13	42	3	L
51	13	54	3	L
13	57	2	3	L
13	57	44	1	R
13	57	6	1	R
13	57	35	1	R
57	2	47	3	L
57	2	15	3	L
57	2	54	1	R
2	47	62	1	R
2	47	71	1	R
2	47	50	3	L
2	47	78	1	R
2	47	56	3	L
2	47	37	3	L
2	47	42	1	R
47	62	22	1	R
47	62	58	1	R
47	62	49	1	R
47	62	75	1	R
47	62	65	1	R
47	62	69	1	R
62	22	44	3	L
62	22	2	3	L
62	22	16	1	R
62	22	54	3	L
22	44	46	3	L
22	44	22	10000	U
22	44	74	3	L
22	44	15	3	L
44	46	48	1	R
44	46	50	3	L
44	46	47	1	R
44	46	10	3	L
44	46	75	3	L
46	48	78	3	L
46	48	64	1	R
46	48	71	1	R
46	48	16	1	R
46	48	69	1	R
46	48	39	1	R
48	78	43	1	R
48	78	66	3	L
48	78	75	3	L
48	78	47	3	L
78	43	27	1	R
78	43	23	1	R
78	43	80	1	R
78	43	20	1	R
43	27	40	1	R
43	27	59	3	L
43	27	77	1	R
27	40	14	1	R
27	40	19	1	R
27	40	3	1	R
40	14	39	1	R
40	14	60	1	R
40	14	40	10000	U
40	14	70	1	R
14	39	77	3	L
14	39	7	1	R
14	39	74	1	R
14	39	48	1	R
39	77	42	3	L
39	77	9	3	L
39	77	64	3	L
39	77	15	3	L
39	77	27	3	L
39	77	79	3	L
39	77	56	1	R
77	42	11	1	R
77	42	72	1	R
77	42	22	3	L
77	42	64	1	R
77	42	13	1	R
77	42	28	1	R
77	42	79	1	R
77	42	73	1	R
77	42	47	3	L
61	18	19	1	R
61	18	6	1	R
61	18	59	1	R
61	18	45	3	L
18	6	38	3	L
18	6	56	1	R
18	6	73	3	L
18	6	5	1	R
18	6	57	1	R
18	6	29	1	R
6	56	49	1	R
6	56	51	1	R
6	56	47	1	R
6	56	77	3	L
56	51	13	1	R
56	51	77	1	R
56	51	9	3	L
51	77	42	1	R
51	77	9	1	R
51	77	64	3	L
51	77	15	1	R
51	77	27	3	L
51	77	79	3	L
51	77	56	1	R
77	9	59	1	R
77	9	5	3	L
77	9	43	1	R
77	9	80	1	R
77	9	37	3	L
77	9	38	3	L
77	9	31	3	L
77	9	51	1	R
9	5	54	3	L
9	5	49	3	L
9	5	24	3	L
9	5	1	3	L
9	5	6	3	L
9	5	68	3	L
5	49	35	1	R
5	49	57	1	R
5	49	65	3	L
5	49	62	3	L
5	49	34	1	R
49	57	2	1	R
49	57	44	3	L
49	57	6	3	L
49	57	35	3	L
57	44	46	3	L
57	44	22	3	L
57	44	74	3	L
57	44	15	3	L
44	22	44	10000	U
44	22	2	3	L
44	22	16	1	R
44	22	54	1	R
22	2	47	3	L
22	2	15	3	L
22	2	54	3	L
2	15	45	3	L
2	15	24	1	R
2	15	46	3	L
2	15	12	3	L
2	15	44	1	R
2	15	77	3	L
15	24	3	1	R
15	24	32	1	R
15	24	52	1	R
24	32	70	3	L
24	32	69	1	R
32	69	66	3	L
32	69	37	3	L
32	69	48	3	L
32	69	16	3	L
32	69	62	3	L
69	37	72	3	L
69	37	68	1	R
69	37	9	1	R
69	37	47	1	R
69	37	21	1	R
37	68	58	1	R
37	68	3	1	R
37	68	63	3	L
37	68	36	1	R
37	68	5	1	R
68	3	16	1	R
68	3	67	1	R
68	3	37	1	R
68	3	39	1	R
68	3	40	1	R
3	67	28	1	R
3	67	63	3	L
3	67	58	3	L
3	67	60	3	L
3	67	19	3	L
3	67	11	1	R
67	63	56	3	L
67	63	36	3	L
67	63	8	3	L
67	63	72	3	L
63	36	71	3	L
63	36	55	3	L
63	36	38	3	L
63	36	41	3	L
36	55	33	1	R
36	55	16	3	L
36	55	37	3	L
36	55	34	1	R
55	16	65	1	R
55	16	54	3	L
55	16	30	3	L
55	16	45	1	R
55	16	48	1	R
55	16	22	3	L
55	16	69	3	L
16	54	64	1	R
16	54	76	3	L
16	54	45	3	L
16	54	2	1	R
16	54	13	1	R
16	54	22	1	R
54	76	36	3	L
54	76	52	1	R
54	76	80	3	L
54	76	73	1	R
76	52	12	1	R
76	52	17	1	R
76	52	26	1	R
76	52	24	3	L
52	17	74	1	R
52	17	30	1	R
52	17	38	1	R
17	30	76	3	L
17	30	78	3	L
17	30	59	1	R
17	30	16	3	L
30	78	43	1	R
30	78	66	3	L
30	78	75	3	L
30	78	47	3	L
78	66	4	3	L
78	66	80	3	L
78	66	1	3	L
66	80	10	1	R
66	80	33	1	R
66	80	9	3	L
66	80	70	1	R
66	80	72	1	R
66	80	1	1	R
80	33	50	1	R
80	33	31	1	R
80	33	25	3	L
80	33	20	1	R
33	31	41	3	L
33	31	39	1	R
33	31	9	1	R
31	39	77	3	L
31	39	7	1	R
31	39	74	1	R
31	39	48	1	R
39	7	80	1	R
39	7	28	1	R
39	7	45	3	L
39	7	34	1	R
39	7	58	1	R
7	28	63	1	R
7	28	41	1	R
7	28	17	1	R
7	28	42	1	R
28	41	29	1	R
28	41	42	1	R
28	41	15	1	R
28	41	55	1	R
28	41	36	1	R
41	42	11	1	R
41	42	72	1	R
41	42	22	3	L
41	42	64	1	R
41	42	13	1	R
41	42	28	1	R
41	42	79	1	R
41	42	73	1	R
41	42	47	3	L
42	72	18	1	R
42	72	27	1	R
42	72	80	3	L
42	72	63	1	R
72	27	40	1	R
72	27	59	1	R
72	27	77	3	L
27	59	5	3	L
27	59	26	1	R
27	59	31	3	L
59	26	68	1	R
59	26	45	1	R
59	26	1	1	R
59	26	73	3	L
26	45	26	10000	U
26	45	38	1	R
26	45	16	3	L
26	45	18	1	R
26	45	25	1	R
45	38	75	1	R
45	38	34	1	R
45	38	36	1	R
45	38	73	1	R
45	38	8	1	R
45	38	9	1	R
45	38	17	1	R
45	38	60	1	R
38	34	6	1	R
38	34	13	1	R
38	34	25	3	L
38	34	55	3	L
38	34	49	3	L
38	34	8	1	R
34	13	57	1	R
34	13	53	1	R
34	13	42	1	R
34	13	54	1	R
13	53	61	3	L
13	53	21	3	L
53	21	53	10000	U
53	21	79	3	L
53	21	37	1	R
21	79	17	1	R
21	79	73	3	L
21	79	42	3	L
21	79	77	1	R
79	73	67	3	L
79	73	35	1	R
79	73	38	3	L
79	73	76	3	L
79	73	6	1	R
79	73	42	3	L
79	73	26	3	L
73	35	32	3	L
73	35	43	3	L
73	35	57	1	R
35	43	27	3	L
35	43	23	3	L
35	43	80	3	L
35	43	20	3	L
43	23	55	1	R
43	23	10	1	R
43	23	45	1	R
23	10	79	1	R
23	10	74	1	R
23	10	19	3	L
23	10	46	1	R
10	74	8	3	L
10	74	40	3	L
10	74	39	3	L
10	74	44	1	R
74	40	14	1	R
74	40	19	3	L
74	40	3	3	L
40	19	15	3	L
40	19	1	1	R
40	19	10	1	R
40	19	67	3	L
19	1	60	0	O
19	1	4	0	O
19	1	5	0	O
19	1	66	0	O
19	1	80	0	O
19	1	26	0	O
1	4	34	1	R
1	4	65	3	L
4	65	23	3	L
4	65	46	3	L
4	65	74	3	L
4	65	62	1	R
4	65	29	3	L
65	46	48	3	L
65	46	50	3	L
65	46	47	1	R
65	46	10	3	L
65	46	75	3	L
46	50	7	3	L
46	50	12	3	L
50	12	30	3	L
50	12	14	3	L
50	12	9	3	L
50	12	63	3	L
50	12	43	3	L
50	12	51	3	L
50	12	15	3	L
12	14	39	3	L
12	14	60	3	L
12	14	40	3	L
12	14	70	1	R
14	60	52	3	L
14	60	8	1	R
14	60	38	1	R
60	8	9	1	R
60	8	75	1	R
60	8	38	1	R
60	8	63	3	L
60	8	70	1	R
60	8	34	1	R
8	75	31	3	L
8	75	47	3	L
8	75	78	3	L
8	75	62	3	L
8	75	46	3	L
75	47	62	1	R
75	47	71	1	R
75	47	50	1	R
75	47	78	1	R
75	47	56	3	L
75	47	37	3	L
75	47	42	1	R
47	71	69	1	R
47	71	25	3	L
71	25	51	3	L
71	25	70	1	R
71	25	34	1	R
71	25	33	1	R
71	25	45	3	L
25	70	1	1	R
25	70	29	1	R
25	70	80	1	R
25	70	20	1	R
25	70	8	1	R
25	70	14	3	L
70	29	20	3	L
70	29	48	3	L
70	29	6	1	R
70	29	65	1	R
29	48	78	3	L
29	48	64	3	L
29	48	71	1	R
29	48	16	3	L
29	48	69	3	L
29	48	39	3	L
48	64	25	3	L
48	64	62	3	L
48	64	77	1	R
64	62	22	3	L
64	62	58	3	L
64	62	49	1	R
64	62	75	3	L
64	62	65	3	L
64	62	69	3	L
62	58	73	3	L
62	58	20	1	R
62	58	7	3	L
58	20	24	1	R
58	20	11	1	R
58	20	63	3	L
58	20	70	1	R
58	20	43	1	R
58	20	33	1	R
20	11	21	3	L
20	11	61	1	R
20	11	70	1	R
20	11	67	3	L
11	61	37	1	R
11	61	18	1	R
11	61	40	1	R
28	17	74	1	R
28	17	30	3	L
28	17	38	1	R
3	37	72	3	L
3	37	68	1	R
3	37	9	1	R
3	37	47	1	R
3	37	21	1	R
46	47	62	1	R
46	47	71	1	R
46	47	50	3	L
46	47	78	1	R
46	47	56	3	L
46	47	37	3	L
46	47	42	1	R
11	70	1	1	R
11	70	29	3	L
11	70	80	3	L
11	70	20	1	R
11	70	8	1	R
11	70	14	3	L
67	58	73	3	L
67	58	20	1	R
67	58	7	3	L
23	45	26	1	R
23	45	38	1	R
23	45	16	3	L
23	45	18	1	R
23	45	25	1	R
30	59	5	1	R
30	59	26	3	L
30	59	31	1	R
12	9	59	3	L
12	9	5	3	L
12	9	43	1	R
12	9	80	1	R
12	9	37	3	L
12	9	38	3	L
12	9	31	3	L
12	9	51	3	L
48	71	69	1	R
48	71	25	3	L
7	45	26	3	L
7	45	38	1	R
7	45	16	3	L
7	45	18	3	L
7	45	25	3	L
18	59	5	1	R
18	59	26	1	R
18	59	31	1	R
41	15	45	3	L
41	15	24	1	R
41	15	46	3	L
41	15	12	1	R
41	15	44	1	R
41	15	77	3	L
41	55	33	1	R
41	55	16	3	L
41	55	37	3	L
41	55	34	1	R
54	45	26	3	L
54	45	38	1	R
54	45	16	3	L
54	45	18	1	R
54	45	25	1	R
76	80	10	3	L
76	80	33	3	L
76	80	9	1	R
76	80	70	3	L
76	80	72	3	L
76	80	1	3	L
14	40	14	10000	U
14	40	19	3	L
14	40	3	3	L
68	63	56	3	L
68	63	36	3	L
68	63	8	3	L
68	63	72	3	L
47	50	7	3	L
47	50	12	3	L
20	63	56	3	L
20	63	36	3	L
20	63	8	3	L
20	63	72	3	L
42	22	44	3	L
42	22	2	3	L
42	22	16	1	R
42	22	54	3	L
12	63	56	3	L
12	63	36	3	L
12	63	8	3	L
12	63	72	3	L
49	65	23	3	L
49	65	46	3	L
49	65	74	3	L
49	65	62	1	R
49	65	29	3	L
42	64	25	3	L
42	64	62	1	R
42	64	77	1	R
55	37	72	3	L
55	37	68	3	L
55	37	9	1	R
55	37	47	1	R
55	37	21	1	R
43	80	10	1	R
43	80	33	3	L
43	80	9	1	R
43	80	70	3	L
43	80	72	3	L
43	80	1	1	R
62	49	35	1	R
62	49	57	1	R
62	49	65	1	R
62	49	62	10000	U
62	49	34	1	R
59	31	41	3	L
59	31	39	1	R
59	31	9	1	R
5	24	3	1	R
5	24	32	1	R
5	24	52	1	R
67	60	52	3	L
67	60	8	1	R
67	60	38	1	R
49	62	22	3	L
49	62	58	3	L
49	62	49	10000	U
49	62	75	3	L
49	62	65	3	L
49	62	69	3	L
61	40	14	1	R
61	40	19	3	L
61	40	3	1	R
65	74	8	1	R
65	74	40	1	R
65	74	39	1	R
65	74	44	3	L
9	43	27	1	R
9	43	23	1	R
9	43	80	1	R
9	43	20	1	R
15	46	48	1	R
15	46	50	3	L
15	46	47	1	R
15	46	10	3	L
15	46	75	3	L
3	39	77	3	L
3	39	7	1	R
3	39	74	1	R
3	39	48	1	R
68	36	71	3	L
68	36	55	1	R
68	36	38	1	R
68	36	41	3	L
12	43	27	3	L
12	43	23	3	L
12	43	80	3	L
12	43	20	3	L
7	34	6	1	R
7	34	13	1	R
7	34	25	3	L
7	34	55	1	R
7	34	49	3	L
7	34	8	1	R
12	51	13	1	R
12	51	77	3	L
12	51	9	1	R
52	26	68	1	R
52	26	45	1	R
52	26	1	1	R
52	26	73	1	R
36	38	75	1	R
36	38	34	1	R
36	38	36	10000	U
36	38	73	1	R
36	38	8	3	L
36	38	9	1	R
36	38	17	1	R
36	38	60	1	R
38	36	71	3	L
38	36	55	3	L
38	36	38	10000	U
38	36	41	3	L
42	13	57	3	L
42	13	53	3	L
42	13	42	10000	U
42	13	54	3	L
13	42	11	3	L
13	42	72	3	L
13	42	22	3	L
13	42	64	3	L
13	42	13	10000	U
13	42	28	1	R
13	42	79	3	L
13	42	73	1	R
13	42	47	3	L
16	30	76	3	L
16	30	78	3	L
16	30	59	1	R
16	30	16	10000	U
30	16	65	1	R
30	16	54	1	R
30	16	30	10000	U
30	16	45	1	R
30	16	48	1	R
30	16	22	3	L
30	16	69	1	R
78	75	31	3	L
78	75	47	1	R
78	75	78	10000	U
78	75	62	3	L
78	75	46	3	L
75	78	43	1	R
75	78	66	3	L
75	78	75	10000	U
75	78	47	3	L
38	73	67	3	L
38	73	35	3	L
38	73	38	10000	U
38	73	76	3	L
38	73	6	1	R
38	73	42	1	R
38	73	26	1	R
73	38	75	3	L
73	38	34	3	L
73	38	36	3	L
73	38	73	10000	U
73	38	8	3	L
73	38	9	1	R
73	38	17	3	L
73	38	60	3	L
76	73	67	1	R
76	73	35	3	L
76	73	38	1	R
76	73	76	10000	U
76	73	6	1	R
76	73	42	1	R
76	73	26	1	R
73	76	36	3	L
73	76	52	1	R
73	76	80	3	L
73	76	73	10000	U
9	80	10	1	R
9	80	33	1	R
9	80	9	10000	U
9	80	70	1	R
9	80	72	1	R
9	80	1	1	R
80	9	59	3	L
80	9	5	3	L
80	9	43	1	R
80	9	80	10000	U
80	9	37	3	L
80	9	38	3	L
80	9	31	3	L
80	9	51	3	L
74	39	77	3	L
74	39	7	1	R
74	39	74	10000	U
74	39	48	1	R
39	74	8	1	R
39	74	40	3	L
39	74	39	10000	U
39	74	44	1	R
6	73	67	3	L
6	73	35	1	R
6	73	38	3	L
6	73	76	3	L
6	73	6	10000	U
6	73	42	3	L
6	73	26	3	L
73	6	38	1	R
73	6	56	1	R
73	6	73	10000	U
73	6	5	1	R
73	6	57	1	R
73	6	29	1	R
1	5	54	1	R
1	5	49	1	R
1	5	24	1	R
1	5	1	10000	U
1	5	6	1	R
1	5	68	1	R
5	1	60	0	O
5	1	4	0	O
5	1	5	0	O
5	1	66	0	O
5	1	80	0	O
5	1	26	0	O
19	10	79	1	R
19	10	74	1	R
19	10	19	10000	U
19	10	46	1	R
10	19	15	3	L
10	19	1	1	R
10	19	10	10000	U
10	19	67	3	L
16	45	26	1	R
16	45	38	1	R
16	45	16	10000	U
16	45	18	1	R
16	45	25	1	R
45	16	65	3	L
45	16	54	3	L
45	16	30	3	L
45	16	45	10000	U
45	16	48	3	L
45	16	22	3	L
45	16	69	3	L
28	42	11	3	L
28	42	72	3	L
28	42	22	3	L
28	42	64	3	L
28	42	13	3	L
28	42	28	10000	U
28	42	79	3	L
28	42	73	1	R
28	42	47	1	R
42	28	63	1	R
42	28	41	1	R
42	28	17	1	R
42	28	42	10000	U
37	9	59	1	R
37	9	5	1	R
37	9	43	1	R
37	9	80	1	R
37	9	37	10000	U
37	9	38	3	L
37	9	31	1	R
37	9	51	1	R
9	37	72	3	L
9	37	68	3	L
9	37	9	10000	U
9	37	47	1	R
9	37	21	3	L
79	42	11	3	L
79	42	72	3	L
79	42	22	3	L
79	42	64	3	L
79	42	13	1	R
79	42	28	1	R
79	42	79	10000	U
79	42	73	1	R
79	42	47	3	L
42	79	17	1	R
42	79	73	3	L
42	79	42	10000	U
42	79	77	1	R
80	70	1	1	R
80	70	29	1	R
80	70	80	10000	U
80	70	20	1	R
80	70	8	1	R
80	70	14	3	L
70	80	10	3	L
70	80	33	1	R
70	80	9	3	L
70	80	70	10000	U
70	80	72	3	L
70	80	1	3	L
75	62	22	3	L
75	62	58	1	R
75	62	49	1	R
75	62	75	10000	U
75	62	65	3	L
75	62	69	1	R
62	75	31	3	L
62	75	47	1	R
62	75	78	1	R
62	75	62	10000	U
62	75	46	1	R
16	48	78	3	L
16	48	64	1	R
16	48	71	1	R
16	48	16	10000	U
16	48	69	1	R
16	48	39	3	L
48	16	65	1	R
48	16	54	3	L
48	16	30	3	L
48	16	45	1	R
48	16	48	10000	U
48	16	22	3	L
48	16	69	3	L
25	34	6	3	L
25	34	13	3	L
25	34	25	10000	U
25	34	55	1	R
25	34	49	1	R
25	34	8	1	R
34	25	51	3	L
34	25	70	1	R
34	25	34	10000	U
34	25	33	1	R
34	25	45	3	L
80	72	18	1	R
80	72	27	1	R
80	72	80	10000	U
80	72	63	1	R
72	80	10	3	L
72	80	33	1	R
72	80	9	3	L
72	80	70	1	R
72	80	72	10000	U
72	80	1	3	L
24	52	12	1	R
24	52	17	1	R
24	52	26	1	R
24	52	24	10000	U
52	24	3	3	L
52	24	32	3	L
52	24	52	10000	U
70	20	24	1	R
70	20	11	1	R
70	20	63	3	L
70	20	70	10000	U
70	20	43	1	R
70	20	33	1	R
20	70	1	1	R
20	70	29	3	L
20	70	80	3	L
20	70	20	10000	U
20	70	8	1	R
20	70	14	3	L
64	77	42	1	R
64	77	9	1	R
64	77	64	10000	U
64	77	15	1	R
64	77	27	1	R
64	77	79	3	L
64	77	56	1	R
77	64	25	3	L
77	64	62	3	L
77	64	77	10000	U
22	16	65	1	R
22	16	54	1	R
22	16	30	1	R
22	16	45	1	R
22	16	48	1	R
22	16	22	10000	U
22	16	69	1	R
16	22	44	3	L
16	22	2	3	L
16	22	16	10000	U
16	22	54	3	L
42	73	67	3	L
42	73	35	3	L
42	73	38	3	L
42	73	76	3	L
42	73	6	1	R
42	73	42	10000	U
42	73	26	1	R
73	42	11	3	L
73	42	72	3	L
73	42	22	3	L
73	42	64	3	L
73	42	13	3	L
73	42	28	3	L
73	42	79	3	L
73	42	73	10000	U
73	42	47	1	R
38	8	9	3	L
38	8	75	3	L
38	8	38	10000	U
38	8	63	1	R
38	8	70	3	L
38	8	34	3	L
8	38	75	1	R
8	38	34	1	R
8	38	36	1	R
8	38	73	1	R
8	38	8	10000	U
8	38	9	1	R
8	38	17	1	R
8	38	60	1	R
58	7	80	1	R
58	7	28	1	R
58	7	45	3	L
58	7	34	1	R
58	7	58	10000	U
7	58	73	3	L
7	58	20	1	R
7	58	7	10000	U
38	9	59	1	R
38	9	5	1	R
38	9	43	3	L
38	9	80	1	R
38	9	37	1	R
38	9	38	10000	U
38	9	31	1	R
38	9	51	1	R
9	38	75	3	L
9	38	34	3	L
9	38	36	3	L
9	38	73	3	L
9	38	8	3	L
9	38	9	10000	U
9	38	17	3	L
9	38	60	3	L
1	66	4	1	R
1	66	80	1	R
1	66	1	10000	U
66	1	60	0	O
66	1	4	0	O
66	1	5	0	O
66	1	66	0	O
66	1	80	0	O
66	1	26	0	O
34	55	33	1	R
34	55	16	3	L
34	55	37	3	L
34	55	34	10000	U
55	34	6	1	R
55	34	13	1	R
55	34	25	3	L
55	34	55	10000	U
55	34	49	3	L
55	34	8	1	R
17	38	75	3	L
17	38	34	1	R
17	38	36	3	L
17	38	73	1	R
17	38	8	3	L
17	38	9	1	R
17	38	17	10000	U
17	38	60	3	L
38	17	74	3	L
38	17	30	3	L
38	17	38	10000	U
15	12	30	3	L
15	12	14	3	L
15	12	9	3	L
15	12	63	1	R
15	12	43	3	L
15	12	51	1	R
15	12	15	10000	U
12	15	45	3	L
12	15	24	1	R
12	15	46	3	L
12	15	12	10000	U
12	15	44	1	R
12	15	77	3	L
54	2	47	1	R
54	2	15	1	R
54	2	54	10000	U
2	54	64	3	L
2	54	76	1	R
2	54	45	3	L
2	54	2	10000	U
2	54	13	3	L
2	54	22	3	L
8	63	56	3	L
8	63	36	1	R
8	63	8	10000	U
8	63	72	1	R
63	8	9	3	L
63	8	75	3	L
63	8	38	3	L
63	8	63	10000	U
63	8	70	3	L
63	8	34	3	L
5	6	38	3	L
5	6	56	1	R
5	6	73	3	L
5	6	5	10000	U
5	6	57	1	R
5	6	29	3	L
6	5	54	1	R
6	5	49	1	R
6	5	24	1	R
6	5	1	3	L
6	5	6	10000	U
6	5	68	1	R
74	44	46	1	R
74	44	22	1	R
74	44	74	10000	U
74	44	15	1	R
44	74	8	3	L
44	74	40	3	L
44	74	39	3	L
44	74	44	10000	U
8	70	1	1	R
8	70	29	3	L
8	70	80	3	L
8	70	20	3	L
8	70	8	10000	U
8	70	14	3	L
70	8	9	1	R
70	8	75	3	L
70	8	38	1	R
70	8	63	1	R
70	8	70	10000	U
70	8	34	1	R
57	6	38	3	L
57	6	56	3	L
57	6	73	3	L
57	6	5	3	L
57	6	57	10000	U
57	6	29	3	L
6	57	2	1	R
6	57	44	1	R
6	57	6	10000	U
6	57	35	1	R
6	29	20	1	R
6	29	48	1	R
6	29	6	10000	U
6	29	65	1	R
29	6	38	3	L
29	6	56	1	R
29	6	73	3	L
29	6	5	1	R
29	6	57	1	R
29	6	29	10000	U
69	48	78	3	L
69	48	64	3	L
69	48	71	1	R
69	48	16	3	L
69	48	69	10000	U
69	48	39	3	L
48	69	66	1	R
48	69	37	1	R
48	69	48	10000	U
48	69	16	1	R
48	69	62	3	L
36	41	29	3	L
36	41	42	3	L
36	41	15	3	L
36	41	55	3	L
36	41	36	10000	U
41	36	71	1	R
41	36	55	1	R
41	36	38	1	R
41	36	41	10000	U
38	60	52	3	L
38	60	8	1	R
38	60	38	10000	U
60	38	75	1	R
60	38	34	1	R
60	38	36	3	L
60	38	73	1	R
60	38	8	3	L
60	38	9	1	R
60	38	17	1	R
60	38	60	10000	U
3	40	14	1	R
3	40	19	3	L
3	40	3	10000	U
40	3	16	1	R
40	3	67	3	L
40	3	37	1	R
40	3	39	1	R
40	3	40	10000	U
49	34	6	3	L
49	34	13	1	R
49	34	25	3	L
49	34	55	1	R
49	34	49	10000	U
49	34	8	1	R
34	49	35	1	R
34	49	57	3	L
34	49	65	3	L
34	49	62	3	L
34	49	34	10000	U
68	5	54	3	L
68	5	49	1	R
68	5	24	3	L
68	5	1	3	L
68	5	6	3	L
68	5	68	10000	U
5	68	58	1	R
5	68	3	1	R
5	68	63	3	L
5	68	36	1	R
5	68	5	10000	U
57	35	32	3	L
57	35	43	3	L
57	35	57	10000	U
35	57	2	1	R
35	57	44	1	R
35	57	6	3	L
35	57	35	10000	U
43	20	24	3	L
43	20	11	3	L
43	20	63	1	R
43	20	70	3	L
43	20	43	10000	U
43	20	33	3	L
20	43	27	1	R
20	43	23	1	R
20	43	80	1	R
20	43	20	10000	U
33	25	51	3	L
33	25	70	1	R
33	25	34	3	L
33	25	33	10000	U
33	25	45	3	L
25	33	50	1	R
25	33	31	1	R
25	33	25	10000	U
25	33	20	1	R
80	1	60	0	O
80	1	4	0	O
80	1	5	0	O
80	1	66	0	O
80	1	80	0	O
80	1	26	0	O
1	80	10	3	L
1	80	33	1	R
1	80	9	3	L
1	80	70	1	R
1	80	72	1	R
1	80	1	10000	U
14	70	1	1	R
14	70	29	1	R
14	70	80	1	R
14	70	20	1	R
14	70	8	1	R
14	70	14	10000	U
70	14	39	3	L
70	14	60	3	L
70	14	40	3	L
70	14	70	10000	U
1	26	68	3	L
1	26	45	3	L
1	26	1	10000	U
1	26	73	3	L
26	1	60	0	O
26	1	4	0	O
26	1	5	0	O
26	1	66	0	O
26	1	80	0	O
26	1	26	0	O
20	33	50	1	R
20	33	31	1	R
20	33	25	3	L
20	33	20	10000	U
33	20	24	1	R
33	20	11	3	L
33	20	63	3	L
33	20	70	3	L
33	20	43	1	R
33	20	33	10000	U
48	39	77	3	L
48	39	7	1	R
48	39	74	3	L
48	39	48	10000	U
39	48	78	3	L
39	48	64	1	R
39	48	71	1	R
39	48	16	1	R
39	48	69	1	R
39	48	39	10000	U
15	44	46	3	L
15	44	22	1	R
15	44	74	3	L
15	44	15	10000	U
44	15	45	1	R
44	15	24	1	R
44	15	46	1	R
44	15	12	3	L
44	15	44	10000	U
44	15	77	3	L
78	47	62	3	L
78	47	71	3	L
78	47	50	3	L
78	47	78	10000	U
78	47	56	3	L
78	47	37	3	L
78	47	42	3	L
47	78	43	1	R
47	78	66	3	L
47	78	75	1	R
47	78	47	10000	U
56	47	62	1	R
56	47	71	1	R
56	47	50	1	R
56	47	78	1	R
56	47	56	10000	U
56	47	37	1	R
56	47	42	1	R
47	56	49	3	L
47	56	51	3	L
47	56	47	10000	U
47	56	77	3	L
46	10	79	3	L
46	10	74	3	L
46	10	19	3	L
46	10	46	10000	U
10	46	48	1	R
10	46	50	1	R
10	46	47	3	L
10	46	10	10000	U
10	46	75	3	L
15	77	42	3	L
15	77	9	3	L
15	77	64	3	L
15	77	15	10000	U
15	77	27	3	L
15	77	79	3	L
15	77	56	1	R
77	15	45	3	L
77	15	24	1	R
77	15	46	3	L
77	15	12	1	R
77	15	44	1	R
77	15	77	10000	U
54	13	57	3	L
54	13	53	3	L
54	13	42	1	R
54	13	54	10000	U
13	54	64	3	L
13	54	76	1	R
13	54	45	3	L
13	54	2	1	R
13	54	13	10000	U
13	54	22	3	L
27	77	42	1	R
27	77	9	1	R
27	77	64	3	L
27	77	15	1	R
27	77	27	10000	U
27	77	79	3	L
27	77	56	1	R
77	27	40	3	L
77	27	59	3	L
77	27	77	10000	U
22	54	64	1	R
22	54	76	3	L
22	54	45	3	L
22	54	2	1	R
22	54	13	1	R
22	54	22	10000	U
54	22	44	3	L
54	22	2	3	L
54	22	16	1	R
54	22	54	10000	U
34	8	9	1	R
34	8	75	3	L
34	8	38	1	R
34	8	63	1	R
34	8	70	3	L
34	8	34	10000	U
8	34	6	1	R
8	34	13	1	R
8	34	25	3	L
8	34	55	3	L
8	34	49	3	L
8	34	8	10000	U
47	37	72	3	L
47	37	68	3	L
47	37	9	3	L
47	37	47	10000	U
47	37	21	3	L
37	47	62	1	R
37	47	71	1	R
37	47	50	1	R
37	47	78	1	R
37	47	56	3	L
37	47	37	10000	U
37	47	42	1	R
67	19	15	1	R
67	19	1	1	R
67	19	10	1	R
67	19	67	10000	U
19	67	28	1	R
19	67	63	3	L
19	67	58	3	L
19	67	60	3	L
19	67	19	10000	U
19	67	11	1	R
65	62	22	1	R
65	62	58	1	R
65	62	49	1	R
65	62	75	1	R
65	62	65	10000	U
65	62	69	1	R
62	65	23	3	L
62	65	46	1	R
62	65	74	3	L
62	65	62	10000	U
62	65	29	3	L
65	29	20	1	R
65	29	48	1	R
65	29	6	3	L
65	29	65	10000	U
29	65	23	3	L
29	65	46	3	L
29	65	74	1	R
29	65	62	1	R
29	65	29	10000	U
9	31	41	3	L
9	31	39	1	R
9	31	9	10000	U
31	9	59	1	R
31	9	5	3	L
31	9	43	1	R
31	9	80	1	R
31	9	37	3	L
31	9	38	3	L
31	9	31	10000	U
31	9	51	1	R
37	21	53	3	L
37	21	79	1	R
37	21	37	10000	U
21	37	72	3	L
21	37	68	3	L
21	37	9	1	R
21	37	47	1	R
21	37	21	10000	U
18	45	26	3	L
18	45	38	1	R
18	45	16	3	L
18	45	18	10000	U
18	45	25	3	L
45	18	19	1	R
45	18	6	1	R
45	18	59	1	R
45	18	45	10000	U
75	46	48	1	R
75	46	50	1	R
75	46	47	3	L
75	46	10	1	R
75	46	75	10000	U
46	75	31	3	L
46	75	47	1	R
46	75	78	1	R
46	75	62	3	L
46	75	46	10000	U
77	79	17	3	L
77	79	73	3	L
77	79	42	3	L
77	79	77	10000	U
79	77	42	1	R
79	77	9	1	R
79	77	64	1	R
79	77	15	1	R
79	77	27	1	R
79	77	79	10000	U
79	77	56	1	R
26	73	67	3	L
26	73	35	1	R
26	73	38	3	L
26	73	76	3	L
26	73	6	1	R
26	73	42	3	L
26	73	26	10000	U
73	26	68	1	R
73	26	45	1	R
73	26	1	1	R
73	26	73	10000	U
56	77	42	3	L
56	77	9	3	L
56	77	64	3	L
56	77	15	3	L
56	77	27	3	L
56	77	79	3	L
56	77	56	10000	U
77	56	49	1	R
77	56	51	1	R
77	56	47	1	R
77	56	77	10000	U
16	69	66	3	L
16	69	37	3	L
16	69	48	3	L
16	69	16	10000	U
16	69	62	3	L
69	16	65	1	R
69	16	54	3	L
69	16	30	3	L
69	16	45	1	R
69	16	48	1	R
69	16	22	3	L
69	16	69	10000	U
42	47	62	1	R
42	47	71	1	R
42	47	50	3	L
42	47	78	1	R
42	47	56	3	L
42	47	37	3	L
42	47	42	10000	U
47	42	11	1	R
47	42	72	1	R
47	42	22	1	R
47	42	64	1	R
47	42	13	1	R
47	42	28	3	L
47	42	79	1	R
47	42	73	3	L
47	42	47	10000	U
72	63	56	3	L
72	63	36	3	L
72	63	8	3	L
72	63	72	10000	U
63	72	18	3	L
63	72	27	1	R
63	72	80	3	L
63	72	63	10000	U
67	11	21	3	L
67	11	61	1	R
67	11	70	3	L
67	11	67	10000	U
11	67	28	1	R
11	67	63	3	L
11	67	58	3	L
11	67	60	3	L
11	67	19	3	L
11	67	11	10000	U
25	45	26	3	L
25	45	38	1	R
25	45	16	3	L
25	45	18	1	R
25	45	25	10000	U
45	25	51	1	R
45	25	70	1	R
45	25	34	1	R
45	25	33	1	R
45	25	45	10000	U
9	51	13	3	L
9	51	77	1	R
9	51	9	10000	U
51	9	59	1	R
51	9	5	3	L
51	9	43	1	R
51	9	80	1	R
51	9	37	3	L
51	9	38	3	L
51	9	31	3	L
51	9	51	10000	U
62	69	66	1	R
62	69	37	1	R
62	69	48	1	R
62	69	16	1	R
62	69	62	10000	U
69	62	22	3	L
69	62	58	3	L
69	62	49	1	R
69	62	75	3	L
69	62	65	3	L
69	62	69	10000	U
