Name:			p03
#Vehicles:		28
Capacity:		290
Depot:			1
#Nodes:			80
#Edges:			80
#Arcs:			200
#Required-N:	0
#Required-E:	80
#Required-A:	200
#Nb-Turns:		1792

----------NODES----------
INDEX	QTY	IS-REQUIRED	X	Y
1	0	0	97.56	30.14
2	0	0	68.74	104.38
3	0	0	136.90	73.82
4	0	0	0.55	53.18
5	0	0	63.51	22.75
6	0	0	7.9	90.84
7	0	0	78.71	58.76
8	0	0	115.65	0.55
9	0	0	41.62	4.79
10	0	0	88.31	78.50
11	0	0	116.65	102.84
12	0	0	89.98	42.23
13	0	0	38.33	107.34
14	0	0	169.14	73.3
15	0	0	108.30	85.6
16	0	0	130.2	31.46
17	0	0	130.98	64.97
18	0	0	91.17	101.5
19	0	0	118.39	42.89
20	0	0	131.48	128.37
21	0	0	149.89	132.53
22	0	0	93.8	141.2
23	0	0	56.98	120.76
24	0	0	159.5	66.88
25	0	0	80.49	106.32
26	0	0	120.67	28.34
27	0	0	171.38	17.88
28	0	0	124.92	92.60
29	0	0	97.95	120.0
30	0	0	99.9	5.5
31	0	0	142.2	58.39
32	0	0	130.1	113.3
33	0	0	124.78	13.99
34	0	0	12.79	100.37
35	0	0	73.40	106.29
36	0	0	171.70	81.14
37	0	0	103.41	106.1
38	0	0	107.84	47.77
39	0	0	140.55	41.77
40	0	0	154.38	104.56
41	0	0	145.58	102.30
42	0	0	110.76	97.33
43	0	0	49.83	39.56
44	0	0	18.54	68.67
45	0	0	129.97	49.36
46	0	0	88.60	88.61
47	0	0	66.76	79.39
48	0	0	67.83	88.97
49	0	0	39.55	91.43
50	0	0	80.38	5.53
51	0	0	55.76	62.84
52	0	0	123.84	55.7
53	0	0	162.1	127.47
54	0	0	59.39	45.12
55	0	0	121.71	79.90
56	0	0	110.6	69.64
57	0	0	49.12	104.96
58	0	0	111.65	164.62
59	0	0	110.74	30.94
60	0	0	110.39	15.99
61	0	0	116.17	126.91
62	0	0	38.57	125.54
63	0	0	150.87	90.12
64	0	0	96.7	50.86
65	0	0	52.37	68.76
66	0	0	42.16	64.64
67	0	0	105.30	111.91
68	0	0	170.75	105.31
69	0	0	107.80	93.58
70	0	0	60.62	129.51
71	0	0	87.39	122.60
72	0	0	155.24	59.58
73	0	0	72.9	119.82
74	0	0	86.25	62.50
75	0	0	119.64	10.20
76	0	0	87.30	22.57
77	0	0	75.6	18.90
78	0	0	19.69	59.4
79	0	0	119.17	140.9
80	0	0	73.27	34.92

----------EDGES----------
INDEX-I	INDEX-J	QTY	IS-REQUIRED	TR-COST
2	23	15	1	27
22	28	9	1	57
36	40	8	1	57
24	14	30	1	12
32	41	22	1	20
67	46	9	1	24
55	42	19	1	19
4	5	49	1	64
32	37	11	1	40
55	28	31	1	30
52	74	25	1	43
59	64	31	1	20
51	54	20	1	18
25	35	34	1	7
35	11	36	1	41
54	44	41	1	37
75	49	47	1	96
40	15	22	1	40
16	28	23	1	62
28	11	36	1	13
48	65	29	1	25
41	25	16	1	68
52	24	5	1	31
16	39	10	1	25
17	31	49	1	13
35	70	39	1	59
75	60	24	1	11
10	6	42	1	62
43	38	41	1	57
37	41	35	1	48
32	15	20	1	33
49	70	45	1	85
31	63	33	1	29
43	37	17	1	80
71	70	18	1	45
69	68	44	1	48
2	42	16	1	27
64	46	33	1	62
69	46	43	1	28
50	66	16	1	79
14	53	13	1	44
14	66	11	1	89
52	8	42	1	86
30	9	22	1	56
72	25	41	1	55
19	56	21	1	32
47	3	13	1	61
39	64	31	1	55
14	19	38	1	74
35	12	31	1	55
47	8	16	1	68
31	24	16	1	69
36	45	36	1	45
10	18	11	1	46
21	22	15	1	57
37	10	34	1	25
67	18	45	1	20
10	60	29	1	41
32	38	25	1	63
12	22	29	1	72
33	17	13	1	46
57	80	34	1	58
77	54	23	1	61
45	13	35	1	109
53	52	41	1	69
42	52	31	1	38
7	48	29	1	28
43	22	6	1	89
64	78	13	1	92
54	47	15	1	67
74	59	11	1	43
70	51	15	1	55
49	64	21	1	70
46	18	48	1	13
69	1	32	1	61
59	46	5	1	61
34	37	19	1	77
52	7	34	1	70
22	24	32	1	90
8	45	46	1	57

-----------ARCS----------
INDEX-I	INDEX-J	QTY	IS-REQUIRED	TR-COST
42	11	16	1	7
11	21	5	1	32
21	53	34	1	14
53	61	30	1	47
61	37	34	1	21
37	72	28	1	74
72	18	19	1	91
18	19	29	1	60
19	15	16	1	38
15	45	6	1	40
45	26	45	1	85
26	68	44	1	64
68	58	11	1	75
58	73	22	1	54
73	67	14	1	58
67	28	45	1	45
28	63	43	1	64
63	56	15	1	38
56	49	13	1	98
49	35	17	1	30
35	32	44	1	59
32	70	39	1	59
70	1	30	1	67
1	60	8	1	19
60	52	29	1	90
52	12	21	1	33
12	30	35	1	49
30	76	32	1	22
76	36	44	1	83
36	71	32	1	70
71	69	50	1	36
69	66	49	1	50
66	4	33	1	85
4	34	27	1	48
34	6	22	1	13
6	38	10	1	97
38	75	50	1	76
75	31	37	1	37
31	41	28	1	33
41	29	15	1	41
29	20	32	1	31
20	24	22	1	59
24	3	48	1	58
3	16	38	1	38
16	65	33	1	68
65	23	6	1	86
23	55	27	1	62
55	33	25	1	54
33	50	10	1	44
50	7	35	1	77
7	80	32	1	23
80	10	49	1	49
10	79	18	1	59
79	17	11	1	52
17	74	7	1	40
74	8	42	1	84
8	9	21	1	77
9	59	31	1	60
59	5	23	1	43
5	54	8	1	31
54	64	12	1	33
64	25	22	1	50
25	51	7	1	43
51	13	40	1	42
13	57	39	1	11
57	2	18	1	16
2	47	39	1	85
47	62	38	1	41
62	22	44	1	75
22	44	16	1	88
44	46	43	1	75
46	48	20	1	21
48	78	27	1	42
78	43	40	1	61
43	27	7	1	103
27	40	10	1	87
40	14	35	1	83
14	39	23	1	71
39	77	24	1	57
77	42	41	1	61
61	18	48	1	36
18	6	45	1	91
6	56	39	1	83
56	51	15	1	48
51	77	5	1	43
77	9	35	1	86
9	5	46	1	38
5	49	22	1	58
49	57	15	1	62
57	44	18	1	45
44	22	25	1	88
22	2	23	1	57
2	15	29	1	47
15	24	21	1	60
24	32	6	1	64
32	69	17	1	29
69	37	29	1	41
37	68	41	1	89
68	3	45	1	61
3	67	22	1	46
67	63	46	1	47
63	36	31	1	24
36	55	37	1	52
55	16	23	1	49
16	54	14	1	56
54	76	34	1	31
76	52	22	1	38
52	17	45	1	47
17	30	46	1	47
30	78	35	1	91
78	66	35	1	24
66	80	37	1	61
80	33	30	1	43
33	31	17	1	59
31	39	41	1	18
39	7	24	1	47
7	28	48	1	47
28	41	36	1	50
41	42	35	1	47
42	72	12	1	51
72	27	43	1	39
27	59	50	1	50
59	26	24	1	10
26	45	22	1	85
45	38	20	1	21
38	34	26	1	85
34	13	28	1	26
13	53	38	1	89
53	21	10	1	14
21	79	16	1	79
79	73	50	1	47
73	35	45	1	12
35	43	42	1	46
43	23	30	1	89
23	10	11	1	41
10	74	6	1	55
74	40	7	1	64
40	19	28	1	71
19	1	40	1	25
1	4	49	1	101
4	65	7	1	41
65	46	24	1	35
46	50	29	1	61
50	12	32	1	32
12	14	30	1	72
14	60	20	1	111
60	8	5	1	16
8	75	27	1	11
75	47	5	1	76
47	71	36	1	85
71	25	29	1	16
25	70	44	1	55
70	29	29	1	56
29	48	42	1	30
48	64	9	1	53
64	62	38	1	79
62	58	11	1	66
58	20	26	1	35
20	11	26	1	26
11	61	16	1	27
28	17	38	1	25
3	37	25	1	39
46	47	5	1	23
11	70	23	1	61
67	58	50	1	55
23	45	11	1	90
30	59	24	1	30
12	9	47	1	90
48	71	35	1	46
7	45	7	1	56
18	59	45	1	71
41	15	31	1	51
41	55	20	1	59
54	45	23	1	69
76	80	12	1	20
14	40	46	1	83
68	63	32	1	91
47	50	6	1	83
20	63	22	1	35
42	22	33	1	48
12	63	31	1	94
49	65	40	1	35
42	64	20	1	37
55	37	9	1	42
43	80	32	1	25
62	49	18	1	35
59	31	43	1	40
5	24	38	1	68
67	60	39	1	89
49	62	18	1	35
61	40	44	1	47
65	74	26	1	30
9	43	32	1	29
15	46	44	1	17
3	39	39	1	31
68	36	25	1	95
12	43	50	1	93
7	34	12	1	68
12	51	21	1	44
52	26	28	1	30

----------TURNS----------
INDEX-I	INDEX-J INDEX-K	COST TYPE
42	11	21	1	R
42	11	61	1	R
42	11	70	3	L
42	11	35	3	L
42	11	28	3	L
11	21	53	1	R
11	21	79	1	R
11	21	22	3	L
21	53	61	3	L
21	53	21	10000	U
21	53	14	1	R
21	53	52	1	R
53	61	37	1	R
53	61	18	1	R
53	61	40	1	R
61	37	72	3	L
61	37	68	1	R
61	37	32	3	L
61	37	41	3	L
61	37	43	1	R
61	37	10	3	L
61	37	34	3	L
37	72	18	3	L
37	72	27	1	R
37	72	25	3	L
72	18	19	3	L
72	18	6	1	R
72	18	59	1	R
72	18	10	3	L
72	18	67	1	R
72	18	46	3	L
18	19	15	3	L
18	19	1	1	R
18	19	56	1	R
18	19	14	3	L
19	15	45	3	L
19	15	24	1	R
19	15	46	3	L
19	15	40	3	L
19	15	32	1	R
15	45	26	3	L
15	45	38	1	R
15	45	36	3	L
15	45	13	3	L
15	45	8	3	L
45	26	68	3	L
45	26	45	10000	U
26	68	58	3	L
26	68	3	3	L
26	68	63	3	L
26	68	36	3	L
26	68	69	3	L
68	58	73	3	L
68	58	20	1	R
58	73	67	3	L
58	73	35	3	L
73	67	28	3	L
73	67	63	3	L
73	67	58	3	L
73	67	60	3	L
73	67	46	3	L
73	67	18	3	L
67	28	63	1	R
67	28	41	1	R
67	28	17	1	R
67	28	22	1	R
67	28	55	1	R
67	28	16	1	R
67	28	11	1	R
28	63	56	3	L
28	63	36	3	L
28	63	31	3	L
63	56	49	3	L
63	56	51	3	L
63	56	19	3	L
56	49	35	1	R
56	49	57	1	R
56	49	65	3	L
56	49	62	3	L
56	49	75	1	R
56	49	70	1	R
56	49	64	1	R
49	35	32	1	R
49	35	43	3	L
49	35	25	1	R
49	35	11	1	R
49	35	70	1	R
49	35	12	1	R
35	32	70	3	L
35	32	69	1	R
35	32	41	3	L
35	32	37	1	R
35	32	15	1	R
35	32	38	1	R
32	70	1	1	R
32	70	29	3	L
32	70	35	3	L
32	70	49	3	L
32	70	71	3	L
32	70	51	3	L
70	1	60	0	O
70	1	4	0	O
70	1	69	0	O
1	60	52	1	R
1	60	8	1	R
1	60	75	1	R
1	60	10	1	R
60	52	12	1	R
60	52	17	3	L
60	52	26	1	R
60	52	74	3	L
60	52	24	3	L
60	52	8	3	L
60	52	53	3	L
60	52	42	3	L
60	52	7	3	L
52	12	30	1	R
52	12	14	1	R
52	12	9	1	R
52	12	63	1	R
52	12	43	1	R
52	12	51	1	R
52	12	35	3	L
52	12	22	1	R
12	30	76	3	L
12	30	78	3	L
12	30	59	3	L
12	30	9	3	L
30	76	36	3	L
30	76	52	3	L
30	76	80	3	L
76	36	71	3	L
76	36	55	1	R
76	36	40	1	R
76	36	45	1	R
36	71	69	3	L
36	71	25	3	L
36	71	70	1	R
71	69	66	3	L
71	69	37	3	L
71	69	68	1	R
71	69	46	3	L
71	69	1	3	L
69	66	4	1	R
69	66	80	1	R
69	66	50	3	L
69	66	14	1	R
66	4	34	1	R
66	4	65	3	L
66	4	5	1	R
4	34	6	3	L
4	34	13	3	L
4	34	37	1	R
34	6	38	1	R
34	6	56	1	R
34	6	10	1	R
6	38	75	3	L
6	38	34	1	R
6	38	43	1	R
6	38	32	3	L
38	75	31	3	L
38	75	47	1	R
38	75	49	3	L
38	75	60	1	R
75	31	41	1	R
75	31	39	3	L
75	31	17	1	R
75	31	63	3	L
75	31	24	1	R
31	41	29	3	L
31	41	42	3	L
31	41	15	3	L
31	41	55	3	L
31	41	32	3	L
31	41	25	3	L
31	41	37	1	R
41	29	20	3	L
41	29	48	3	L
29	20	24	1	R
29	20	11	3	L
29	20	63	3	L
20	24	3	1	R
20	24	32	1	R
20	24	14	3	L
20	24	52	1	R
20	24	31	1	R
20	24	22	1	R
24	3	16	1	R
24	3	67	1	R
24	3	37	1	R
24	3	39	1	R
24	3	47	1	R
3	16	65	1	R
3	16	54	1	R
3	16	28	1	R
3	16	39	1	R
16	65	23	1	R
16	65	46	3	L
16	65	74	1	R
16	65	48	1	R
65	23	55	1	R
65	23	10	1	R
65	23	45	1	R
65	23	2	3	L
23	55	33	1	R
23	55	16	3	L
23	55	37	3	L
23	55	42	1	R
23	55	28	1	R
55	33	50	1	R
55	33	31	1	R
55	33	17	1	R
33	50	7	1	R
33	50	12	3	L
33	50	66	1	R
50	7	80	1	R
50	7	28	1	R
50	7	45	3	L
50	7	34	1	R
50	7	48	3	L
50	7	52	1	R
7	80	10	1	R
7	80	33	3	L
7	80	57	1	R
80	10	79	3	L
80	10	74	3	L
80	10	6	3	L
80	10	18	1	R
80	10	37	1	R
80	10	60	3	L
10	79	17	3	L
10	79	73	3	L
79	17	74	1	R
79	17	30	1	R
79	17	31	3	L
79	17	33	1	R
17	74	8	3	L
17	74	40	3	L
17	74	52	1	R
17	74	59	1	R
74	8	9	1	R
74	8	75	3	L
74	8	52	3	L
74	8	47	1	R
74	8	45	1	R
8	9	59	1	R
8	9	5	1	R
8	9	43	1	R
8	9	30	1	R
9	59	5	1	R
9	59	26	1	R
9	59	31	1	R
9	59	64	1	R
9	59	74	3	L
9	59	46	1	R
59	5	54	1	R
59	5	49	1	R
59	5	24	1	R
59	5	4	1	R
5	54	64	1	R
5	54	76	3	L
5	54	45	3	L
5	54	51	1	R
5	54	44	3	L
5	54	77	1	R
5	54	47	3	L
54	64	25	3	L
54	64	62	1	R
54	64	59	3	L
54	64	46	1	R
54	64	39	1	R
54	64	78	1	R
54	64	49	3	L
64	25	51	3	L
64	25	70	1	R
64	25	35	1	R
64	25	41	3	L
64	25	72	1	R
25	51	13	3	L
25	51	77	3	L
25	51	54	1	R
25	51	70	3	L
51	13	57	3	L
51	13	53	3	L
51	13	45	3	L
13	57	2	3	L
13	57	44	1	R
13	57	80	3	L
57	2	47	3	L
57	2	15	3	L
57	2	23	3	L
57	2	42	1	R
2	47	62	1	R
2	47	71	1	R
2	47	50	3	L
2	47	3	3	L
2	47	8	3	L
2	47	54	1	R
47	62	22	1	R
47	62	58	1	R
47	62	49	1	R
62	22	44	3	L
62	22	2	3	L
62	22	28	3	L
62	22	21	3	L
62	22	12	3	L
62	22	43	3	L
62	22	24	3	L
22	44	46	3	L
22	44	22	10000	U
22	44	54	3	L
44	46	48	1	R
44	46	50	3	L
44	46	47	1	R
44	46	67	1	R
44	46	64	3	L
44	46	69	3	L
44	46	18	1	R
44	46	59	3	L
46	48	78	3	L
46	48	64	1	R
46	48	71	1	R
46	48	65	3	L
46	48	7	3	L
48	78	43	1	R
48	78	66	3	L
48	78	64	3	L
78	43	27	1	R
78	43	23	1	R
78	43	80	1	R
78	43	38	1	R
78	43	37	1	R
78	43	22	1	R
43	27	40	1	R
43	27	59	3	L
27	40	14	1	R
27	40	19	1	R
27	40	36	3	L
27	40	15	1	R
40	14	39	1	R
40	14	60	1	R
40	14	40	10000	U
40	14	24	1	R
40	14	53	3	L
40	14	66	1	R
40	14	19	1	R
14	39	77	3	L
14	39	7	1	R
14	39	16	3	L
14	39	64	3	L
39	77	42	3	L
39	77	9	3	L
39	77	54	3	L
77	42	11	1	R
77	42	72	1	R
77	42	22	3	L
77	42	64	1	R
77	42	55	3	L
77	42	2	1	R
77	42	52	1	R
61	18	19	1	R
61	18	6	1	R
61	18	59	1	R
61	18	10	3	L
61	18	67	1	R
61	18	46	3	L
18	6	38	3	L
18	6	56	1	R
18	6	10	1	R
6	56	49	1	R
6	56	51	1	R
6	56	19	1	R
56	51	13	1	R
56	51	77	1	R
56	51	54	3	L
56	51	70	1	R
51	77	42	1	R
51	77	9	1	R
51	77	54	1	R
77	9	59	1	R
77	9	5	3	L
77	9	43	1	R
77	9	30	1	R
9	5	54	3	L
9	5	49	3	L
9	5	24	3	L
9	5	4	3	L
5	49	35	1	R
5	49	57	1	R
5	49	65	3	L
5	49	62	3	L
5	49	75	1	R
5	49	70	1	R
5	49	64	1	R
49	57	2	1	R
49	57	44	3	L
49	57	80	1	R
57	44	46	3	L
57	44	22	3	L
57	44	54	3	L
44	22	44	10000	U
44	22	2	3	L
44	22	28	1	R
44	22	21	1	R
44	22	12	3	L
44	22	43	1	R
44	22	24	1	R
22	2	47	3	L
22	2	15	3	L
22	2	23	1	R
22	2	42	3	L
2	15	45	3	L
2	15	24	1	R
2	15	46	3	L
2	15	40	1	R
2	15	32	3	L
15	24	3	1	R
15	24	32	1	R
15	24	14	3	L
15	24	52	1	R
15	24	31	1	R
15	24	22	1	R
24	32	70	3	L
24	32	69	1	R
24	32	41	3	L
24	32	37	1	R
24	32	15	1	R
24	32	38	1	R
32	69	66	3	L
32	69	37	3	L
32	69	68	1	R
32	69	46	3	L
32	69	1	3	L
69	37	72	3	L
69	37	68	1	R
69	37	32	3	L
69	37	41	3	L
69	37	43	1	R
69	37	10	3	L
69	37	34	3	L
37	68	58	1	R
37	68	3	1	R
37	68	63	3	L
37	68	36	1	R
37	68	69	1	R
68	3	16	1	R
68	3	67	1	R
68	3	37	1	R
68	3	39	1	R
68	3	47	1	R
3	67	28	1	R
3	67	63	3	L
3	67	58	3	L
3	67	60	3	L
3	67	46	3	L
3	67	18	3	L
67	63	56	3	L
67	63	36	3	L
67	63	31	3	L
63	36	71	3	L
63	36	55	3	L
63	36	40	3	L
63	36	45	1	R
36	55	33	1	R
36	55	16	3	L
36	55	37	3	L
36	55	42	1	R
36	55	28	1	R
55	16	65	1	R
55	16	54	3	L
55	16	28	3	L
55	16	39	1	R
16	54	64	1	R
16	54	76	3	L
16	54	45	3	L
16	54	51	1	R
16	54	44	3	L
16	54	77	1	R
16	54	47	3	L
54	76	36	3	L
54	76	52	1	R
54	76	80	3	L
76	52	12	1	R
76	52	17	1	R
76	52	26	1	R
76	52	74	1	R
76	52	24	3	L
76	52	8	1	R
76	52	53	1	R
76	52	42	1	R
76	52	7	1	R
52	17	74	1	R
52	17	30	1	R
52	17	31	3	L
52	17	33	1	R
17	30	76	3	L
17	30	78	3	L
17	30	59	1	R
17	30	9	3	L
30	78	43	1	R
30	78	66	3	L
30	78	64	3	L
78	66	4	3	L
78	66	80	3	L
78	66	50	3	L
78	66	14	3	L
66	80	10	1	R
66	80	33	1	R
66	80	57	1	R
80	33	50	1	R
80	33	31	1	R
80	33	17	1	R
33	31	41	3	L
33	31	39	1	R
33	31	17	3	L
33	31	63	1	R
33	31	24	1	R
31	39	77	3	L
31	39	7	1	R
31	39	16	3	L
31	39	64	1	R
39	7	80	1	R
39	7	28	1	R
39	7	45	3	L
39	7	34	1	R
39	7	48	1	R
39	7	52	1	R
7	28	63	1	R
7	28	41	1	R
7	28	17	1	R
7	28	22	1	R
7	28	55	1	R
7	28	16	1	R
7	28	11	1	R
28	41	29	1	R
28	41	42	1	R
28	41	15	1	R
28	41	55	1	R
28	41	32	1	R
28	41	25	3	L
28	41	37	1	R
41	42	11	1	R
41	42	72	1	R
41	42	22	3	L
41	42	64	1	R
41	42	55	3	L
41	42	2	1	R
41	42	52	1	R
42	72	18	1	R
42	72	27	1	R
42	72	25	3	L
72	27	40	1	R
72	27	59	1	R
27	59	5	3	L
27	59	26	1	R
27	59	31	3	L
27	59	64	1	R
27	59	74	3	L
27	59	46	3	L
59	26	68	1	R
59	26	45	1	R
26	45	26	10000	U
26	45	38	1	R
26	45	36	3	L
26	45	13	1	R
26	45	8	3	L
45	38	75	1	R
45	38	34	1	R
45	38	43	1	R
45	38	32	1	R
38	34	6	1	R
38	34	13	1	R
38	34	37	1	R
34	13	57	1	R
34	13	53	1	R
34	13	45	1	R
13	53	61	3	L
13	53	21	3	L
13	53	14	1	R
13	53	52	1	R
53	21	53	10000	U
53	21	79	3	L
53	21	22	1	R
21	79	17	1	R
21	79	73	3	L
79	73	67	3	L
79	73	35	1	R
73	35	32	3	L
73	35	43	3	L
73	35	25	3	L
73	35	11	3	L
73	35	70	1	R
73	35	12	1	R
35	43	27	3	L
35	43	23	3	L
35	43	80	3	L
35	43	38	3	L
35	43	37	3	L
35	43	22	3	L
43	23	55	1	R
43	23	10	1	R
43	23	45	1	R
43	23	2	3	L
23	10	79	1	R
23	10	74	1	R
23	10	6	1	R
23	10	18	1	R
23	10	37	3	L
23	10	60	3	L
10	74	8	3	L
10	74	40	3	L
10	74	52	1	R
10	74	59	1	R
74	40	14	1	R
74	40	19	3	L
74	40	36	3	L
74	40	15	3	L
40	19	15	3	L
40	19	1	1	R
40	19	56	1	R
40	19	14	3	L
19	1	60	0	O
19	1	4	0	O
19	1	69	0	O
1	4	34	1	R
1	4	65	3	L
1	4	5	3	L
4	65	23	3	L
4	65	46	3	L
4	65	74	3	L
4	65	48	3	L
65	46	48	3	L
65	46	50	3	L
65	46	47	1	R
65	46	67	3	L
65	46	64	3	L
65	46	69	3	L
65	46	18	1	R
65	46	59	3	L
46	50	7	3	L
46	50	12	3	L
46	50	66	1	R
50	12	30	3	L
50	12	14	3	L
50	12	9	3	L
50	12	63	3	L
50	12	43	3	L
50	12	51	3	L
50	12	35	3	L
50	12	22	1	R
12	14	39	3	L
12	14	60	3	L
12	14	40	3	L
12	14	24	1	R
12	14	53	3	L
12	14	66	3	L
12	14	19	3	L
14	60	52	3	L
14	60	8	1	R
14	60	75	1	R
14	60	10	1	R
60	8	9	1	R
60	8	75	1	R
60	8	52	1	R
60	8	47	1	R
60	8	45	3	L
8	75	31	3	L
8	75	47	3	L
8	75	49	3	L
8	75	60	1	R
75	47	62	1	R
75	47	71	1	R
75	47	50	1	R
75	47	3	1	R
75	47	8	3	L
75	47	54	1	R
47	71	69	1	R
47	71	25	3	L
47	71	70	1	R
71	25	51	3	L
71	25	70	1	R
71	25	35	1	R
71	25	41	3	L
71	25	72	1	R
25	70	1	1	R
25	70	29	1	R
25	70	35	3	L
25	70	49	1	R
25	70	71	1	R
25	70	51	1	R
70	29	20	3	L
70	29	48	3	L
29	48	78	3	L
29	48	64	3	L
29	48	71	1	R
29	48	65	1	R
29	48	7	1	R
48	64	25	3	L
48	64	62	3	L
48	64	59	3	L
48	64	46	1	R
48	64	39	1	R
48	64	78	1	R
48	64	49	3	L
64	62	22	3	L
64	62	58	3	L
64	62	49	1	R
62	58	73	3	L
62	58	20	1	R
58	20	24	1	R
58	20	11	1	R
58	20	63	3	L
20	11	21	3	L
20	11	61	1	R
20	11	70	1	R
20	11	35	3	L
20	11	28	3	L
11	61	37	1	R
11	61	18	1	R
11	61	40	1	R
28	17	74	1	R
28	17	30	3	L
28	17	31	1	R
28	17	33	3	L
3	37	72	3	L
3	37	68	1	R
3	37	32	3	L
3	37	41	3	L
3	37	43	1	R
3	37	10	3	L
3	37	34	1	R
46	47	62	1	R
46	47	71	1	R
46	47	50	3	L
46	47	3	3	L
46	47	8	3	L
46	47	54	1	R
11	70	1	1	R
11	70	29	3	L
11	70	35	3	L
11	70	49	3	L
11	70	71	3	L
11	70	51	1	R
67	58	73	3	L
67	58	20	1	R
23	45	26	1	R
23	45	38	1	R
23	45	36	3	L
23	45	13	1	R
23	45	8	3	L
30	59	5	1	R
30	59	26	3	L
30	59	31	1	R
30	59	64	0	R
30	59	74	1	R
30	59	46	1	R
12	9	59	3	L
12	9	5	3	L
12	9	43	1	R
12	9	30	1	R
48	71	69	1	R
48	71	25	3	L
48	71	70	1	R
7	45	26	3	L
7	45	38	1	R
7	45	36	3	L
7	45	13	3	L
7	45	8	3	L
18	59	5	1	R
18	59	26	1	R
18	59	31	1	R
18	59	64	1	R
18	59	74	3	L
18	59	46	1	R
41	15	45	3	L
41	15	24	1	R
41	15	46	3	L
41	15	40	3	L
41	15	32	1	R
41	55	33	1	R
41	55	16	3	L
41	55	37	3	L
41	55	42	1	R
41	55	28	1	R
54	45	26	3	L
54	45	38	1	R
54	45	36	3	L
54	45	13	3	L
54	45	8	3	L
76	80	10	3	L
76	80	33	3	L
76	80	57	3	L
14	40	14	10000	U
14	40	19	3	L
14	40	36	3	L
14	40	15	3	L
68	63	56	3	L
68	63	36	3	L
68	63	31	3	L
47	50	7	3	L
47	50	12	3	L
47	50	66	1	R
20	63	56	3	L
20	63	36	3	L
20	63	31	3	L
42	22	44	3	L
42	22	2	3	L
42	22	28	3	L
42	22	21	1	R
42	22	12	3	L
42	22	43	1	R
42	22	24	3	L
12	63	56	3	L
12	63	36	3	L
12	63	31	1	R
49	65	23	3	L
49	65	46	3	L
49	65	74	3	L
49	65	48	3	L
42	64	25	3	L
42	64	62	1	R
42	64	59	3	L
42	64	46	1	R
42	64	39	1	R
42	64	78	1	R
42	64	49	3	L
55	37	72	3	L
55	37	68	3	L
55	37	32	3	L
55	37	41	3	L
55	37	43	1	R
55	37	10	3	L
55	37	34	3	L
43	80	10	1	R
43	80	33	3	L
43	80	57	3	L
62	49	35	1	R
62	49	57	1	R
62	49	65	1	R
62	49	62	10000	U
62	49	75	1	R
62	49	70	1	R
62	49	64	1	R
59	31	41	3	L
59	31	39	1	R
59	31	17	1	R
59	31	63	1	R
59	31	24	1	R
5	24	3	1	R
5	24	32	1	R
5	24	14	3	L
5	24	52	1	R
5	24	31	1	R
5	24	22	1	R
67	60	52	3	L
67	60	8	1	R
67	60	75	3	L
67	60	10	3	L
49	62	22	3	L
49	62	58	3	L
49	62	49	10000	U
61	40	14	1	R
61	40	19	3	L
61	40	36	3	L
61	40	15	1	R
65	74	8	1	R
65	74	40	1	R
65	74	52	1	R
65	74	59	1	R
9	43	27	1	R
9	43	23	1	R
9	43	80	1	R
9	43	38	3	L
9	43	37	1	R
9	43	22	1	R
15	46	48	1	R
15	46	50	3	L
15	46	47	1	R
15	46	67	1	R
15	46	64	3	L
15	46	69	1	R
15	46	18	1	R
15	46	59	3	L
3	39	77	3	L
3	39	7	1	R
3	39	16	3	L
3	39	64	3	L
68	36	71	3	L
68	36	55	1	R
68	36	40	1	R
68	36	45	1	R
12	43	27	3	L
12	43	23	3	L
12	43	80	3	L
12	43	38	3	L
12	43	37	3	L
12	43	22	3	L
7	34	6	1	R
7	34	13	1	R
7	34	37	1	R
12	51	13	1	R
12	51	77	3	L
12	51	54	1	R
12	51	70	1	R
52	26	68	1	R
52	26	45	1	R
2	23	55	1	R
2	23	10	1	R
2	23	45	1	R
2	23	2	10000	U
23	2	47	3	L
23	2	15	3	L
23	2	23	10000	U
23	2	42	3	L
22	28	63	3	L
22	28	41	1	R
22	28	17	3	L
22	28	22	10000	U
22	28	55	3	L
22	28	16	3	L
22	28	11	3	L
28	22	44	3	L
28	22	2	3	L
28	22	28	10000	U
28	22	21	1	R
28	22	12	3	L
28	22	43	1	R
28	22	24	1	R
36	40	14	1	R
36	40	19	1	R
36	40	36	10000	U
36	40	15	1	R
40	36	71	3	L
40	36	55	3	L
40	36	40	10000	U
40	36	45	1	R
24	14	39	3	L
24	14	60	3	L
24	14	40	3	L
24	14	24	10000	U
24	14	53	3	L
24	14	66	3	L
24	14	19	3	L
14	24	3	1	R
14	24	32	1	R
14	24	14	10000	U
14	24	52	1	R
14	24	31	1	R
14	24	22	1	R
32	41	29	3	L
32	41	42	3	L
32	41	15	1	R
32	41	55	1	R
32	41	32	10000	U
32	41	25	3	L
32	41	37	1	R
41	32	70	1	R
41	32	69	3	L
41	32	41	10000	U
41	32	37	3	L
41	32	15	3	L
41	32	38	3	L
67	46	48	3	L
67	46	50	3	L
67	46	47	1	R
67	46	67	10000	U
67	46	64	3	L
67	46	69	3	L
67	46	18	1	R
67	46	59	3	L
46	67	28	1	R
46	67	63	3	L
46	67	58	1	R
46	67	60	1	R
46	67	46	10000	U
46	67	18	3	L
55	42	11	1	R
55	42	72	1	R
55	42	22	1	R
55	42	64	1	R
55	42	55	10000	U
55	42	2	3	L
55	42	52	3	L
42	55	33	1	R
42	55	16	3	L
42	55	37	3	L
42	55	42	10000	U
42	55	28	1	R
4	5	54	3	L
4	5	49	1	R
4	5	24	3	L
4	5	4	10000	U
5	4	34	1	R
5	4	65	3	L
5	4	5	10000	U
32	37	72	3	L
32	37	68	1	R
32	37	32	10000	U
32	37	41	3	L
32	37	43	1	R
32	37	10	3	L
32	37	34	1	R
37	32	70	1	R
37	32	69	3	L
37	32	41	1	R
37	32	37	10000	U
37	32	15	3	L
37	32	38	3	L
55	28	63	1	R
55	28	41	1	R
55	28	17	1	R
55	28	22	1	R
55	28	55	10000	U
55	28	16	1	R
55	28	11	1	R
28	55	33	1	R
28	55	16	3	L
28	55	37	3	L
28	55	42	3	L
28	55	28	10000	U
52	74	8	3	L
52	74	40	3	L
52	74	52	10000	U
52	74	59	3	L
74	52	12	1	R
74	52	17	1	R
74	52	26	1	R
74	52	74	10000	U
74	52	24	3	L
74	52	8	1	R
74	52	53	1	R
74	52	42	1	R
74	52	7	1	R
59	64	25	1	R
59	64	62	1	R
59	64	59	10000	U
59	64	46	1	R
59	64	39	1	R
59	64	78	1	R
59	64	49	1	R
64	59	5	3	L
64	59	26	1	R
64	59	31	3	L
64	59	64	10000	U
64	59	74	3	L
64	59	46	3	L
51	54	64	1	R
51	54	76	1	R
51	54	45	3	L
51	54	51	10000	U
51	54	44	1	R
51	54	77	3	L
51	54	47	3	L
54	51	13	3	L
54	51	77	1	R
54	51	54	10000	U
54	51	70	3	L
25	35	32	3	L
25	35	43	3	L
25	35	25	10000	U
25	35	11	3	L
25	35	70	1	R
25	35	12	1	R
35	25	51	1	R
35	25	70	3	L
35	25	35	10000	U
35	25	41	3	L
35	25	72	3	L
35	11	21	1	R
35	11	61	1	R
35	11	70	3	L
35	11	35	10000	U
35	11	28	1	R
11	35	32	1	R
11	35	43	3	L
11	35	25	1	R
11	35	11	10000	U
11	35	70	1	R
11	35	12	1	R
54	44	46	3	L
54	44	22	1	R
54	44	54	10000	U
44	54	64	3	L
44	54	76	1	R
44	54	45	1	R
44	54	51	3	L
44	54	44	10000	U
44	54	77	3	L
44	54	47	1	R
75	49	35	1	R
75	49	57	1	R
75	49	65	3	L
75	49	62	3	L
75	49	75	10000	U
75	49	70	1	R
75	49	64	1	R
49	75	31	1	R
49	75	47	1	R
49	75	49	10000	U
49	75	60	1	R
40	15	45	1	R
40	15	24	3	L
40	15	46	1	R
40	15	40	10000	U
40	15	32	1	R
15	40	14	1	R
15	40	19	3	L
15	40	36	3	L
15	40	15	10000	U
16	28	63	3	L
16	28	41	1	R
16	28	17	1	R
16	28	22	1	R
16	28	55	3	L
16	28	16	10000	U
16	28	11	1	R
28	16	65	1	R
28	16	54	3	L
28	16	28	10000	U
28	16	39	1	R
28	11	21	1	R
28	11	61	1	R
28	11	70	3	L
28	11	35	3	L
28	11	28	10000	U
11	28	63	3	L
11	28	41	1	R
11	28	17	3	L
11	28	22	1	R
11	28	55	3	L
11	28	16	3	L
11	28	11	10000	U
48	65	23	1	R
48	65	46	3	L
48	65	74	1	R
48	65	48	10000	U
65	48	78	1	R
65	48	64	3	L
65	48	71	3	L
65	48	65	10000	U
65	48	7	3	L
41	25	51	3	L
41	25	70	1	R
41	25	35	1	R
41	25	41	10000	U
41	25	72	1	R
25	41	29	1	R
25	41	42	1	R
25	41	15	1	R
25	41	55	1	R
25	41	32	1	R
25	41	25	10000	U
25	41	37	1	R
52	24	3	3	L
52	24	32	3	L
52	24	14	3	L
52	24	52	10000	U
52	24	31	3	L
52	24	22	3	L
24	52	12	1	R
24	52	17	1	R
24	52	26	1	R
24	52	74	1	R
24	52	24	10000	U
24	52	8	1	R
24	52	53	1	R
24	52	42	1	R
24	52	7	1	R
16	39	77	1	R
16	39	7	1	R
16	39	16	10000	U
16	39	64	1	R
39	16	65	3	L
39	16	54	3	L
39	16	28	3	L
39	16	39	10000	U
17	31	41	3	L
17	31	39	1	R
17	31	17	10000	U
17	31	63	1	R
17	31	24	1	R
31	17	74	3	L
31	17	30	3	L
31	17	31	10000	U
31	17	33	3	L
35	70	1	1	R
35	70	29	1	R
35	70	35	10000	U
35	70	49	1	R
35	70	71	1	R
35	70	51	1	R
70	35	32	3	L
70	35	43	3	L
70	35	25	3	L
70	35	11	3	L
70	35	70	10000	U
70	35	12	3	L
75	60	52	3	L
75	60	8	1	R
75	60	75	10000	U
75	60	10	1	R
60	75	31	3	L
60	75	47	3	L
60	75	49	3	L
60	75	60	10000	U
10	6	38	3	L
10	6	56	1	R
10	6	10	10000	U
6	10	79	3	L
6	10	74	1	R
6	10	6	10000	U
6	10	18	1	R
6	10	37	1	R
6	10	60	3	L
43	38	75	3	L
43	38	34	3	L
43	38	43	10000	U
43	38	32	3	L
38	43	27	1	R
38	43	23	1	R
38	43	80	1	R
38	43	38	10000	U
38	43	37	1	R
38	43	22	1	R
37	41	29	3	L
37	41	42	3	L
37	41	15	3	L
37	41	55	3	L
37	41	32	3	L
37	41	25	3	L
37	41	37	10000	U
41	37	72	1	R
41	37	68	1	R
41	37	32	1	R
41	37	41	10000	U
41	37	43	1	R
41	37	10	1	R
41	37	34	1	R
32	15	45	3	L
32	15	24	1	R
32	15	46	3	L
32	15	40	3	L
32	15	32	10000	U
15	32	70	3	L
15	32	69	3	L
15	32	41	1	R
15	32	37	1	R
15	32	15	10000	U
15	32	38	1	R
49	70	1	1	R
49	70	29	1	R
49	70	35	3	L
49	70	49	10000	U
49	70	71	1	R
49	70	51	1	R
70	49	35	1	R
70	49	57	3	L
70	49	65	3	L
70	49	62	3	L
70	49	75	3	L
70	49	70	10000	U
70	49	64	3	L
31	63	56	3	L
31	63	36	3	L
31	63	31	10000	U
63	31	41	1	R
63	31	39	3	L
63	31	17	3	L
63	31	63	10000	U
63	31	24	3	L
43	37	72	3	L
43	37	68	3	L
43	37	32	3	L
43	37	41	3	L
43	37	43	10000	U
43	37	10	3	L
43	37	34	3	L
37	43	27	1	R
37	43	23	1	R
37	43	80	1	R
37	43	38	3	L
37	43	37	10000	U
37	43	22	1	R
71	70	1	1	R
71	70	29	1	R
71	70	35	3	L
71	70	49	3	L
71	70	71	10000	U
71	70	51	1	R
70	71	69	3	L
70	71	25	1	R
70	71	70	10000	U
69	68	58	1	R
69	68	3	1	R
69	68	63	3	L
69	68	36	1	R
69	68	69	10000	U
68	69	66	1	R
68	69	37	1	R
68	69	68	10000	U
68	69	46	1	R
68	69	1	3	L
2	42	11	3	L
2	42	72	3	L
2	42	22	3	L
2	42	64	3	L
2	42	55	1	R
2	42	2	10000	U
2	42	52	1	R
42	2	47	1	R
42	2	15	1	R
42	2	23	1	R
42	2	42	10000	U
64	46	48	1	R
64	46	50	3	L
64	46	47	3	L
64	46	67	1	R
64	46	64	10000	U
64	46	69	1	R
64	46	18	1	R
64	46	59	1	R
46	64	25	3	L
46	64	62	3	L
46	64	59	3	L
46	64	46	10000	U
46	64	39	1	R
46	64	78	3	L
46	64	49	3	L
69	46	48	1	R
69	46	50	3	L
69	46	47	1	R
69	46	67	1	R
69	46	64	3	L
69	46	69	10000	U
69	46	18	1	R
69	46	59	3	L
46	69	66	1	R
46	69	37	1	R
46	69	68	3	L
46	69	46	10000	U
46	69	1	1	R
50	66	4	1	R
50	66	80	1	R
50	66	50	10000	U
50	66	14	1	R
66	50	7	3	L
66	50	12	3	L
66	50	66	10000	U
14	53	61	3	L
14	53	21	3	L
14	53	14	10000	U
14	53	52	3	L
53	14	39	1	R
53	14	60	1	R
53	14	40	1	R
53	14	24	1	R
53	14	53	10000	U
53	14	66	1	R
53	14	19	1	R
14	66	4	1	R
14	66	80	3	L
14	66	50	3	L
14	66	14	10000	U
66	14	39	1	R
66	14	60	1	R
66	14	40	3	L
66	14	24	1	R
66	14	53	3	L
66	14	66	10000	U
66	14	19	1	R
52	8	9	1	R
52	8	75	3	L
52	8	52	10000	U
52	8	47	1	R
52	8	45	1	R
8	52	12	1	R
8	52	17	3	L
8	52	26	1	R
8	52	74	3	L
8	52	24	3	L
8	52	8	10000	U
8	52	53	3	L
8	52	42	3	L
8	52	7	3	L
30	9	59	3	L
30	9	5	3	L
30	9	43	1	R
30	9	30	10000	U
9	30	76	3	L
9	30	78	1	R
9	30	59	1	R
9	30	9	10000	U
72	25	51	3	L
72	25	70	1	R
72	25	35	1	R
72	25	41	3	L
72	25	72	10000	U
25	72	18	1	R
25	72	27	1	R
25	72	25	10000	U
19	56	49	1	R
19	56	51	1	R
19	56	19	10000	U
56	19	15	3	L
56	19	1	1	R
56	19	56	10000	U
56	19	14	3	L
47	3	16	1	R
47	3	67	3	L
47	3	37	1	R
47	3	39	1	R
47	3	47	10000	U
3	47	62	1	R
3	47	71	1	R
3	47	50	3	L
3	47	3	10000	U
3	47	8	3	L
3	47	54	1	R
39	64	25	3	L
39	64	62	3	L
39	64	59	3	L
39	64	46	3	L
39	64	39	10000	U
39	64	78	3	L
39	64	49	3	L
64	39	77	3	L
64	39	7	1	R
64	39	16	3	L
64	39	64	10000	U
14	19	15	1	R
14	19	1	3	L
14	19	56	1	R
14	19	14	10000	U
19	14	39	3	L
19	14	60	3	L
19	14	40	3	L
19	14	24	1	R
19	14	53	3	L
19	14	66	3	L
19	14	19	10000	U
35	12	30	1	R
35	12	14	1	R
35	12	9	1	R
35	12	63	1	R
35	12	43	1	R
35	12	51	1	R
35	12	35	10000	U
35	12	22	1	R
12	35	32	3	L
12	35	43	3	L
12	35	25	3	L
12	35	11	3	L
12	35	70	1	R
12	35	12	10000	U
47	8	9	3	L
47	8	75	3	L
47	8	52	3	L
47	8	47	10000	U
47	8	45	1	R
8	47	62	1	R
8	47	71	1	R
8	47	50	1	R
8	47	3	1	R
8	47	8	10000	U
8	47	54	1	R
31	24	3	1	R
31	24	32	1	R
31	24	14	3	L
31	24	52	1	R
31	24	31	10000	U
31	24	22	1	R
24	31	41	3	L
24	31	39	1	R
24	31	17	3	L
24	31	63	1	R
24	31	24	10000	U
36	45	26	1	R
36	45	38	1	R
36	45	36	10000	U
36	45	13	1	R
36	45	8	3	L
45	36	71	3	L
45	36	55	3	L
45	36	40	3	L
45	36	45	10000	U
10	18	19	1	R
10	18	6	1	R
10	18	59	1	R
10	18	10	10000	U
10	18	67	1	R
10	18	46	3	L
18	10	79	3	L
18	10	74	3	L
18	10	6	3	L
18	10	18	10000	U
18	10	37	1	R
18	10	60	1	R
21	22	44	3	L
21	22	2	3	L
21	22	28	3	L
21	22	21	10000	U
21	22	12	3	L
21	22	43	3	L
21	22	24	3	L
22	21	53	3	L
22	21	79	1	R
22	21	22	10000	U
37	10	79	1	R
37	10	74	3	L
37	10	6	3	L
37	10	18	3	L
37	10	37	10000	U
37	10	60	1	R
10	37	72	3	L
10	37	68	1	R
10	37	32	1	R
10	37	41	3	L
10	37	43	1	R
10	37	10	10000	U
10	37	34	1	R
67	18	19	3	L
67	18	6	3	L
67	18	59	3	L
67	18	10	3	L
67	18	67	10000	U
67	18	46	3	L
18	67	28	1	R
18	67	63	1	R
18	67	58	1	R
18	67	60	1	R
18	67	46	1	R
18	67	18	10000	U
10	60	52	3	L
10	60	8	1	R
10	60	75	3	L
10	60	10	10000	U
60	10	79	1	R
60	10	74	1	R
60	10	6	1	R
60	10	18	3	L
60	10	37	3	L
60	10	60	10000	U
32	38	75	3	L
32	38	34	1	R
32	38	43	1	R
32	38	32	10000	U
38	32	70	3	L
38	32	69	3	L
38	32	41	1	R
38	32	37	1	R
38	32	15	3	L
38	32	38	10000	U
12	22	44	1	R
12	22	2	1	R
12	22	28	1	R
12	22	21	1	R
12	22	12	10000	U
12	22	43	1	R
12	22	24	1	R
22	12	30	3	L
22	12	14	3	L
22	12	9	3	L
22	12	63	3	L
22	12	43	3	L
22	12	51	3	L
22	12	35	3	L
22	12	22	10000	U
33	17	74	1	R
33	17	30	1	R
33	17	31	1	R
33	17	33	10000	U
17	33	50	1	R
17	33	31	3	L
17	33	17	10000	U
57	80	10	3	L
57	80	33	1	R
57	80	57	10000	U
80	57	2	1	R
80	57	44	3	L
80	57	80	10000	U
77	54	64	1	R
77	54	76	3	L
77	54	45	3	L
77	54	51	1	R
77	54	44	1	R
77	54	77	10000	U
77	54	47	3	L
54	77	42	1	R
54	77	9	1	R
54	77	54	10000	U
45	13	57	3	L
45	13	53	3	L
45	13	45	10000	U
13	45	26	3	L
13	45	38	1	R
13	45	36	3	L
13	45	13	10000	U
13	45	8	3	L
53	52	12	1	R
53	52	17	1	R
53	52	26	1	R
53	52	74	3	L
53	52	24	3	L
53	52	8	1	R
53	52	53	10000	U
53	52	42	1	R
53	52	7	3	L
52	53	61	3	L
52	53	21	3	L
52	53	14	1	R
52	53	52	10000	U
42	52	12	1	R
42	52	17	1	R
42	52	26	1	R
42	52	74	3	L
42	52	24	3	L
42	52	8	1	R
42	52	53	3	L
42	52	42	10000	U
42	52	7	3	L
52	42	11	3	L
52	42	72	3	L
52	42	22	3	L
52	42	64	3	L
52	42	55	1	R
52	42	2	3	L
52	42	52	10000	U
7	48	78	1	R
7	48	64	3	L
7	48	71	3	L
7	48	65	1	R
7	48	7	10000	U
48	7	80	1	R
48	7	28	1	R
48	7	45	3	L
48	7	34	1	R
48	7	48	10000	U
48	7	52	1	R
43	22	44	3	L
43	22	2	3	L
43	22	28	3	L
43	22	21	1	R
43	22	12	3	L
43	22	43	10000	U
43	22	24	3	L
22	43	27	1	R
22	43	23	1	R
22	43	80	1	R
22	43	38	3	L
22	43	37	3	L
22	43	22	10000	U
64	78	43	1	R
64	78	66	3	L
64	78	64	10000	U
78	64	25	3	L
78	64	62	3	L
78	64	59	3	L
78	64	46	1	R
78	64	39	1	R
78	64	78	10000	U
78	64	49	3	L
54	47	62	1	R
54	47	71	1	R
54	47	50	3	L
54	47	3	3	L
54	47	8	3	L
54	47	54	10000	U
47	54	64	1	R
47	54	76	3	L
47	54	45	1	R
47	54	51	1	R
47	54	44	3	L
47	54	77	1	R
47	54	47	10000	U
74	59	5	1	R
74	59	26	1	R
74	59	31	1	R
74	59	64	1	R
74	59	74	10000	U
74	59	46	1	R
59	74	8	3	L
59	74	40	3	L
59	74	52	1	R
59	74	59	10000	U
70	51	13	1	R
70	51	77	3	L
70	51	54	1	R
70	51	70	10000	U
51	70	1	1	R
51	70	29	3	L
51	70	35	3	L
51	70	49	3	L
51	70	71	3	L
51	70	51	10000	U
49	64	25	3	L
49	64	62	1	R
49	64	59	3	L
49	64	46	1	R
49	64	39	1	R
49	64	78	1	R
49	64	49	10000	U
64	49	35	1	R
64	49	57	1	R
64	49	65	3	L
64	49	62	3	L
64	49	75	3	L
64	49	70	1	R
64	49	64	10000	U
46	18	19	1	R
46	18	6	1	R
46	18	59	1	R
46	18	10	1	R
46	18	67	1	R
46	18	46	10000	U
18	46	48	3	L
18	46	50	3	L
18	46	47	1	R
18	46	67	3	L
18	46	64	3	L
18	46	69	3	L
18	46	18	10000	U
18	46	59	3	L
69	1	60	0	O
69	1	4	0	O
69	1	69	0	O
1	69	66	3	L
1	69	37	3	L
1	69	68	1	R
1	69	46	3	L
1	69	1	10000	U
59	46	48	1	R
59	46	50	3	L
59	46	47	1	R
59	46	67	1	R
59	46	64	3	L
59	46	69	1	R
59	46	18	1	R
59	46	59	10000	U
46	59	5	1	R
46	59	26	1	R
46	59	31	1	R
46	59	64	1	R
46	59	74	3	L
46	59	46	10000	U
34	37	72	3	L
34	37	68	1	R
34	37	32	3	L
34	37	41	3	L
34	37	43	1	R
34	37	10	3	L
34	37	34	10000	U
37	34	6	1	R
37	34	13	1	R
37	34	37	10000	U
52	7	80	3	L
52	7	28	3	L
52	7	45	3	L
52	7	34	3	L
52	7	48	3	L
52	7	52	10000	U
7	52	12	1	R
7	52	17	1	R
7	52	26	1	R
7	52	74	3	L
7	52	24	3	L
7	52	8	1	R
7	52	53	1	R
7	52	42	1	R
7	52	7	10000	U
22	24	3	1	R
22	24	32	1	R
22	24	14	3	L
22	24	52	1	R
22	24	31	3	L
22	24	22	10000	U
24	22	44	3	L
24	22	2	3	L
24	22	28	3	L
24	22	21	1	R
24	22	12	3	L
24	22	43	1	R
24	22	24	10000	U
8	45	26	1	R
8	45	38	1	R
8	45	36	1	R
8	45	13	1	R
8	45	8	10000	U
45	8	9	3	L
45	8	75	3	L
45	8	52	3	L
45	8	47	3	L
45	8	45	10000	U
