Name:			p07
#Vehicles:		10
Capacity:		540
Depot:			1
#Nodes:			120
#Edges:			80
#Arcs:			260
#Required-N:	0
#Required-E:	80
#Required-A:	104
#Nb-Turns:		1604

----------NODES----------
INDEX	QTY	IS-REQUIRED	X	Y
1	0	0	135.26	144.38
2	0	0	77.9	89.64
3	0	0	88.26	137.59
4	0	0	152.38	61.70
5	0	0	70.27	61.15
6	0	0	109.53	171.98
7	0	0	202.22	84.27
8	0	0	141.27	69.68
9	0	0	92.81	88.13
10	0	0	162.32	100.24
11	0	0	148.40	35.88
12	0	0	0.55	89.60
13	0	0	80.94	97.21
14	0	0	115.74	82.48
15	0	0	132.68	116.80
16	0	0	82.14	124.55
17	0	0	99.90	58.59
18	0	0	97.81	125.22
19	0	0	117.75	105.44
20	0	0	146.56	90.66
21	0	0	91.12	75.7
22	0	0	163.46	107.76
23	0	0	85.0	169.27
24	0	0	139.45	115.42
25	0	0	116.98	92.62
26	0	0	146.88	106.84
27	0	0	56.71	37.26
28	0	0	115.43	143.79
29	0	0	127.5	148.63
30	0	0	61.71	137.34
31	0	0	70.16	110.19
32	0	0	59.38	170.38
33	0	0	152.8	134.98
34	0	0	45.29	98.78
35	0	0	4.68	27.68
36	0	0	137.53	52.64
37	0	0	96.51	160.8
38	0	0	82.28	34.15
39	0	0	53.8	102.78
40	0	0	95.2	54.0
41	0	0	104.30	164.58
42	0	0	68.33	93.5
43	0	0	54.43	45.87
44	0	0	85.12	83.34
45	0	0	108.51	125.21
46	0	0	83.31	113.39
47	0	0	60.85	92.15
48	0	0	97.45	139.28
49	0	0	91.70	126.74
50	0	0	115.83	162.51
51	0	0	82.88	0.55
52	0	0	113.56	73.40
53	0	0	45.27	150.51
54	0	0	97.10	27.51
55	0	0	70.64	192.78
56	0	0	28.1	156.52
57	0	0	125.31	120.99
58	0	0	118.12	34.11
59	0	0	150.25	75.97
60	0	0	34.81	86.42
61	0	0	46.83	128.9
62	0	0	154.8	119.60
63	0	0	182.89	155.27
64	0	0	33.33	60.15
65	0	0	196.82	126.64
66	0	0	178.58	49.99
67	0	0	73.96	163.85
68	0	0	60.9	47.9
69	0	0	43.38	118.45
70	0	0	130.37	58.94
71	0	0	67.91	116.79
72	0	0	68.8	76.69
73	0	0	190.39	115.28
74	0	0	166.97	114.69
75	0	0	59.72	58.55
76	0	0	116.51	121.53
77	0	0	48.22	163.23
78	0	0	44.3	70.76
79	0	0	115.73	54.34
80	0	0	93.11	61.98
81	0	0	102.19	98.33
82	0	0	127.65	47.67
83	0	0	148.90	122.56
84	0	0	116.1	136.94
85	0	0	129.22	34.25
86	0	0	68.78	102.33
87	0	0	194.45	64.4
88	0	0	48.6	53.74
89	0	0	32.21	105.93
90	0	0	109.61	66.3
91	0	0	56.25	90.76
92	0	0	127.87	65.66
93	0	0	149.67	86.29
94	0	0	75.28	25.81
95	0	0	4.9	137.84
96	0	0	64.99	145.42
97	0	0	135.2	83.95
98	0	0	83.81	160.32
99	0	0	10.54	170.54
100	0	0	48.11	188.36
101	0	0	168.50	95.50
102	0	0	103.44	142.25
103	0	0	167.85	119.59
104	0	0	134.4	102.97
105	0	0	71.63	52.59
106	0	0	65.59	117.9
107	0	0	171.47	24.28
108	0	0	75.19	142.15
109	0	0	32.29	117.72
110	0	0	149.77	135.21
111	0	0	102.37	110.26
112	0	0	135.50	125.58
113	0	0	67.43	125.98
114	0	0	154.30	72.59
115	0	0	167.0	88.84
116	0	0	146.22	119.90
117	0	0	139.15	62.9
118	0	0	76.94	79.35
119	0	0	68.98	83.92
120	0	0	10.1	107.86

----------EDGES----------
INDEX-I	INDEX-J	QTY	IS-REQUIRED	TR-COST
48	47	14	1	60
40	14	34	1	37
37	67	22	1	67
106	81	45	1	39
50	10	46	1	59
10	101	35	1	9
70	81	35	1	42
73	49	37	1	97
64	89	30	1	75
64	27	17	1	96
57	76	41	1	9
19	115	24	1	59
103	104	48	1	31
92	7	36	1	94
12	47	35	1	82
18	109	12	1	73
77	71	43	1	64
1	76	50	1	28
59	22	24	1	37
97	88	22	1	90
109	29	20	1	75
48	108	26	1	26
34	80	28	1	52
88	105	38	1	57
76	29	10	1	35
68	43	16	1	8
75	39	50	1	50
46	55	45	1	82
113	108	42	1	21
62	19	30	1	47
74	48	11	1	62
4	107	6	1	55
110	116	7	1	17
23	95	28	1	88
64	37	40	1	97
72	31	49	1	30
87	93	7	1	46
74	79	24	1	93
18	60	29	1	97
92	91	32	1	95
44	104	30	1	59
104	76	20	1	37
90	75	5	1	57
14	31	27	1	69
39	42	5	1	17
80	11	36	1	57
120	9	29	1	80
53	98	44	1	38
45	111	29	1	32
81	84	42	1	42
113	48	9	1	40
51	80	38	1	79
41	45	11	1	45
30	10	26	1	81
70	74	26	1	89
88	118	16	1	66
18	11	38	1	75
12	3	25	1	99
76	75	5	1	69
104	3	23	1	83
92	97	50	1	22
113	86	11	1	43
94	66	24	1	84
3	42	47	1	57
113	24	35	1	57
42	26	7	1	62
94	101	45	1	97
81	97	31	1	61
82	36	20	1	14
25	52	23	1	20
46	15	12	1	51
59	119	46	1	75
8	85	32	1	34
14	96	6	1	65
4	93	22	1	69
91	117	33	1	106
42	117	31	1	60
110	37	40	1	54
9	102	20	1	50
13	2	9	1	10

-----------ARCS----------
INDEX-I	INDEX-J	QTY	IS-REQUIRED	TR-COST
84	36	0	0	63
36	66	16	1	68
66	70	5	1	67
70	107	34	1	94
107	87	0	0	58
87	11	0	0	59
11	54	30	1	72
54	82	34	1	48
82	88	28	1	63
88	80	0	0	73
80	105	0	0	37
105	97	0	0	75
97	98	0	0	78
98	23	0	0	12
23	117	0	0	91
117	101	19	1	82
101	83	0	0	67
83	116	29	1	5
116	57	0	0	57
57	59	16	1	57
59	114	6	1	7
114	4	0	0	15
4	58	0	0	73
58	52	0	0	37
52	44	0	0	31
44	72	0	0	21
72	5	0	0	23
5	113	0	0	60
113	89	45	1	34
89	56	44	1	92
56	100	11	1	51
100	55	0	0	105
55	34	22	1	83
34	94	14	1	75
94	51	0	0	117
51	21	0	0	80
21	42	45	1	31
42	95	0	0	66
95	30	43	1	67
30	28	0	0	89
28	1	15	1	38
1	24	0	0	34
24	25	0	0	28
25	26	0	0	90
26	65	13	1	52
65	115	17	1	56
115	112	44	1	45
112	19	0	0	26
19	79	0	0	57
79	73	39	1	103
73	62	0	0	35
62	9	0	0	96
9	90	0	0	37
90	8	0	0	44
8	93	30	1	33
93	92	0	0	65
92	60	0	0	108
60	91	0	0	23
91	47	0	0	6
47	61	0	0	61
61	86	8	1	35
86	38	29	1	70
38	14	0	0	77
14	85	21	1	63
85	49	0	0	81
49	3	35	1	15
3	18	0	0	16
18	46	0	0	87
46	75	0	0	79
75	69	0	0	64
69	53	0	0	29
53	37	0	0	50
37	102	32	1	22
102	104	0	0	87
104	41	0	0	78
41	16	44	1	41
16	13	0	0	34
13	45	0	0	37
45	29	0	0	46
29	17	0	0	75
17	119	32	1	32
119	39	50	1	22
39	2	49	1	28
2	106	33	1	56
106	71	0	0	3
71	111	0	0	43
111	43	27	1	63
43	35	0	0	64
35	120	22	1	73
120	109	0	0	27
109	99	0	0	70
99	6	0	0	86
6	108	0	0	60
108	31	0	0	62
31	96	10	1	31
96	32	0	0	35
32	76	0	0	57
76	40	0	0	64
40	81	0	0	48
81	118	50	1	27
118	12	0	0	63
12	64	37	1	65
64	67	0	0	86
67	48	0	0	46
48	50	0	0	40
50	77	28	1	70
77	78	0	0	80
78	15	15	1	85
15	10	0	0	29
10	20	0	0	57
20	110	32	1	48
110	103	0	0	39
103	33	22	1	42
33	63	0	0	39
63	7	0	0	90
7	74	0	0	56
74	22	0	0	10
22	27	48	1	101
27	68	0	0	13
68	84	38	1	88
99	12	33	1	82
12	43	0	0	107
43	118	6	1	45
118	105	27	1	39
105	2	0	0	34
2	93	25	1	64
93	49	10	1	93
49	60	35	1	77
60	111	32	1	70
111	6	0	0	48
6	110	49	1	56
110	33	18	1	3
33	4	0	0	60
4	117	0	0	14
117	5	0	0	79
5	9	0	0	38
9	54	11	1	72
54	21	7	1	40
21	59	0	0	53
59	19	0	0	64
19	81	0	0	17
81	102	0	0	40
102	16	0	0	62
16	108	0	0	21
108	91	42	1	72
91	42	0	0	48
42	38	0	0	53
38	36	0	0	58
36	101	0	0	53
101	73	21	1	38
73	87	31	1	71
87	63	23	1	87
63	29	8	1	52
29	26	12	1	54
26	88	0	0	103
88	89	0	0	50
89	109	0	0	78
109	39	0	0	25
39	69	0	0	16
69	56	0	0	36
56	32	0	0	35
32	84	0	0	72
84	83	0	0	70
83	90	22	1	60
90	72	7	1	44
72	75	0	0	23
75	68	0	0	13
68	40	0	0	38
40	78	40	1	53
78	92	0	0	87
92	66	0	0	94
66	10	0	0	45
10	7	39	1	44
7	70	0	0	68
70	64	0	0	90
64	51	0	0	68
51	85	0	0	54
85	11	18	1	41
11	52	0	0	83
52	80	0	0	46
80	25	39	1	37
25	48	38	1	48
48	28	44	1	67
28	77	0	0	63
77	61	0	0	41
61	106	0	0	22
106	34	0	0	29
34	3	0	0	70
3	98	16	1	25
98	1	0	0	52
1	22	0	0	50
22	31	0	0	85
31	97	43	1	68
97	20	0	0	15
20	15	20	1	37
15	67	0	0	56
67	100	0	0	39
100	96	27	1	42
96	41	0	0	54
41	103	40	1	75
103	65	0	0	32
65	74	0	0	44
74	62	7	1	18
62	57	10	1	24
57	114	0	0	62
114	86	35	1	76
86	44	23	1	49
44	13	24	1	16
13	30	0	0	42
30	55	0	0	71
55	112	0	0	83
112	14	41	1	66
14	115	0	0	48
115	82	0	0	66
82	104	48	1	47
104	71	0	0	49
71	27	45	1	91
27	113	0	0	80
113	50	39	1	54
50	23	15	1	34
23	120	5	1	82
120	35	0	0	73
35	94	35	1	67
94	47	46	1	63
47	76	22	1	45
76	18	15	1	75
18	8	0	0	60
8	116	0	0	43
116	24	0	0	9
24	107	18	1	81
107	58	25	1	52
58	17	23	1	30
17	79	0	0	19
79	45	0	0	71
45	37	29	1	73
37	46	0	0	96
46	119	21	1	36
119	95	6	1	100
95	53	0	0	84
53	99	0	0	44
50	112	0	0	60
53	89	17	1	77
50	6	29	1	63
9	22	0	0	76
13	49	0	0	41
21	16	0	0	38
58	94	41	1	62
45	74	0	0	62
12	78	0	0	95
90	62	45	1	76
68	12	0	0	100
25	86	22	1	49
103	79	0	0	78
111	93	0	0	44
47	86	46	1	42
28	84	0	0	8
117	40	31	1	44
92	68	37	1	80
29	96	23	1	70
102	14	0	0	74

----------TURNS----------
INDEX-I	INDEX-J INDEX-K	COST TYPE
84	36	66	1	R
84	36	101	3	L
84	36	82	1	R
36	66	70	3	L
36	66	10	1	R
36	66	94	3	L
66	70	107	3	L
66	70	64	3	L
66	70	81	3	L
66	70	74	3	L
70	107	87	3	L
70	107	58	3	L
70	107	4	1	R
107	87	11	3	L
107	87	63	3	L
107	87	93	1	R
87	11	54	1	R
87	11	52	1	R
87	11	80	1	R
87	11	18	1	R
11	54	82	3	L
11	54	21	3	L
54	82	88	3	L
54	82	104	3	L
54	82	36	3	L
82	88	80	3	L
82	88	89	1	R
82	88	97	1	R
82	88	105	3	L
82	88	118	1	R
88	80	105	1	R
88	80	25	1	R
88	80	34	1	R
88	80	11	3	L
88	80	51	3	L
80	105	97	1	R
80	105	2	1	R
80	105	88	1	R
105	97	98	1	R
105	97	20	3	L
105	97	88	3	L
105	97	92	3	L
105	97	81	3	L
97	98	23	3	L
97	98	1	1	R
97	98	53	1	R
98	23	117	3	L
98	23	120	3	L
98	23	95	3	L
23	117	101	3	L
23	117	5	3	L
23	117	40	3	L
23	117	91	3	L
23	117	42	3	L
117	101	83	3	L
117	101	73	1	R
117	101	10	3	L
117	101	94	3	L
101	83	116	1	R
101	83	90	3	L
83	116	57	1	R
83	116	24	3	L
83	116	110	1	R
116	57	59	1	R
116	57	114	1	R
116	57	76	1	R
57	59	114	1	R
57	59	19	1	R
57	59	22	3	L
57	59	119	1	R
59	114	4	3	L
59	114	86	1	R
114	4	58	3	L
114	4	117	1	R
114	4	107	3	L
114	4	93	3	L
4	58	52	3	L
4	58	17	3	L
4	58	94	3	L
58	52	44	3	L
58	52	80	3	L
58	52	25	1	R
52	44	72	1	R
52	44	13	1	R
52	44	104	3	L
44	72	5	1	R
44	72	75	1	R
44	72	31	1	R
72	5	113	1	R
72	5	9	3	L
5	113	89	3	L
5	113	50	3	L
5	113	108	1	R
5	113	48	1	R
5	113	86	3	L
5	113	24	3	L
113	89	56	3	L
113	89	109	3	L
113	89	64	1	R
89	56	100	1	R
89	56	32	3	L
56	100	55	1	R
56	100	96	1	R
100	55	34	1	R
100	55	112	3	L
100	55	46	3	L
55	34	94	3	L
55	34	3	3	L
55	34	80	3	L
34	94	51	3	L
34	94	47	1	R
34	94	66	1	R
34	94	101	3	L
94	51	21	3	L
94	51	85	3	L
94	51	80	1	R
51	21	42	1	R
51	21	59	3	L
51	21	16	3	L
21	42	95	1	R
21	42	38	3	L
21	42	39	3	L
21	42	3	1	R
21	42	26	1	R
21	42	117	1	R
42	95	30	1	R
42	95	53	1	R
42	95	23	1	R
95	30	28	1	R
95	30	55	1	R
95	30	10	1	R
30	28	1	3	L
30	28	77	1	R
30	28	84	3	L
28	1	24	0	O
28	1	22	0	O
28	1	76	0	O
1	24	25	1	R
1	24	107	3	L
1	24	113	3	L
24	25	26	1	R
24	25	48	1	R
24	25	86	1	R
24	25	52	3	L
25	26	65	3	L
25	26	88	3	L
25	26	42	3	L
26	65	115	1	R
26	65	74	1	R
65	115	112	3	L
65	115	82	3	L
65	115	19	3	L
115	112	19	3	L
115	112	14	3	L
112	19	79	3	L
112	19	81	3	L
112	19	115	3	L
112	19	62	3	L
19	79	73	3	L
19	79	45	3	L
19	79	74	3	L
79	73	62	3	L
79	73	87	3	L
79	73	49	1	R
73	62	9	3	L
73	62	57	3	L
73	62	19	3	L
62	9	90	3	L
62	9	54	1	R
62	9	22	3	L
62	9	120	1	R
62	9	102	1	R
9	90	8	3	L
9	90	72	3	L
9	90	62	3	L
9	90	75	3	L
90	8	93	1	R
90	8	116	3	L
90	8	85	1	R
8	93	92	1	R
8	93	49	3	L
8	93	87	3	L
8	93	4	1	R
93	92	60	1	R
93	92	66	1	R
93	92	68	1	R
93	92	7	1	R
93	92	91	1	R
93	92	97	1	R
92	60	91	3	L
92	60	111	3	L
92	60	18	3	L
60	91	47	3	L
60	91	42	3	L
60	91	92	3	L
60	91	117	3	L
91	47	61	3	L
91	47	76	3	L
91	47	86	3	L
91	47	48	1	R
91	47	12	3	L
47	61	86	3	L
47	61	106	3	L
61	86	38	3	L
61	86	44	3	L
61	86	113	3	L
86	38	14	3	L
86	38	36	3	L
38	14	85	3	L
38	14	115	3	L
38	14	40	1	R
38	14	31	1	R
38	14	96	3	L
14	85	49	3	L
14	85	11	1	R
14	85	8	3	L
85	49	3	3	L
85	49	60	1	R
85	49	73	3	L
49	3	18	3	L
49	3	98	1	R
49	3	12	3	L
49	3	104	3	L
49	3	42	3	L
3	18	46	3	L
3	18	8	3	L
3	18	109	3	L
3	18	60	3	L
3	18	11	3	L
18	46	75	3	L
18	46	119	3	L
18	46	55	1	R
18	46	15	1	R
46	75	69	1	R
46	75	68	1	R
46	75	39	1	R
46	75	90	3	L
46	75	76	3	L
75	69	53	3	L
75	69	56	3	L
69	53	37	1	R
69	53	99	3	L
69	53	89	3	L
69	53	98	1	R
53	37	102	1	R
53	37	46	1	R
53	37	67	1	R
53	37	64	3	L
53	37	110	3	L
37	102	104	1	R
37	102	16	1	R
37	102	14	1	R
37	102	9	1	R
102	104	41	1	R
102	104	71	3	L
102	104	103	3	L
102	104	44	3	L
102	104	76	3	L
102	104	3	1	R
104	41	16	3	L
104	41	103	1	R
104	41	45	3	L
41	16	13	3	L
41	16	108	3	L
16	13	45	1	R
16	13	30	3	L
16	13	49	3	L
16	13	2	3	L
13	45	29	3	L
13	45	37	1	R
13	45	74	3	L
13	45	111	3	L
13	45	41	1	R
45	29	17	3	L
45	29	26	1	R
45	29	96	3	L
45	29	109	3	L
45	29	76	3	L
29	17	119	1	R
29	17	79	3	L
17	119	39	1	R
17	119	95	1	R
17	119	59	1	R
119	39	2	1	R
119	39	69	3	L
119	39	75	1	R
119	39	42	1	R
39	2	106	3	L
39	2	93	3	L
39	2	13	3	L
2	106	71	3	L
2	106	34	3	L
2	106	81	3	L
106	71	111	3	L
106	71	27	3	L
106	71	77	3	L
71	111	43	1	R
71	111	6	1	R
71	111	93	3	L
71	111	45	3	L
111	43	35	3	L
111	43	118	3	L
111	43	68	3	L
43	35	120	3	L
43	35	94	1	R
35	120	109	3	L
35	120	35	10000	U
35	120	9	3	L
120	109	99	3	L
120	109	39	3	L
120	109	18	3	L
120	109	29	3	L
109	99	6	3	L
109	99	12	3	L
99	6	108	1	R
99	6	110	3	L
6	108	31	1	R
6	108	91	1	R
6	108	48	1	R
6	108	113	3	L
108	31	96	1	R
108	31	97	3	L
108	31	72	3	L
108	31	14	3	L
31	96	32	1	R
31	96	41	1	R
31	96	14	1	R
96	32	76	3	L
96	32	84	3	L
32	76	40	1	R
32	76	18	1	R
32	76	57	3	L
32	76	1	3	L
32	76	29	1	R
32	76	104	1	R
32	76	75	1	R
76	40	81	1	R
76	40	78	1	R
76	40	14	3	L
40	81	118	1	R
40	81	102	3	L
40	81	106	1	R
40	81	70	3	L
40	81	84	1	R
40	81	97	1	R
81	118	12	3	L
81	118	105	1	R
81	118	88	3	L
118	12	64	1	R
118	12	43	3	L
118	12	78	3	L
118	12	47	3	L
118	12	3	1	R
12	64	67	1	R
12	64	51	3	L
12	64	89	1	R
12	64	27	1	R
12	64	37	1	R
64	67	48	3	L
64	67	100	1	R
64	67	37	3	L
67	48	50	1	R
67	48	28	3	L
67	48	47	1	R
67	48	108	3	L
67	48	74	3	L
67	48	113	3	L
48	50	77	1	R
48	50	23	3	L
48	50	112	1	R
48	50	6	1	R
48	50	10	1	R
50	77	78	1	R
50	77	61	3	L
50	77	71	3	L
77	78	15	1	R
77	78	92	3	L
78	15	10	3	L
78	15	67	3	L
78	15	46	3	L
15	10	20	3	L
15	10	7	3	L
15	10	50	3	L
15	10	101	1	R
15	10	30	3	L
10	20	110	1	R
10	20	15	3	L
20	110	103	1	R
20	110	33	3	L
20	110	116	3	L
20	110	37	3	L
110	103	33	1	R
110	103	65	1	R
110	103	79	3	L
110	103	104	1	R
103	33	63	3	L
103	33	4	3	L
33	63	7	3	L
33	63	29	3	L
63	7	74	1	R
63	7	70	3	L
63	7	92	1	R
7	74	22	1	R
7	74	62	3	L
7	74	48	1	R
7	74	79	1	R
7	74	70	1	R
74	22	27	1	R
74	22	31	1	R
74	22	59	1	R
22	27	68	3	L
22	27	113	3	L
22	27	64	3	L
27	68	84	3	L
27	68	40	1	R
27	68	12	3	L
27	68	43	1	R
68	84	36	1	R
68	84	83	1	R
68	84	81	1	R
99	12	64	1	R
99	12	43	3	L
99	12	78	3	L
99	12	47	3	L
99	12	3	3	L
12	43	35	3	L
12	43	118	3	L
12	43	68	3	L
43	118	12	3	L
43	118	105	3	L
43	118	88	3	L
118	105	97	3	L
118	105	2	3	L
118	105	88	1	R
105	2	106	3	L
105	2	93	3	L
105	2	13	3	L
2	93	92	1	R
2	93	49	3	L
2	93	87	3	L
2	93	4	1	R
93	49	3	3	L
93	49	60	1	R
93	49	73	3	L
49	60	91	3	L
49	60	111	1	R
49	60	18	1	R
60	111	43	1	R
60	111	6	3	L
60	111	93	3	L
60	111	45	1	R
111	6	108	1	R
111	6	110	3	L
6	110	103	3	L
6	110	33	1	R
6	110	116	1	R
6	110	37	1	R
110	33	63	3	L
110	33	4	3	L
33	4	58	3	L
33	4	117	1	R
33	4	107	3	L
33	4	93	3	L
4	117	101	1	R
4	117	5	1	R
4	117	40	1	R
4	117	91	1	R
4	117	42	1	R
117	5	113	1	R
117	5	9	3	L
5	9	90	3	L
5	9	54	3	L
5	9	22	3	L
5	9	120	3	L
5	9	102	1	R
9	54	82	1	R
9	54	21	1	R
54	21	42	3	L
54	21	59	3	L
54	21	16	3	L
21	59	114	1	R
21	59	19	3	L
21	59	22	3	L
21	59	119	3	L
59	19	79	3	L
59	19	81	3	L
59	19	115	1	R
59	19	62	1	R
19	81	118	3	L
19	81	102	1	R
19	81	106	3	L
19	81	70	1	R
19	81	84	3	L
19	81	97	3	L
81	102	104	3	L
81	102	16	3	L
81	102	14	3	L
81	102	9	3	L
102	16	13	3	L
102	16	108	3	L
16	108	31	3	L
16	108	91	3	L
16	108	48	3	L
16	108	113	3	L
108	91	47	3	L
108	91	42	1	R
108	91	92	1	R
108	91	117	3	L
91	42	95	1	R
91	42	38	1	R
91	42	39	3	L
91	42	3	1	R
91	42	26	1	R
91	42	117	1	R
42	38	14	3	L
42	38	36	3	L
38	36	66	3	L
38	36	101	3	L
38	36	82	3	L
36	101	83	3	L
36	101	73	1	R
36	101	10	1	R
36	101	94	3	L
101	73	62	3	L
101	73	87	1	R
101	73	49	1	R
73	87	11	3	L
73	87	63	3	L
73	87	93	1	R
87	63	7	1	R
87	63	29	3	L
63	29	17	3	L
63	29	26	1	R
63	29	96	3	L
63	29	109	3	L
63	29	76	3	L
29	26	65	1	R
29	26	88	1	R
29	26	42	1	R
26	88	80	3	L
26	88	89	1	R
26	88	97	3	L
26	88	105	3	L
26	88	118	3	L
88	89	56	1	R
88	89	109	1	R
88	89	64	1	R
89	109	99	3	L
89	109	39	3	L
89	109	18	3	L
89	109	29	3	L
109	39	2	1	R
109	39	69	3	L
109	39	75	1	R
109	39	42	3	L
39	69	53	3	L
39	69	56	3	L
69	56	100	1	R
69	56	32	3	L
56	32	76	3	L
56	32	84	3	L
32	84	36	1	R
32	84	83	3	L
32	84	81	3	L
84	83	116	1	R
84	83	90	3	L
83	90	8	3	L
83	90	72	3	L
83	90	62	3	L
83	90	75	1	R
90	72	5	3	L
90	72	75	3	L
90	72	31	3	L
72	75	69	1	R
72	75	68	1	R
72	75	39	1	R
72	75	90	3	L
72	75	76	1	R
75	68	84	1	R
75	68	40	1	R
75	68	12	1	R
75	68	43	3	L
68	40	81	3	L
68	40	78	3	L
68	40	14	3	L
40	78	15	1	R
40	78	92	1	R
78	92	60	3	L
78	92	66	3	L
78	92	68	1	R
78	92	7	3	L
78	92	91	3	L
78	92	97	1	R
92	66	70	3	L
92	66	10	1	R
92	66	94	3	L
66	10	20	1	R
66	10	7	3	L
66	10	50	1	R
66	10	101	3	L
66	10	30	1	R
10	7	74	1	R
10	7	70	3	L
10	7	92	3	L
7	70	107	3	L
7	70	64	3	L
7	70	81	3	L
7	70	74	3	L
70	64	67	3	L
70	64	51	3	L
70	64	89	3	L
70	64	27	1	R
70	64	37	1	R
64	51	21	3	L
64	51	85	3	L
64	51	80	3	L
51	85	49	3	L
51	85	11	3	L
51	85	8	3	L
85	11	54	1	R
85	11	52	1	R
85	11	80	1	R
85	11	18	1	R
11	52	44	3	L
11	52	80	3	L
11	52	25	1	R
52	80	105	3	L
52	80	25	3	L
52	80	34	3	L
52	80	11	3	L
52	80	51	3	L
80	25	26	1	R
80	25	48	1	R
80	25	86	1	R
80	25	52	3	L
25	48	50	1	R
25	48	28	3	L
25	48	47	3	L
25	48	108	3	L
25	48	74	3	L
25	48	113	3	L
48	28	1	3	L
48	28	77	1	R
48	28	84	3	L
28	77	78	1	R
28	77	61	3	L
28	77	71	1	R
77	61	86	3	L
77	61	106	3	L
61	106	71	1	R
61	106	34	3	L
61	106	81	3	L
106	34	94	3	L
106	34	3	3	L
106	34	80	3	L
34	3	18	3	L
34	3	98	1	R
34	3	12	3	L
34	3	104	3	L
34	3	42	3	L
3	98	23	3	L
3	98	1	1	R
3	98	53	1	R
98	1	24	0	O
98	1	22	0	O
98	1	76	0	O
1	22	27	1	R
1	22	31	1	R
1	22	59	1	R
22	31	96	1	R
22	31	97	3	L
22	31	72	3	L
22	31	14	3	L
31	97	98	1	R
31	97	20	3	L
31	97	88	3	L
31	97	92	3	L
31	97	81	3	L
97	20	110	3	L
97	20	15	3	L
20	15	10	3	L
20	15	67	3	L
20	15	46	3	L
15	67	48	3	L
15	67	100	1	R
15	67	37	3	L
67	100	55	1	R
67	100	96	3	L
100	96	32	3	L
100	96	41	3	L
100	96	14	3	L
96	41	16	3	L
96	41	103	3	L
96	41	45	3	L
41	103	33	3	L
41	103	65	1	R
41	103	79	3	L
41	103	104	1	R
103	65	115	3	L
103	65	74	3	L
65	74	22	1	R
65	74	62	3	L
65	74	48	1	R
65	74	79	3	L
65	74	70	3	L
74	62	9	3	L
74	62	57	3	L
74	62	19	3	L
62	57	59	3	L
62	57	114	3	L
62	57	76	3	L
57	114	4	3	L
57	114	86	1	R
114	86	38	3	L
114	86	44	3	L
114	86	113	1	R
86	44	72	3	L
86	44	13	3	L
86	44	104	3	L
44	13	45	1	R
44	13	30	1	R
44	13	49	1	R
44	13	2	1	R
13	30	28	1	R
13	30	55	3	L
13	30	10	3	L
30	55	34	3	L
30	55	112	3	L
30	55	46	3	L
55	112	19	3	L
55	112	14	3	L
112	14	85	1	R
112	14	115	3	L
112	14	40	1	R
112	14	31	1	R
112	14	96	1	R
14	115	112	3	L
14	115	82	3	L
14	115	19	3	L
115	82	88	1	R
115	82	104	3	L
115	82	36	3	L
82	104	41	1	R
82	104	71	3	L
82	104	103	3	L
82	104	44	3	L
82	104	76	3	L
82	104	3	1	R
104	71	111	3	L
104	71	27	3	L
104	71	77	3	L
71	27	68	3	L
71	27	113	3	L
71	27	64	3	L
27	113	89	3	L
27	113	50	3	L
27	113	108	1	R
27	113	48	1	R
27	113	86	3	L
27	113	24	1	R
113	50	77	3	L
113	50	23	3	L
113	50	112	1	R
113	50	6	1	R
113	50	10	1	R
50	23	117	3	L
50	23	120	3	L
50	23	95	3	L
23	120	109	3	L
23	120	35	1	R
23	120	9	1	R
120	35	120	10000	U
120	35	94	1	R
35	94	51	1	R
35	94	47	1	R
35	94	66	1	R
35	94	101	1	R
94	47	61	1	R
94	47	76	1	R
94	47	86	1	R
94	47	48	1	R
94	47	12	1	R
47	76	40	1	R
47	76	18	1	R
47	76	57	3	L
47	76	1	1	R
47	76	29	1	R
47	76	104	1	R
47	76	75	1	R
76	18	46	1	R
76	18	8	3	L
76	18	109	1	R
76	18	60	1	R
76	18	11	3	L
18	8	93	3	L
18	8	116	3	L
18	8	85	3	L
8	116	57	1	R
8	116	24	3	L
8	116	110	3	L
116	24	25	1	R
116	24	107	3	L
116	24	113	3	L
24	107	87	3	L
24	107	58	3	L
24	107	4	1	R
107	58	52	3	L
107	58	17	3	L
107	58	94	3	L
58	17	119	1	R
58	17	79	1	R
17	79	73	3	L
17	79	45	3	L
17	79	74	1	R
79	45	29	3	L
79	45	37	1	R
79	45	74	3	L
79	45	111	3	L
79	45	41	1	R
45	37	102	1	R
45	37	46	1	R
45	37	67	1	R
45	37	64	3	L
45	37	110	1	R
37	46	75	1	R
37	46	119	3	L
37	46	55	1	R
37	46	15	1	R
46	119	39	3	L
46	119	95	3	L
46	119	59	3	L
119	95	30	1	R
119	95	53	1	R
119	95	23	1	R
95	53	37	3	L
95	53	99	3	L
95	53	89	1	R
95	53	98	3	L
53	99	6	3	L
53	99	12	3	L
50	112	19	3	L
50	112	14	1	R
53	89	56	3	L
53	89	109	3	L
53	89	64	1	R
50	6	108	1	R
50	6	110	1	R
9	22	27	3	L
9	22	31	3	L
9	22	59	1	R
13	49	3	3	L
13	49	60	1	R
13	49	73	3	L
21	16	13	3	L
21	16	108	3	L
58	94	51	3	L
58	94	47	1	R
58	94	66	1	R
58	94	101	3	L
45	74	22	1	R
45	74	62	3	L
45	74	48	3	L
45	74	79	3	L
45	74	70	3	L
12	78	15	3	L
12	78	92	3	L
90	62	9	3	L
90	62	57	3	L
90	62	19	3	L
68	12	64	1	R
68	12	43	3	L
68	12	78	3	L
68	12	47	3	L
68	12	3	1	R
25	86	38	3	L
25	86	44	1	R
25	86	113	1	R
103	79	73	3	L
103	79	45	3	L
103	79	74	3	L
111	93	92	1	R
111	93	49	3	L
111	93	87	3	L
111	93	4	1	R
47	86	38	1	R
47	86	44	1	R
47	86	113	1	R
28	84	36	3	L
28	84	83	3	L
28	84	81	3	L
117	40	81	1	R
117	40	78	1	R
117	40	14	1	R
92	68	84	1	R
92	68	40	3	L
92	68	12	1	R
92	68	43	3	L
29	96	32	3	L
29	96	41	3	L
29	96	14	3	L
102	14	85	3	L
102	14	115	3	L
102	14	40	1	R
102	14	31	3	L
102	14	96	3	L
48	47	61	1	R
48	47	76	1	R
48	47	86	1	R
48	47	48	10000	U
48	47	12	1	R
47	48	50	1	R
47	48	28	3	L
47	48	47	10000	U
47	48	108	3	L
47	48	74	3	L
47	48	113	3	L
40	14	85	3	L
40	14	115	3	L
40	14	40	10000	U
40	14	31	3	L
40	14	96	3	L
14	40	81	1	R
14	40	78	1	R
14	40	14	10000	U
37	67	48	1	R
37	67	100	3	L
37	67	37	10000	U
67	37	102	1	R
67	37	46	1	R
67	37	67	10000	U
67	37	64	3	L
67	37	110	3	L
106	81	118	3	L
106	81	102	1	R
106	81	106	10000	U
106	81	70	1	R
106	81	84	1	R
106	81	97	3	L
81	106	71	3	L
81	106	34	3	L
81	106	81	10000	U
50	10	20	1	R
50	10	7	3	L
50	10	50	10000	U
50	10	101	3	L
50	10	30	1	R
10	50	77	3	L
10	50	23	3	L
10	50	112	1	R
10	50	6	1	R
10	50	10	10000	U
10	101	83	3	L
10	101	73	1	R
10	101	10	10000	U
10	101	94	3	L
101	10	20	1	R
101	10	7	1	R
101	10	50	1	R
101	10	101	10000	U
101	10	30	1	R
70	81	118	1	R
70	81	102	3	L
70	81	106	3	L
70	81	70	10000	U
70	81	84	3	L
70	81	97	1	R
81	70	107	3	L
81	70	64	3	L
81	70	81	10000	U
81	70	74	3	L
73	49	3	3	L
73	49	60	1	R
73	49	73	10000	U
49	73	62	3	L
49	73	87	3	L
49	73	49	10000	U
64	89	56	3	L
64	89	109	3	L
64	89	64	10000	U
89	64	67	1	R
89	64	51	3	L
89	64	89	10000	U
89	64	27	1	R
89	64	37	1	R
64	27	68	1	R
64	27	113	1	R
64	27	64	10000	U
27	64	67	3	L
27	64	51	3	L
27	64	89	3	L
27	64	27	10000	U
27	64	37	1	R
57	76	40	1	R
57	76	18	1	R
57	76	57	10000	U
57	76	1	1	R
57	76	29	3	L
57	76	104	3	L
57	76	75	1	R
76	57	59	1	R
76	57	114	1	R
76	57	76	10000	U
19	115	112	3	L
19	115	82	1	R
19	115	19	10000	U
115	19	79	3	L
115	19	81	3	L
115	19	115	10000	U
115	19	62	1	R
103	104	41	1	R
103	104	71	3	L
103	104	103	10000	U
103	104	44	1	R
103	104	76	1	R
103	104	3	1	R
104	103	33	3	L
104	103	65	3	L
104	103	79	3	L
104	103	104	10000	U
92	7	74	1	R
92	7	70	3	L
92	7	92	10000	U
7	92	60	1	R
7	92	66	1	R
7	92	68	1	R
7	92	7	10000	U
7	92	91	1	R
7	92	97	1	R
12	47	61	1	R
12	47	76	1	R
12	47	86	1	R
12	47	48	3	L
12	47	12	10000	U
47	12	64	1	R
47	12	43	1	R
47	12	78	1	R
47	12	47	10000	U
47	12	3	1	R
18	109	99	1	R
18	109	39	1	R
18	109	18	10000	U
18	109	29	1	R
109	18	46	3	L
109	18	8	3	L
109	18	109	10000	U
109	18	60	1	R
109	18	11	3	L
77	71	111	3	L
77	71	27	3	L
77	71	77	10000	U
71	77	78	1	R
71	77	61	3	L
71	77	71	10000	U
1	76	40	1	R
1	76	18	1	R
1	76	57	3	L
1	76	1	10000	U
1	76	29	1	R
1	76	104	1	R
1	76	75	1	R
76	1	24	0	O
76	1	22	0	O
76	1	76	0	O
59	22	27	3	L
59	22	31	3	L
59	22	59	10000	U
22	59	114	1	R
22	59	19	1	R
22	59	22	10000	U
22	59	119	1	R
97	88	80	3	L
97	88	89	1	R
97	88	97	10000	U
97	88	105	3	L
97	88	118	3	L
88	97	98	1	R
88	97	20	3	L
88	97	88	10000	U
88	97	92	3	L
88	97	81	1	R
109	29	17	1	R
109	29	26	1	R
109	29	96	1	R
109	29	109	10000	U
109	29	76	3	L
29	109	99	3	L
29	109	39	3	L
29	109	18	3	L
29	109	29	10000	U
48	108	31	3	L
48	108	91	3	L
48	108	48	10000	U
48	108	113	3	L
108	48	50	1	R
108	48	28	1	R
108	48	47	1	R
108	48	108	10000	U
108	48	74	1	R
108	48	113	1	R
34	80	105	1	R
34	80	25	1	R
34	80	34	10000	U
34	80	11	3	L
34	80	51	3	L
80	34	94	3	L
80	34	3	3	L
80	34	80	10000	U
88	105	97	3	L
88	105	2	3	L
88	105	88	10000	U
105	88	80	1	R
105	88	89	1	R
105	88	97	1	R
105	88	105	10000	U
105	88	118	1	R
76	29	17	1	R
76	29	26	1	R
76	29	96	1	R
76	29	109	1	R
76	29	76	10000	U
29	76	40	3	L
29	76	18	3	L
29	76	57	1	R
29	76	1	3	L
29	76	29	10000	U
29	76	104	3	L
29	76	75	3	L
68	43	35	3	L
68	43	118	1	R
68	43	68	10000	U
43	68	84	3	L
43	68	40	1	R
43	68	12	3	L
43	68	43	10000	U
75	39	2	1	R
75	39	69	3	L
75	39	75	10000	U
75	39	42	1	R
39	75	69	1	R
39	75	68	1	R
39	75	39	10000	U
39	75	90	3	L
39	75	76	3	L
46	55	34	1	R
46	55	112	3	L
46	55	46	10000	U
55	46	75	3	L
55	46	119	3	L
55	46	55	10000	U
55	46	15	1	R
113	108	31	1	R
113	108	91	1	R
113	108	48	1	R
113	108	113	10000	U
108	113	89	1	R
108	113	50	3	L
108	113	108	10000	U
108	113	48	3	L
108	113	86	3	L
108	113	24	3	L
62	19	79	3	L
62	19	81	3	L
62	19	115	3	L
62	19	62	10000	U
19	62	9	1	R
19	62	57	1	R
19	62	19	10000	U
74	48	50	1	R
74	48	28	1	R
74	48	47	1	R
74	48	108	3	L
74	48	74	10000	U
74	48	113	3	L
48	74	22	1	R
48	74	62	3	L
48	74	48	10000	U
48	74	79	3	L
48	74	70	3	L
4	107	87	3	L
4	107	58	3	L
4	107	4	10000	U
107	4	58	1	R
107	4	117	1	R
107	4	107	10000	U
107	4	93	1	R
110	116	57	1	R
110	116	24	3	L
110	116	110	10000	U
116	110	103	3	L
116	110	33	1	R
116	110	116	10000	U
116	110	37	1	R
23	95	30	1	R
23	95	53	3	L
23	95	23	10000	U
95	23	117	1	R
95	23	120	1	R
95	23	95	10000	U
64	37	102	1	R
64	37	46	1	R
64	37	67	1	R
64	37	64	10000	U
64	37	110	1	R
37	64	67	3	L
37	64	51	3	L
37	64	89	3	L
37	64	27	3	L
37	64	37	10000	U
72	31	96	1	R
72	31	97	3	L
72	31	72	10000	U
72	31	14	1	R
31	72	5	1	R
31	72	75	1	R
31	72	31	10000	U
87	93	92	1	R
87	93	49	1	R
87	93	87	10000	U
87	93	4	1	R
93	87	11	3	L
93	87	63	3	L
93	87	93	10000	U
74	79	73	3	L
74	79	45	3	L
74	79	74	10000	U
79	74	22	1	R
79	74	62	3	L
79	74	48	1	R
79	74	79	10000	U
79	74	70	1	R
18	60	91	3	L
18	60	111	1	R
18	60	18	10000	U
60	18	46	3	L
60	18	8	3	L
60	18	109	3	L
60	18	60	10000	U
60	18	11	3	L
92	91	47	3	L
92	91	42	1	R
92	91	92	10000	U
92	91	117	3	L
91	92	60	3	L
91	92	66	3	L
91	92	68	1	R
91	92	7	3	L
91	92	91	10000	U
91	92	97	1	R
44	104	41	1	R
44	104	71	3	L
44	104	103	3	L
44	104	44	10000	U
44	104	76	3	L
44	104	3	1	R
104	44	72	3	L
104	44	13	3	L
104	44	104	10000	U
104	76	40	3	L
104	76	18	3	L
104	76	57	1	R
104	76	1	3	L
104	76	29	1	R
104	76	104	10000	U
104	76	75	3	L
76	104	41	1	R
76	104	71	3	L
76	104	103	3	L
76	104	44	1	R
76	104	76	10000	U
76	104	3	1	R
90	75	69	1	R
90	75	68	1	R
90	75	39	1	R
90	75	90	10000	U
90	75	76	1	R
75	90	8	3	L
75	90	72	3	L
75	90	62	3	L
75	90	75	10000	U
14	31	96	1	R
14	31	97	3	L
14	31	72	3	L
14	31	14	10000	U
31	14	85	3	L
31	14	115	3	L
31	14	40	1	R
31	14	31	10000	U
31	14	96	3	L
39	42	95	1	R
39	42	38	1	R
39	42	39	10000	U
39	42	3	1	R
39	42	26	1	R
39	42	117	1	R
42	39	2	3	L
42	39	69	1	R
42	39	75	3	L
42	39	42	10000	U
80	11	54	3	L
80	11	52	3	L
80	11	80	10000	U
80	11	18	1	R
11	80	105	1	R
11	80	25	1	R
11	80	34	1	R
11	80	11	10000	U
11	80	51	3	L
120	9	90	3	L
120	9	54	1	R
120	9	22	3	L
120	9	120	10000	U
120	9	102	1	R
9	120	109	3	L
9	120	35	1	R
9	120	9	10000	U
53	98	23	3	L
53	98	1	3	L
53	98	53	10000	U
98	53	37	1	R
98	53	99	1	R
98	53	89	1	R
98	53	98	10000	U
45	111	43	3	L
45	111	6	1	R
45	111	93	1	R
45	111	45	10000	U
111	45	29	3	L
111	45	37	1	R
111	45	74	3	L
111	45	111	10000	U
111	45	41	1	R
81	84	36	1	R
81	84	83	1	R
81	84	81	10000	U
84	81	118	3	L
84	81	102	1	R
84	81	106	3	L
84	81	70	1	R
84	81	84	10000	U
84	81	97	3	L
113	48	50	1	R
113	48	28	1	R
113	48	47	1	R
113	48	108	3	L
113	48	74	1	R
113	48	113	10000	U
48	113	89	1	R
48	113	50	3	L
48	113	108	1	R
48	113	48	10000	U
48	113	86	3	L
48	113	24	3	L
51	80	105	1	R
51	80	25	1	R
51	80	34	1	R
51	80	11	1	R
51	80	51	10000	U
80	51	21	3	L
80	51	85	3	L
80	51	80	10000	U
41	45	29	3	L
41	45	37	3	L
41	45	74	3	L
41	45	111	3	L
41	45	41	10000	U
45	41	16	1	R
45	41	103	1	R
45	41	45	10000	U
30	10	20	1	R
30	10	7	3	L
30	10	50	3	L
30	10	101	3	L
30	10	30	10000	U
10	30	28	1	R
10	30	55	3	L
10	30	10	10000	U
70	74	22	1	R
70	74	62	3	L
70	74	48	1	R
70	74	79	3	L
70	74	70	10000	U
74	70	107	3	L
74	70	64	3	L
74	70	81	1	R
74	70	74	10000	U
88	118	12	3	L
88	118	105	1	R
88	118	88	10000	U
118	88	80	3	L
118	88	89	1	R
118	88	97	1	R
118	88	105	3	L
118	88	118	10000	U
18	11	54	3	L
18	11	52	3	L
18	11	80	3	L
18	11	18	10000	U
11	18	46	1	R
11	18	8	1	R
11	18	109	1	R
11	18	60	1	R
11	18	11	10000	U
12	3	18	3	L
12	3	98	1	R
12	3	12	10000	U
12	3	104	3	L
12	3	42	1	R
3	12	64	1	R
3	12	43	3	L
3	12	78	3	L
3	12	47	3	L
3	12	3	10000	U
76	75	69	1	R
76	75	68	1	R
76	75	39	1	R
76	75	90	3	L
76	75	76	10000	U
75	76	40	1	R
75	76	18	1	R
75	76	57	3	L
75	76	1	3	L
75	76	29	1	R
75	76	104	1	R
75	76	75	10000	U
104	3	18	3	L
104	3	98	1	R
104	3	12	1	R
104	3	104	10000	U
104	3	42	1	R
3	104	41	1	R
3	104	71	3	L
3	104	103	3	L
3	104	44	3	L
3	104	76	3	L
3	104	3	10000	U
92	97	98	1	R
92	97	20	1	R
92	97	88	1	R
92	97	92	10000	U
92	97	81	1	R
97	92	60	3	L
97	92	66	3	L
97	92	68	3	L
97	92	7	3	L
97	92	91	3	L
97	92	97	10000	U
113	86	38	3	L
113	86	44	3	L
113	86	113	10000	U
86	113	89	3	L
86	113	50	1	R
86	113	108	1	R
86	113	48	1	R
86	113	86	10000	U
86	113	24	1	R
94	66	70	1	R
94	66	10	1	R
94	66	94	10000	U
66	94	51	3	L
66	94	47	1	R
66	94	66	10000	U
66	94	101	3	L
3	42	95	1	R
3	42	38	3	L
3	42	39	3	L
3	42	3	10000	U
3	42	26	1	R
3	42	117	1	R
42	3	18	3	L
42	3	98	1	R
42	3	12	3	L
42	3	104	3	L
42	3	42	10000	U
113	24	25	1	R
113	24	107	1	R
113	24	113	10000	U
24	113	89	3	L
24	113	50	3	L
24	113	108	1	R
24	113	48	1	R
24	113	86	3	L
24	113	24	10000	U
42	26	65	1	R
42	26	88	3	L
42	26	42	10000	U
26	42	95	3	L
26	42	38	3	L
26	42	39	3	L
26	42	3	3	L
26	42	26	10000	U
26	42	117	1	R
94	101	83	1	R
94	101	73	1	R
94	101	10	1	R
94	101	94	10000	U
101	94	51	3	L
101	94	47	1	R
101	94	66	1	R
101	94	101	10000	U
81	97	98	1	R
81	97	20	3	L
81	97	88	3	L
81	97	92	3	L
81	97	81	10000	U
97	81	118	3	L
97	81	102	3	L
97	81	106	1	R
97	81	70	3	L
97	81	84	1	R
97	81	97	10000	U
82	36	66	3	L
82	36	101	3	L
82	36	82	10000	U
36	82	88	1	R
36	82	104	1	R
36	82	36	10000	U
25	52	44	3	L
25	52	80	3	L
25	52	25	10000	U
52	25	26	1	R
52	25	48	1	R
52	25	86	3	L
52	25	52	10000	U
46	15	10	1	R
46	15	67	1	R
46	15	46	10000	U
15	46	75	3	L
15	46	119	3	L
15	46	55	3	L
15	46	15	10000	U
59	119	39	1	R
59	119	95	3	L
59	119	59	10000	U
119	59	114	1	R
119	59	19	3	L
119	59	22	3	L
119	59	119	10000	U
8	85	49	3	L
8	85	11	1	R
8	85	8	10000	U
85	8	93	3	L
85	8	116	1	R
85	8	85	10000	U
14	96	32	3	L
14	96	41	3	L
14	96	14	10000	U
96	14	85	3	L
96	14	115	3	L
96	14	40	1	R
96	14	31	1	R
96	14	96	10000	U
4	93	92	3	L
4	93	49	3	L
4	93	87	3	L
4	93	4	10000	U
93	4	58	1	R
93	4	117	1	R
93	4	107	3	L
93	4	93	10000	U
91	117	101	3	L
91	117	5	1	R
91	117	40	1	R
91	117	91	10000	U
91	117	42	3	L
117	91	47	3	L
117	91	42	1	R
117	91	92	1	R
117	91	117	10000	U
42	117	101	3	L
42	117	5	1	R
42	117	40	1	R
42	117	91	1	R
42	117	42	10000	U
117	42	95	3	L
117	42	38	3	L
117	42	39	3	L
117	42	3	3	L
117	42	26	3	L
117	42	117	10000	U
110	37	102	1	R
110	37	46	1	R
110	37	67	1	R
110	37	64	3	L
110	37	110	10000	U
37	110	103	3	L
37	110	33	1	R
37	110	116	3	L
37	110	37	10000	U
9	102	104	1	R
9	102	16	1	R
9	102	14	1	R
9	102	9	10000	U
102	9	90	3	L
102	9	54	3	L
102	9	22	3	L
102	9	120	3	L
102	9	102	10000	U
13	2	106	1	R
13	2	93	3	L
13	2	13	10000	U
2	13	45	1	R
2	13	30	3	L
2	13	49	3	L
2	13	2	10000	U
