Name:			p09
#Vehicles:		17
Capacity:		580
Depot:			1
#Nodes:			120
#Edges:			80
#Arcs:			260
#Required-N:	0
#Required-E:	80
#Required-A:	260
#Nb-Turns:		1635

----------NODES----------
INDEX	QTY	IS-REQUIRED	X	Y
1	0	0	87.86	51.43
2	0	0	139.64	93.89
3	0	0	46.65	99.6
4	0	0	22.15	129.2
5	0	0	80.42	167.97
6	0	0	50.39	125.66
7	0	0	93.64	38.75
8	0	0	65.87	142.1
9	0	0	50.88	171.32
10	0	0	136.94	29.91
11	0	0	165.1	114.64
12	0	0	147.73	166.12
13	0	0	88.50	123.43
14	0	0	160.72	92.87
15	0	0	111.68	26.2
16	0	0	73.6	136.43
17	0	0	85.30	27.40
18	0	0	35.88	92.84
19	0	0	76.94	88.78
20	0	0	74.9	41.85
21	0	0	86.33	178.43
22	0	0	43.27	84.19
23	0	0	56.64	63.4
24	0	0	68.20	81.27
25	0	0	78.39	104.71
26	0	0	0.55	48.31
27	0	0	121.90	153.17
28	0	0	131.61	43.79
29	0	0	39.1	46.92
30	0	0	91.41	81.4
31	0	0	84.16	35.36
32	0	0	146.57	41.68
33	0	0	25.34	72.44
34	0	0	118.50	83.3
35	0	0	206.16	101.63
36	0	0	119.44	44.91
37	0	0	93.59	72.60
38	0	0	142.23	121.72
39	0	0	131.85	61.27
40	0	0	84.1	130.92
41	0	0	99.20	103.70
42	0	0	119.5	179.74
43	0	0	131.50	125.24
44	0	0	101.46	130.34
45	0	0	60.82	99.36
46	0	0	104.73	22.77
47	0	0	133.97	140.61
48	0	0	109.40	61.71
49	0	0	54.65	111.90
50	0	0	84.99	69.29
51	0	0	173.24	198.93
52	0	0	106.93	98.81
53	0	0	138.72	79.34
54	0	0	116.64	187.43
55	0	0	96.66	0.55
56	0	0	149.29	75.60
57	0	0	1.60	96.92
58	0	0	95.14	58.74
59	0	0	29.14	144.30
60	0	0	131.33	166.7
61	0	0	120.60	124.72
62	0	0	16.95	80.97
63	0	0	46.12	54.93
64	0	0	181.67	148.92
65	0	0	55.0	42.44
66	0	0	179.81	53.59
67	0	0	129.29	77.29
68	0	0	118.52	141.93
69	0	0	144.87	59.36
70	0	0	126.46	93.28
71	0	0	102.59	114.31
72	0	0	94.6	149.35
73	0	0	26.84	45.65
74	0	0	35.35	79.4
75	0	0	114.26	132.80
76	0	0	116.68	96.47
77	0	0	151.87	84.51
78	0	0	124.14	120.28
79	0	0	69.76	22.81
80	0	0	93.19	136.10
81	0	0	67.72	98.95
82	0	0	102.87	143.96
83	0	0	59.65	85.79
84	0	0	133.48	49.67
85	0	0	163.89	150.22
86	0	0	103.2	154.70
87	0	0	116.85	63.53
88	0	0	36.9	162.95
89	0	0	65.92	121.96
90	0	0	44.93	145.46
91	0	0	131.66	144.85
92	0	0	172.34	169.76
93	0	0	97.59	163.62
94	0	0	168.31	89.25
95	0	0	163.70	130.32
96	0	0	111.26	46.0
97	0	0	76.94	55.16
98	0	0	50.66	72.10
99	0	0	138.27	118.82
100	0	0	155.83	46.2
101	0	0	54.31	28.23
102	0	0	77.42	74.60
103	0	0	29.13	51.81
104	0	0	65.79	155.38
105	0	0	120.69	112.96
106	0	0	104.59	112.92
107	0	0	87.92	11.14
108	0	0	71.90	115.21
109	0	0	154.96	58.92
110	0	0	23.25	72.49
111	0	0	79.38	151.78
112	0	0	102.13	85.81
113	0	0	90.6	115.82
114	0	0	24.7	142.12
115	0	0	116.25	71.10
116	0	0	62.69	87.87
117	0	0	32.89	127.18
118	0	0	89.85	98.61
119	0	0	106.75	50.57
120	0	0	169.16	39.83

----------EDGES----------
INDEX-I	INDEX-J	QTY	IS-REQUIRED	TR-COST
50	34	13	1	37
76	112	34	1	21
48	53	23	1	38
37	108	35	1	80
91	22	41	1	75
25	4	31	1	86
99	38	29	1	51
33	89	6	1	70
73	70	13	1	98
103	83	15	1	57
59	89	11	1	47
69	28	15	1	25
84	94	21	1	99
113	56	48	1	63
113	25	32	1	51
63	30	5	1	44
40	70	19	1	45
90	116	34	1	61
10	109	32	1	49
60	38	46	1	56
118	108	14	1	26
98	118	37	1	49
100	11	12	1	68
2	47	39	1	45
1	119	43	1	23
47	117	16	1	100
34	67	22	1	13
61	9	38	1	73
71	2	40	1	58
97	29	37	1	48
76	50	10	1	52
7	99	42	1	82
58	23	14	1	58
45	103	29	1	55
15	97	27	1	51
51	92	50	1	47
98	62	9	1	107
78	44	45	1	25
8	5	45	1	53
97	118	11	1	35
30	11	9	1	80
54	68	5	1	49
96	119	21	1	8
78	84	25	1	70
108	5	43	1	55
48	1	42	1	37
65	119	20	1	45
34	36	5	1	53
68	45	26	1	57
88	21	47	1	68
107	18	46	1	89
22	94	29	1	104
43	84	33	1	93
67	76	47	1	28
29	98	12	1	97
75	43	26	1	21
71	44	13	1	47
55	102	23	1	88
45	108	7	1	21
41	38	42	1	43
76	87	9	1	34
99	68	12	1	29
76	82	28	1	42
83	98	13	1	26
76	94	30	1	87
18	117	44	1	60
70	52	6	1	27
50	1	28	1	25
24	119	38	1	40
10	77	47	1	49
61	40	34	1	66
94	115	42	1	116
46	17	41	1	61
56	70	44	1	31
24	7	10	1	61
64	6	27	1	98
43	19	30	1	66
87	43	25	1	76
24	104	27	1	73
37	111	45	1	73

-----------ARCS----------
INDEX-I	INDEX-J	QTY	IS-REQUIRED	TR-COST
84	36	16	1	63
36	66	5	1	68
66	70	34	1	67
70	107	30	1	94
107	87	34	1	58
87	11	28	1	59
11	54	19	1	72
54	82	29	1	48
82	88	16	1	63
88	80	6	1	73
80	105	45	1	37
105	97	44	1	75
97	98	11	1	78
98	23	22	1	12
23	117	14	1	91
117	101	45	1	82
101	83	43	1	67
83	116	15	1	5
116	57	13	1	57
57	59	17	1	57
59	114	44	1	7
114	4	39	1	15
4	58	30	1	73
58	52	8	1	37
52	44	29	1	31
44	72	21	1	21
72	5	35	1	23
5	113	32	1	60
113	89	44	1	34
89	56	32	1	92
56	100	50	1	51
100	55	49	1	105
55	34	33	1	83
34	94	27	1	75
94	51	22	1	117
51	21	10	1	80
21	42	50	1	31
42	95	37	1	66
95	30	28	1	67
30	28	15	1	89
28	1	32	1	38
1	24	22	1	34
24	25	48	1	28
25	26	38	1	90
26	65	33	1	52
65	115	6	1	56
115	112	27	1	45
112	19	25	1	26
19	79	10	1	57
79	73	35	1	103
73	62	32	1	35
62	9	49	1	96
9	90	18	1	37
90	8	11	1	44
8	93	7	1	33
93	92	42	1	65
92	60	21	1	108
60	91	31	1	23
91	47	23	1	6
47	61	8	1	61
61	86	12	1	35
86	38	22	1	70
38	14	7	1	77
14	85	40	1	63
85	49	39	1	81
49	3	18	1	15
3	18	39	1	16
18	46	38	1	87
46	75	44	1	79
75	69	16	1	64
69	53	43	1	29
53	37	20	1	50
37	102	27	1	22
102	104	40	1	87
104	41	7	1	78
41	16	10	1	41
16	13	35	1	34
13	45	23	1	37
45	29	24	1	46
29	17	41	1	75
17	119	48	1	32
119	39	45	1	22
39	2	39	1	28
2	106	15	1	56
106	71	5	1	3
71	111	35	1	43
111	43	46	1	63
43	35	22	1	64
35	120	15	1	73
120	109	18	1	27
109	99	25	1	70
99	6	23	1	86
6	108	29	1	60
108	31	21	1	62
31	96	6	1	31
96	32	17	1	35
32	76	29	1	57
76	40	41	1	64
40	81	45	1	48
81	118	22	1	27
118	12	46	1	63
12	64	31	1	65
64	67	37	1	86
67	48	23	1	46
48	50	14	1	40
50	77	34	1	70
77	78	22	1	80
78	15	45	1	85
15	10	46	1	29
10	20	35	1	57
20	110	35	1	48
110	103	37	1	39
103	33	30	1	42
33	63	17	1	39
63	7	41	1	90
7	74	24	1	56
74	22	48	1	10
22	27	36	1	101
27	68	35	1	13
68	84	12	1	88
99	12	43	1	82
12	43	50	1	107
43	118	24	1	45
118	105	22	1	39
105	2	20	1	34
2	93	26	1	64
93	49	28	1	93
49	60	38	1	77
60	111	10	1	70
111	6	16	1	48
6	110	50	1	56
110	33	45	1	3
33	4	42	1	60
4	117	30	1	14
117	5	11	1	79
5	9	6	1	38
9	54	7	1	72
54	21	28	1	40
21	59	40	1	53
59	19	49	1	64
19	81	7	1	17
81	102	24	1	40
102	16	29	1	62
16	108	32	1	21
108	91	30	1	72
91	42	20	1	48
42	38	5	1	53
38	36	27	1	58
36	101	5	1	53
101	73	36	1	38
73	87	29	1	71
87	63	44	1	87
63	29	29	1	52
29	26	42	1	54
26	88	9	1	103
88	89	38	1	50
89	109	11	1	78
109	39	26	1	25
39	69	26	1	16
69	56	16	1	36
56	32	38	1	35
32	84	25	1	72
84	83	5	1	70
83	90	23	1	60
90	72	50	1	44
72	75	11	1	23
75	68	24	1	13
68	40	47	1	38
40	78	35	1	53
78	92	7	1	87
92	66	45	1	94
66	10	31	1	45
10	7	20	1	44
7	70	23	1	68
70	64	12	1	90
64	51	46	1	68
51	85	32	1	54
85	11	6	1	41
11	52	22	1	83
52	80	33	1	46
80	25	31	1	37
25	48	40	1	48
48	28	20	1	67
28	77	9	1	63
77	61	32	1	41
61	106	18	1	22
106	34	43	1	29
34	3	38	1	70
3	98	39	1	25
98	1	18	1	52
1	22	44	1	50
22	31	26	1	85
31	97	32	1	68
97	20	44	1	15
20	15	39	1	37
15	67	25	1	56
67	100	50	1	39
100	96	12	1	42
96	41	21	1	54
41	103	28	1	75
103	65	15	1	32
65	74	9	1	44
74	62	8	1	18
62	57	30	1	24
57	114	22	1	62
114	86	9	1	76
86	44	19	1	49
44	13	49	1	16
13	30	11	1	42
30	55	31	1	71
55	112	25	1	83
112	14	31	1	66
14	115	20	1	48
115	82	34	1	66
82	104	36	1	47
104	71	41	1	49
71	27	47	1	91
27	113	22	1	80
113	50	23	1	54
50	23	36	1	34
23	120	29	1	82
120	35	16	1	73
35	94	5	1	67
94	47	10	1	63
47	76	49	1	45
76	18	39	1	75
18	8	24	1	60
8	116	42	1	43
116	24	41	1	9
24	107	35	1	81
107	58	20	1	52
58	17	45	1	30
17	79	33	1	19
79	45	17	1	71
45	37	18	1	73
37	46	44	1	96
46	119	16	1	36
119	95	33	1	100
95	53	43	1	84
53	99	16	1	44
50	112	13	1	60
53	89	11	1	77
50	6	42	1	63
9	22	22	1	76
13	49	41	1	41
21	16	21	1	38
58	94	13	1	62
45	74	31	1	62
12	78	38	1	95
90	62	31	1	76
68	12	16	1	100
25	86	16	1	49
103	79	36	1	78
111	93	11	1	44
47	86	15	1	42
28	84	34	1	8
117	40	45	1	44
92	68	29	1	80
29	96	25	1	70
102	14	29	1	74

----------TURNS----------
INDEX-I	INDEX-J INDEX-K	COST TYPE
84	36	66	1	R
84	36	101	3	L
84	36	34	1	R
36	66	70	3	L
36	66	10	1	R
66	70	107	3	L
66	70	64	3	L
66	70	73	3	L
66	70	40	3	L
66	70	52	1	R
66	70	56	1	R
70	107	87	3	L
70	107	58	3	L
70	107	18	1	R
107	87	11	3	L
107	87	63	3	L
107	87	76	3	L
107	87	43	3	L
87	11	54	1	R
87	11	52	1	R
87	11	100	3	L
87	11	30	1	R
11	54	82	3	L
11	54	21	3	L
11	54	68	3	L
54	82	88	3	L
54	82	104	3	L
54	82	76	3	L
82	88	80	3	L
82	88	89	1	R
82	88	21	3	L
88	80	105	1	R
88	80	25	1	R
80	105	97	1	R
80	105	2	1	R
105	97	98	1	R
105	97	20	3	L
105	97	29	3	L
105	97	15	3	L
105	97	118	3	L
97	98	23	3	L
97	98	1	1	R
97	98	118	1	R
97	98	62	1	R
97	98	29	1	R
97	98	83	1	R
98	23	117	3	L
98	23	120	3	L
98	23	58	3	L
23	117	101	3	L
23	117	5	3	L
23	117	40	3	L
23	117	47	3	L
23	117	18	1	R
117	101	83	3	L
117	101	73	1	R
101	83	116	1	R
101	83	90	3	L
101	83	103	3	L
101	83	98	1	R
83	116	57	1	R
83	116	24	3	L
83	116	90	1	R
116	57	59	1	R
116	57	114	1	R
57	59	114	1	R
57	59	19	1	R
57	59	89	3	L
59	114	4	3	L
59	114	86	1	R
114	4	58	3	L
114	4	117	1	R
114	4	25	3	L
4	58	52	3	L
4	58	17	3	L
4	58	94	3	L
4	58	23	3	L
58	52	44	3	L
58	52	80	3	L
58	52	70	3	L
52	44	72	1	R
52	44	13	1	R
52	44	78	1	R
52	44	71	3	L
44	72	5	1	R
44	72	75	1	R
72	5	113	1	R
72	5	9	3	L
72	5	8	1	R
72	5	108	3	L
5	113	89	3	L
5	113	50	3	L
5	113	56	3	L
5	113	25	3	L
113	89	56	3	L
113	89	109	3	L
113	89	33	3	L
113	89	59	1	R
89	56	100	1	R
89	56	32	3	L
89	56	113	3	L
89	56	70	3	L
56	100	55	1	R
56	100	96	1	R
56	100	11	1	R
100	55	34	1	R
100	55	112	3	L
100	55	102	1	R
55	34	94	3	L
55	34	3	3	L
55	34	50	3	L
55	34	67	3	L
55	34	36	3	L
34	94	51	3	L
34	94	47	1	R
34	94	84	3	L
34	94	22	3	L
34	94	76	3	L
34	94	115	3	L
94	51	21	3	L
94	51	85	3	L
94	51	92	1	R
51	21	42	1	R
51	21	59	3	L
51	21	16	3	L
51	21	88	1	R
21	42	95	1	R
21	42	38	3	L
42	95	30	1	R
42	95	53	1	R
95	30	28	1	R
95	30	55	1	R
95	30	63	1	R
95	30	11	1	R
30	28	1	3	L
30	28	77	1	R
30	28	84	3	L
30	28	69	3	L
28	1	24	0	O
28	1	22	0	O
28	1	119	0	O
28	1	48	0	O
28	1	50	0	O
1	24	25	1	R
1	24	107	3	L
1	24	119	1	R
1	24	7	1	R
1	24	104	3	L
24	25	26	1	R
24	25	48	1	R
24	25	86	1	R
24	25	4	1	R
24	25	113	1	R
25	26	65	3	L
25	26	88	3	L
26	65	115	1	R
26	65	74	1	R
26	65	119	3	L
65	115	112	3	L
65	115	82	3	L
65	115	94	3	L
115	112	19	3	L
115	112	14	3	L
115	112	76	3	L
112	19	79	3	L
112	19	81	3	L
112	19	43	3	L
19	79	73	3	L
19	79	45	3	L
79	73	62	3	L
79	73	87	3	L
79	73	70	1	R
73	62	9	3	L
73	62	57	3	L
73	62	98	3	L
62	9	90	3	L
62	9	54	1	R
62	9	22	3	L
62	9	61	3	L
9	90	8	3	L
9	90	72	3	L
9	90	62	3	L
9	90	116	3	L
90	8	93	1	R
90	8	116	3	L
90	8	5	3	L
8	93	92	1	R
8	93	49	3	L
93	92	60	1	R
93	92	66	1	R
93	92	68	1	R
93	92	51	3	L
92	60	91	3	L
92	60	111	3	L
92	60	38	3	L
60	91	47	3	L
60	91	42	3	L
60	91	22	3	L
91	47	61	3	L
91	47	76	3	L
91	47	86	3	L
91	47	2	1	R
91	47	117	3	L
47	61	86	3	L
47	61	106	3	L
47	61	9	1	R
47	61	40	1	R
61	86	38	3	L
61	86	44	3	L
86	38	14	3	L
86	38	36	3	L
86	38	99	3	L
86	38	60	1	R
86	38	41	3	L
38	14	85	3	L
38	14	115	3	L
14	85	49	3	L
14	85	11	1	R
85	49	3	3	L
85	49	60	1	R
49	3	18	3	L
49	3	98	1	R
3	18	46	3	L
3	18	8	3	L
3	18	107	3	L
3	18	117	3	L
18	46	75	3	L
18	46	119	3	L
18	46	17	3	L
46	75	69	1	R
46	75	68	1	R
46	75	43	1	R
75	69	53	3	L
75	69	56	3	L
75	69	28	1	R
69	53	37	1	R
69	53	99	3	L
69	53	89	3	L
69	53	48	3	L
53	37	102	1	R
53	37	46	1	R
53	37	108	3	L
53	37	111	3	L
37	102	104	1	R
37	102	16	1	R
37	102	14	1	R
37	102	55	1	R
102	104	41	1	R
102	104	71	3	L
102	104	24	1	R
104	41	16	3	L
104	41	103	1	R
104	41	38	1	R
41	16	13	3	L
41	16	108	3	L
16	13	45	1	R
16	13	30	3	L
16	13	49	3	L
13	45	29	3	L
13	45	37	1	R
13	45	74	3	L
13	45	103	3	L
13	45	68	1	R
13	45	108	3	L
45	29	17	3	L
45	29	26	1	R
45	29	96	3	L
45	29	97	1	R
45	29	98	3	L
29	17	119	1	R
29	17	79	3	L
29	17	46	1	R
17	119	39	1	R
17	119	95	1	R
17	119	1	1	R
17	119	96	1	R
17	119	65	1	R
17	119	24	1	R
119	39	2	1	R
119	39	69	3	L
39	2	106	3	L
39	2	93	3	L
39	2	47	1	R
39	2	71	3	L
2	106	71	3	L
2	106	34	3	L
106	71	111	3	L
106	71	27	3	L
106	71	2	3	L
106	71	44	3	L
71	111	43	1	R
71	111	6	1	R
71	111	93	3	L
71	111	37	1	R
111	43	35	3	L
111	43	118	3	L
111	43	84	1	R
111	43	75	3	L
111	43	19	1	R
111	43	87	1	R
43	35	120	3	L
43	35	94	1	R
35	120	109	3	L
35	120	35	10000	U
120	109	99	3	L
120	109	39	3	L
120	109	10	3	L
109	99	6	3	L
109	99	12	3	L
109	99	38	1	R
109	99	7	3	L
109	99	68	1	R
99	6	108	1	R
99	6	110	3	L
99	6	64	1	R
6	108	31	1	R
6	108	91	1	R
6	108	37	1	R
6	108	118	1	R
6	108	5	1	R
6	108	45	1	R
108	31	96	1	R
108	31	97	3	L
31	96	32	1	R
31	96	41	1	R
31	96	119	3	L
96	32	76	3	L
96	32	84	3	L
32	76	40	1	R
32	76	18	1	R
32	76	112	3	L
32	76	50	3	L
32	76	67	3	L
32	76	87	3	L
32	76	82	1	R
32	76	94	3	L
76	40	81	1	R
76	40	78	1	R
76	40	70	1	R
76	40	61	3	L
40	81	118	1	R
40	81	102	3	L
81	118	12	3	L
81	118	105	1	R
81	118	108	3	L
81	118	98	1	R
81	118	97	3	L
118	12	64	1	R
118	12	43	3	L
118	12	78	3	L
12	64	67	1	R
12	64	51	3	L
12	64	6	1	R
64	67	48	3	L
64	67	100	1	R
64	67	34	1	R
64	67	76	1	R
67	48	50	1	R
67	48	28	3	L
67	48	53	1	R
67	48	1	3	L
48	50	77	1	R
48	50	23	3	L
48	50	112	1	R
48	50	6	1	R
48	50	34	1	R
48	50	76	1	R
48	50	1	1	R
50	77	78	1	R
50	77	61	3	L
50	77	10	3	L
77	78	15	1	R
77	78	92	3	L
77	78	44	1	R
77	78	84	1	R
78	15	10	3	L
78	15	67	3	L
78	15	97	1	R
15	10	20	3	L
15	10	7	3	L
15	10	109	3	L
15	10	77	3	L
10	20	110	1	R
10	20	15	3	L
20	110	103	1	R
20	110	33	3	L
110	103	33	1	R
110	103	65	1	R
110	103	79	3	L
110	103	83	3	L
110	103	45	1	R
103	33	63	3	L
103	33	4	3	L
103	33	89	3	L
33	63	7	3	L
33	63	29	3	L
33	63	30	1	R
63	7	74	1	R
63	7	70	3	L
63	7	99	3	L
63	7	24	3	L
7	74	22	1	R
7	74	62	3	L
74	22	27	1	R
74	22	31	1	R
74	22	91	1	R
74	22	94	1	R
22	27	68	3	L
22	27	113	3	L
27	68	84	3	L
27	68	40	1	R
27	68	12	3	L
27	68	54	3	L
27	68	45	3	L
27	68	99	1	R
68	84	36	1	R
68	84	83	1	R
68	84	94	3	L
68	84	78	3	L
68	84	43	3	L
99	12	64	1	R
99	12	43	3	L
99	12	78	3	L
12	43	35	3	L
12	43	118	3	L
12	43	84	1	R
12	43	75	3	L
12	43	19	1	R
12	43	87	1	R
43	118	12	3	L
43	118	105	3	L
43	118	108	1	R
43	118	98	3	L
43	118	97	1	R
118	105	97	3	L
118	105	2	3	L
105	2	106	3	L
105	2	93	3	L
105	2	47	3	L
105	2	71	3	L
2	93	92	1	R
2	93	49	3	L
93	49	3	3	L
93	49	60	1	R
49	60	91	3	L
49	60	111	1	R
49	60	38	3	L
60	111	43	1	R
60	111	6	3	L
60	111	93	3	L
60	111	37	1	R
111	6	108	1	R
111	6	110	3	L
111	6	64	1	R
6	110	103	3	L
6	110	33	1	R
110	33	63	3	L
110	33	4	3	L
110	33	89	3	L
33	4	58	3	L
33	4	117	1	R
33	4	25	3	L
4	117	101	1	R
4	117	5	1	R
4	117	40	1	R
4	117	47	1	R
4	117	18	1	R
117	5	113	1	R
117	5	9	3	L
117	5	8	1	R
117	5	108	1	R
5	9	90	3	L
5	9	54	3	L
5	9	22	3	L
5	9	61	3	L
9	54	82	1	R
9	54	21	1	R
9	54	68	3	L
54	21	42	3	L
54	21	59	3	L
54	21	16	3	L
54	21	88	3	L
21	59	114	1	R
21	59	19	3	L
21	59	89	3	L
59	19	79	3	L
59	19	81	3	L
59	19	43	3	L
19	81	118	3	L
19	81	102	1	R
81	102	104	3	L
81	102	16	3	L
81	102	14	3	L
81	102	55	3	L
102	16	13	3	L
102	16	108	3	L
16	108	31	3	L
16	108	91	3	L
16	108	37	3	L
16	108	118	3	L
16	108	5	3	L
16	108	45	1	R
108	91	47	3	L
108	91	42	1	R
108	91	22	1	R
91	42	95	1	R
91	42	38	1	R
42	38	14	3	L
42	38	36	3	L
42	38	99	3	L
42	38	60	1	R
42	38	41	3	L
38	36	66	3	L
38	36	101	3	L
38	36	34	3	L
36	101	83	3	L
36	101	73	1	R
101	73	62	3	L
101	73	87	1	R
101	73	70	1	R
73	87	11	3	L
73	87	63	3	L
73	87	76	3	L
73	87	43	3	L
87	63	7	1	R
87	63	29	3	L
87	63	30	1	R
63	29	17	3	L
63	29	26	1	R
63	29	96	3	L
63	29	97	1	R
63	29	98	3	L
29	26	65	1	R
29	26	88	1	R
26	88	80	3	L
26	88	89	1	R
26	88	21	3	L
88	89	56	1	R
88	89	109	1	R
88	89	33	1	R
88	89	59	1	R
89	109	99	3	L
89	109	39	3	L
89	109	10	3	L
109	39	2	1	R
109	39	69	3	L
39	69	53	3	L
39	69	56	3	L
39	69	28	1	R
69	56	100	1	R
69	56	32	3	L
69	56	113	3	L
69	56	70	3	L
56	32	76	3	L
56	32	84	3	L
32	84	36	1	R
32	84	83	3	L
32	84	94	3	L
32	84	78	3	L
32	84	43	3	L
84	83	116	1	R
84	83	90	3	L
84	83	103	3	L
84	83	98	1	R
83	90	8	3	L
83	90	72	3	L
83	90	62	3	L
83	90	116	3	L
90	72	5	3	L
90	72	75	3	L
72	75	69	1	R
72	75	68	1	R
72	75	43	1	R
75	68	84	1	R
75	68	40	1	R
75	68	12	1	R
75	68	54	1	R
75	68	45	1	R
75	68	99	3	L
68	40	81	3	L
68	40	78	3	L
68	40	70	3	L
68	40	61	3	L
40	78	15	1	R
40	78	92	1	R
40	78	44	1	R
40	78	84	1	R
78	92	60	3	L
78	92	66	3	L
78	92	68	1	R
78	92	51	3	L
92	66	70	3	L
92	66	10	1	R
66	10	20	1	R
66	10	7	3	L
66	10	109	1	R
66	10	77	1	R
10	7	74	1	R
10	7	70	3	L
10	7	99	3	L
10	7	24	3	L
7	70	107	3	L
7	70	64	3	L
7	70	73	3	L
7	70	40	3	L
7	70	52	1	R
7	70	56	1	R
70	64	67	3	L
70	64	51	3	L
70	64	6	3	L
64	51	21	3	L
64	51	85	3	L
64	51	92	3	L
51	85	49	3	L
51	85	11	3	L
85	11	54	1	R
85	11	52	1	R
85	11	100	1	R
85	11	30	1	R
11	52	44	3	L
11	52	80	3	L
11	52	70	3	L
52	80	105	3	L
52	80	25	3	L
80	25	26	1	R
80	25	48	1	R
80	25	86	1	R
80	25	4	1	R
80	25	113	1	R
25	48	50	1	R
25	48	28	3	L
25	48	53	3	L
25	48	1	3	L
48	28	1	3	L
48	28	77	1	R
48	28	84	3	L
48	28	69	3	L
28	77	78	1	R
28	77	61	3	L
28	77	10	3	L
77	61	86	3	L
77	61	106	3	L
77	61	9	3	L
77	61	40	3	L
61	106	71	1	R
61	106	34	3	L
106	34	94	3	L
106	34	3	3	L
106	34	50	3	L
106	34	67	3	L
106	34	36	3	L
34	3	18	3	L
34	3	98	1	R
3	98	23	3	L
3	98	1	1	R
3	98	118	1	R
3	98	62	1	R
3	98	29	1	R
3	98	83	1	R
98	1	24	0	O
98	1	22	0	O
98	1	119	0	O
98	1	48	0	O
98	1	50	0	O
1	22	27	1	R
1	22	31	1	R
1	22	91	3	L
1	22	94	1	R
22	31	96	1	R
22	31	97	3	L
31	97	98	1	R
31	97	20	3	L
31	97	29	3	L
31	97	15	3	L
31	97	118	3	L
97	20	110	3	L
97	20	15	3	L
20	15	10	3	L
20	15	67	3	L
20	15	97	3	L
15	67	48	3	L
15	67	100	1	R
15	67	34	1	R
15	67	76	1	R
67	100	55	1	R
67	100	96	3	L
67	100	11	1	R
100	96	32	3	L
100	96	41	3	L
100	96	119	1	R
96	41	16	3	L
96	41	103	3	L
96	41	38	1	R
41	103	33	3	L
41	103	65	1	R
41	103	79	3	L
41	103	83	3	L
41	103	45	1	R
103	65	115	3	L
103	65	74	3	L
103	65	119	1	R
65	74	22	1	R
65	74	62	3	L
74	62	9	3	L
74	62	57	3	L
74	62	98	3	L
62	57	59	3	L
62	57	114	3	L
57	114	4	3	L
57	114	86	1	R
114	86	38	3	L
114	86	44	3	L
86	44	72	3	L
86	44	13	3	L
86	44	78	1	R
86	44	71	3	L
44	13	45	1	R
44	13	30	1	R
44	13	49	1	R
13	30	28	1	R
13	30	55	3	L
13	30	63	3	L
13	30	11	3	L
30	55	34	3	L
30	55	112	3	L
30	55	102	3	L
55	112	19	3	L
55	112	14	3	L
55	112	76	3	L
112	14	85	1	R
112	14	115	3	L
14	115	112	3	L
14	115	82	3	L
14	115	94	3	L
115	82	88	1	R
115	82	104	3	L
115	82	76	1	R
82	104	41	1	R
82	104	71	3	L
82	104	24	3	L
104	71	111	3	L
104	71	27	3	L
104	71	2	3	L
104	71	44	3	L
71	27	68	3	L
71	27	113	3	L
27	113	89	3	L
27	113	50	3	L
27	113	56	3	L
27	113	25	3	L
113	50	77	3	L
113	50	23	3	L
113	50	112	1	R
113	50	6	1	R
113	50	34	1	R
113	50	76	1	R
113	50	1	1	R
50	23	117	3	L
50	23	120	3	L
50	23	58	3	L
23	120	109	3	L
23	120	35	1	R
120	35	120	10000	U
120	35	94	1	R
35	94	51	1	R
35	94	47	1	R
35	94	84	1	R
35	94	22	1	R
35	94	76	1	R
35	94	115	1	R
94	47	61	1	R
94	47	76	1	R
94	47	86	1	R
94	47	2	1	R
94	47	117	1	R
47	76	40	1	R
47	76	18	1	R
47	76	112	3	L
47	76	50	1	R
47	76	67	1	R
47	76	87	3	L
47	76	82	1	R
47	76	94	1	R
76	18	46	1	R
76	18	8	3	L
76	18	107	3	L
76	18	117	3	L
18	8	93	3	L
18	8	116	3	L
18	8	5	3	L
8	116	57	1	R
8	116	24	3	L
8	116	90	3	L
116	24	25	1	R
116	24	107	3	L
116	24	119	1	R
116	24	7	1	R
116	24	104	3	L
24	107	87	3	L
24	107	58	3	L
24	107	18	1	R
107	58	52	3	L
107	58	17	3	L
107	58	94	3	L
107	58	23	3	L
58	17	119	1	R
58	17	79	1	R
58	17	46	1	R
17	79	73	3	L
17	79	45	3	L
79	45	29	3	L
79	45	37	1	R
79	45	74	3	L
79	45	103	3	L
79	45	68	1	R
79	45	108	3	L
45	37	102	1	R
45	37	46	1	R
45	37	108	1	R
45	37	111	1	R
37	46	75	1	R
37	46	119	3	L
37	46	17	1	R
46	119	39	3	L
46	119	95	3	L
46	119	1	3	L
46	119	96	3	L
46	119	65	3	L
46	119	24	3	L
119	95	30	1	R
119	95	53	1	R
95	53	37	3	L
95	53	99	3	L
95	53	89	1	R
95	53	48	3	L
53	99	6	3	L
53	99	12	3	L
53	99	38	1	R
53	99	7	3	L
53	99	68	1	R
50	112	19	3	L
50	112	14	1	R
50	112	76	1	R
53	89	56	3	L
53	89	109	3	L
53	89	33	1	R
53	89	59	1	R
50	6	108	1	R
50	6	110	1	R
50	6	64	1	R
9	22	27	3	L
9	22	31	3	L
9	22	91	3	L
9	22	94	3	L
13	49	3	3	L
13	49	60	1	R
21	16	13	3	L
21	16	108	3	L
58	94	51	3	L
58	94	47	1	R
58	94	84	1	R
58	94	22	3	L
58	94	76	3	L
58	94	115	3	L
45	74	22	1	R
45	74	62	3	L
12	78	15	3	L
12	78	92	3	L
12	78	44	1	R
12	78	84	1	R
90	62	9	3	L
90	62	57	3	L
90	62	98	3	L
68	12	64	1	R
68	12	43	3	L
68	12	78	3	L
25	86	38	3	L
25	86	44	1	R
103	79	73	3	L
103	79	45	3	L
111	93	92	1	R
111	93	49	3	L
47	86	38	1	R
47	86	44	1	R
28	84	36	3	L
28	84	83	3	L
28	84	94	3	L
28	84	78	3	L
28	84	43	3	L
117	40	81	1	R
117	40	78	1	R
117	40	70	1	R
117	40	61	1	R
92	68	84	1	R
92	68	40	3	L
92	68	12	1	R
92	68	54	1	R
92	68	45	3	L
92	68	99	3	L
29	96	32	3	L
29	96	41	3	L
29	96	119	1	R
102	14	85	3	L
102	14	115	3	L
50	34	94	1	R
50	34	3	1	R
50	34	50	10000	U
50	34	67	1	R
50	34	36	1	R
34	50	77	3	L
34	50	23	3	L
34	50	112	3	L
34	50	6	3	L
34	50	34	10000	U
34	50	76	3	L
34	50	1	3	L
76	112	19	3	L
76	112	14	1	R
76	112	76	10000	U
112	76	40	1	R
112	76	18	1	R
112	76	112	10000	U
112	76	50	1	R
112	76	67	1	R
112	76	87	1	R
112	76	82	1	R
112	76	94	1	R
48	53	37	3	L
48	53	99	3	L
48	53	89	1	R
48	53	48	10000	U
53	48	50	1	R
53	48	28	3	L
53	48	53	10000	U
53	48	1	3	L
37	108	31	3	L
37	108	91	3	L
37	108	37	10000	U
37	108	118	3	L
37	108	5	3	L
37	108	45	1	R
108	37	102	1	R
108	37	46	1	R
108	37	108	10000	U
108	37	111	1	R
91	22	27	1	R
91	22	31	1	R
91	22	91	10000	U
91	22	94	1	R
22	91	47	3	L
22	91	42	3	L
22	91	22	10000	U
25	4	58	3	L
25	4	117	1	R
25	4	25	10000	U
4	25	26	3	L
4	25	48	3	L
4	25	86	1	R
4	25	4	10000	U
4	25	113	1	R
99	38	14	1	R
99	38	36	1	R
99	38	99	10000	U
99	38	60	1	R
99	38	41	3	L
38	99	6	3	L
38	99	12	3	L
38	99	38	10000	U
38	99	7	3	L
38	99	68	1	R
33	89	56	3	L
33	89	109	3	L
33	89	33	10000	U
33	89	59	1	R
89	33	63	3	L
89	33	4	3	L
89	33	89	10000	U
73	70	107	1	R
73	70	64	3	L
73	70	73	10000	U
73	70	40	3	L
73	70	52	1	R
73	70	56	1	R
70	73	62	3	L
70	73	87	3	L
70	73	70	10000	U
103	83	116	1	R
103	83	90	3	L
103	83	103	10000	U
103	83	98	1	R
83	103	33	1	R
83	103	65	1	R
83	103	79	3	L
83	103	83	10000	U
83	103	45	1	R
59	89	56	3	L
59	89	109	3	L
59	89	33	3	L
59	89	59	10000	U
89	59	114	1	R
89	59	19	1	R
89	59	89	10000	U
69	28	1	1	R
69	28	77	1	R
69	28	84	3	L
69	28	69	10000	U
28	69	53	3	L
28	69	56	3	L
28	69	28	10000	U
84	94	51	3	L
84	94	47	1	R
84	94	84	10000	U
84	94	22	3	L
84	94	76	3	L
84	94	115	3	L
94	84	36	1	R
94	84	83	1	R
94	84	94	10000	U
94	84	78	3	L
94	84	43	3	L
113	56	100	1	R
113	56	32	3	L
113	56	113	10000	U
113	56	70	3	L
56	113	89	3	L
56	113	50	1	R
56	113	56	10000	U
56	113	25	3	L
113	25	26	3	L
113	25	48	3	L
113	25	86	1	R
113	25	4	3	L
113	25	113	10000	U
25	113	89	3	L
25	113	50	1	R
25	113	56	1	R
25	113	25	10000	U
63	30	28	1	R
63	30	55	1	R
63	30	63	10000	U
63	30	11	1	R
30	63	7	3	L
30	63	29	3	L
30	63	30	10000	U
40	70	107	1	R
40	70	64	1	R
40	70	73	1	R
40	70	40	10000	U
40	70	52	1	R
40	70	56	1	R
70	40	81	3	L
70	40	78	3	L
70	40	70	10000	U
70	40	61	3	L
90	116	57	1	R
90	116	24	3	L
90	116	90	10000	U
116	90	8	3	L
116	90	72	1	R
116	90	62	3	L
116	90	116	10000	U
10	109	99	3	L
10	109	39	3	L
10	109	10	10000	U
109	10	20	1	R
109	10	7	3	L
109	10	109	10000	U
109	10	77	1	R
60	38	14	3	L
60	38	36	3	L
60	38	99	3	L
60	38	60	10000	U
60	38	41	3	L
38	60	91	1	R
38	60	111	1	R
38	60	38	10000	U
118	108	31	3	L
118	108	91	3	L
118	108	37	1	R
118	108	118	10000	U
118	108	5	3	L
118	108	45	1	R
108	118	12	1	R
108	118	105	1	R
108	118	108	10000	U
108	118	98	1	R
108	118	97	3	L
98	118	12	3	L
98	118	105	3	L
98	118	108	3	L
98	118	98	10000	U
98	118	97	1	R
118	98	23	3	L
118	98	1	1	R
118	98	118	10000	U
118	98	62	1	R
118	98	29	1	R
118	98	83	1	R
100	11	54	1	R
100	11	52	1	R
100	11	100	10000	U
100	11	30	1	R
11	100	55	3	L
11	100	96	3	L
11	100	11	10000	U
2	47	61	1	R
2	47	76	1	R
2	47	86	1	R
2	47	2	10000	U
2	47	117	1	R
47	2	106	3	L
47	2	93	3	L
47	2	47	10000	U
47	2	71	3	L
1	119	39	1	R
1	119	95	3	L
1	119	1	10000	U
1	119	96	3	L
1	119	65	3	L
1	119	24	3	L
119	1	24	0	O
119	1	22	0	O
119	1	119	0	O
119	1	48	0	O
119	1	50	0	O
47	117	101	3	L
47	117	5	1	R
47	117	40	1	R
47	117	47	10000	U
47	117	18	1	R
117	47	61	1	R
117	47	76	1	R
117	47	86	1	R
117	47	2	3	L
117	47	117	10000	U
34	67	48	3	L
34	67	100	1	R
34	67	34	10000	U
34	67	76	3	L
67	34	94	3	L
67	34	3	3	L
67	34	50	3	L
67	34	67	10000	U
67	34	36	1	R
61	9	90	3	L
61	9	54	1	R
61	9	22	3	L
61	9	61	10000	U
9	61	86	3	L
9	61	106	3	L
9	61	9	10000	U
9	61	40	3	L
71	2	106	3	L
71	2	93	3	L
71	2	47	1	R
71	2	71	10000	U
2	71	111	1	R
2	71	27	3	L
2	71	2	10000	U
2	71	44	3	L
97	29	17	3	L
97	29	26	1	R
97	29	96	3	L
97	29	97	10000	U
97	29	98	3	L
29	97	98	1	R
29	97	20	3	L
29	97	29	10000	U
29	97	15	1	R
29	97	118	1	R
76	50	77	3	L
76	50	23	3	L
76	50	112	1	R
76	50	6	1	R
76	50	34	1	R
76	50	76	10000	U
76	50	1	3	L
50	76	40	1	R
50	76	18	1	R
50	76	112	3	L
50	76	50	10000	U
50	76	67	3	L
50	76	87	3	L
50	76	82	1	R
50	76	94	1	R
7	99	6	3	L
7	99	12	3	L
7	99	38	1	R
7	99	7	10000	U
7	99	68	1	R
99	7	74	1	R
99	7	70	3	L
99	7	99	10000	U
99	7	24	3	L
58	23	117	3	L
58	23	120	1	R
58	23	58	10000	U
23	58	52	3	L
23	58	17	3	L
23	58	94	1	R
23	58	23	10000	U
45	103	33	3	L
45	103	65	3	L
45	103	79	3	L
45	103	83	3	L
45	103	45	10000	U
103	45	29	3	L
103	45	37	1	R
103	45	74	3	L
103	45	103	10000	U
103	45	68	1	R
103	45	108	3	L
15	97	98	1	R
15	97	20	3	L
15	97	29	3	L
15	97	15	10000	U
15	97	118	1	R
97	15	10	3	L
97	15	67	3	L
97	15	97	10000	U
51	92	60	1	R
51	92	66	1	R
51	92	68	1	R
51	92	51	10000	U
92	51	21	3	L
92	51	85	3	L
92	51	92	10000	U
98	62	9	1	R
98	62	57	3	L
98	62	98	10000	U
62	98	23	3	L
62	98	1	3	L
62	98	118	3	L
62	98	62	10000	U
62	98	29	3	L
62	98	83	3	L
78	44	72	1	R
78	44	13	1	R
78	44	78	10000	U
78	44	71	3	L
44	78	15	3	L
44	78	92	3	L
44	78	44	10000	U
44	78	84	1	R
8	5	113	3	L
8	5	9	3	L
8	5	8	10000	U
8	5	108	3	L
5	8	93	3	L
5	8	116	3	L
5	8	5	10000	U
97	118	12	1	R
97	118	105	3	L
97	118	108	1	R
97	118	98	3	L
97	118	97	10000	U
118	97	98	1	R
118	97	20	3	L
118	97	29	3	L
118	97	15	3	L
118	97	118	10000	U
30	11	54	3	L
30	11	52	3	L
30	11	100	3	L
30	11	30	10000	U
11	30	28	1	R
11	30	55	3	L
11	30	63	3	L
11	30	11	10000	U
54	68	84	3	L
54	68	40	3	L
54	68	12	3	L
54	68	54	10000	U
54	68	45	3	L
54	68	99	3	L
68	54	82	1	R
68	54	21	1	R
68	54	68	10000	U
96	119	39	1	R
96	119	95	1	R
96	119	1	1	R
96	119	96	10000	U
96	119	65	1	R
96	119	24	3	L
119	96	32	3	L
119	96	41	1	R
119	96	119	10000	U
78	84	36	1	R
78	84	83	1	R
78	84	94	1	R
78	84	78	10000	U
78	84	43	1	R
84	78	15	3	L
84	78	92	3	L
84	78	44	3	L
84	78	84	10000	U
108	5	113	1	R
108	5	9	3	L
108	5	8	1	R
108	5	108	10000	U
5	108	31	3	L
5	108	91	3	L
5	108	37	1	R
5	108	118	1	R
5	108	5	10000	U
5	108	45	1	R
48	1	24	0	O
48	1	22	0	O
48	1	119	0	O
48	1	48	0	O
48	1	50	0	O
1	48	50	1	R
1	48	28	3	L
1	48	53	1	R
1	48	1	10000	U
65	119	39	1	R
65	119	95	3	L
65	119	1	1	R
65	119	96	3	L
65	119	65	10000	U
65	119	24	3	L
119	65	115	3	L
119	65	74	3	L
119	65	119	10000	U
34	36	66	1	R
34	36	101	3	L
34	36	34	10000	U
36	34	94	3	L
36	34	3	3	L
36	34	50	3	L
36	34	67	3	L
36	34	36	10000	U
68	45	29	3	L
68	45	37	1	R
68	45	74	3	L
68	45	103	3	L
68	45	68	10000	U
68	45	108	3	L
45	68	84	1	R
45	68	40	3	L
45	68	12	1	R
45	68	54	1	R
45	68	45	10000	U
45	68	99	3	L
88	21	42	3	L
88	21	59	3	L
88	21	16	3	L
88	21	88	10000	U
21	88	80	1	R
21	88	89	1	R
21	88	21	10000	U
107	18	46	1	R
107	18	8	1	R
107	18	107	10000	U
107	18	117	3	L
18	107	87	3	L
18	107	58	3	L
18	107	18	10000	U
22	94	51	3	L
22	94	47	1	R
22	94	84	1	R
22	94	22	10000	U
22	94	76	1	R
22	94	115	1	R
94	22	27	3	L
94	22	31	3	L
94	22	91	3	L
94	22	94	10000	U
43	84	36	1	R
43	84	83	1	R
43	84	94	1	R
43	84	78	3	L
43	84	43	10000	U
84	43	35	3	L
84	43	118	3	L
84	43	84	10000	U
84	43	75	3	L
84	43	19	1	R
84	43	87	1	R
67	76	40	1	R
67	76	18	1	R
67	76	112	3	L
67	76	50	1	R
67	76	67	10000	U
67	76	87	3	L
67	76	82	1	R
67	76	94	1	R
76	67	48	3	L
76	67	100	1	R
76	67	34	1	R
76	67	76	10000	U
29	98	23	3	L
29	98	1	1	R
29	98	118	3	L
29	98	62	1	R
29	98	29	10000	U
29	98	83	3	L
98	29	17	3	L
98	29	26	1	R
98	29	96	3	L
98	29	97	1	R
98	29	98	10000	U
75	43	35	1	R
75	43	118	1	R
75	43	84	1	R
75	43	75	10000	U
75	43	19	1	R
75	43	87	1	R
43	75	69	3	L
43	75	68	3	L
43	75	43	10000	U
71	44	72	3	L
71	44	13	3	L
71	44	78	1	R
71	44	71	10000	U
44	71	111	1	R
44	71	27	3	L
44	71	2	1	R
44	71	44	10000	U
55	102	104	1	R
55	102	16	3	L
55	102	14	1	R
55	102	55	10000	U
102	55	34	3	L
102	55	112	3	L
102	55	102	10000	U
45	108	31	3	L
45	108	91	3	L
45	108	37	3	L
45	108	118	3	L
45	108	5	3	L
45	108	45	10000	U
108	45	29	3	L
108	45	37	1	R
108	45	74	3	L
108	45	103	1	R
108	45	68	1	R
108	45	108	10000	U
41	38	14	1	R
41	38	36	1	R
41	38	99	1	R
41	38	60	1	R
41	38	41	10000	U
38	41	16	3	L
38	41	103	3	L
38	41	38	10000	U
76	87	11	3	L
76	87	63	3	L
76	87	76	10000	U
76	87	43	3	L
87	76	40	1	R
87	76	18	1	R
87	76	112	3	L
87	76	50	1	R
87	76	67	1	R
87	76	87	10000	U
87	76	82	1	R
87	76	94	1	R
99	68	84	1	R
99	68	40	1	R
99	68	12	1	R
99	68	54	1	R
99	68	45	1	R
99	68	99	10000	U
68	99	6	3	L
68	99	12	3	L
68	99	38	3	L
68	99	7	3	L
68	99	68	10000	U
76	82	88	1	R
76	82	104	3	L
76	82	76	10000	U
82	76	40	1	R
82	76	18	3	L
82	76	112	3	L
82	76	50	3	L
82	76	67	3	L
82	76	87	3	L
82	76	82	10000	U
82	76	94	3	L
83	98	23	3	L
83	98	1	1	R
83	98	118	3	L
83	98	62	1	R
83	98	29	1	R
83	98	83	10000	U
98	83	116	3	L
98	83	90	1	R
98	83	103	3	L
98	83	98	10000	U
76	94	51	3	L
76	94	47	1	R
76	94	84	1	R
76	94	22	3	L
76	94	76	10000	U
76	94	115	3	L
94	76	40	1	R
94	76	18	1	R
94	76	112	3	L
94	76	50	3	L
94	76	67	3	L
94	76	87	3	L
94	76	82	1	R
94	76	94	10000	U
18	117	101	3	L
18	117	5	3	L
18	117	40	3	L
18	117	47	3	L
18	117	18	10000	U
117	18	46	1	R
117	18	8	1	R
117	18	107	1	R
117	18	117	10000	U
70	52	44	1	R
70	52	80	1	R
70	52	70	10000	U
52	70	107	3	L
52	70	64	3	L
52	70	73	3	L
52	70	40	3	L
52	70	52	10000	U
52	70	56	3	L
50	1	24	0	O
50	1	22	0	O
50	1	119	0	O
50	1	48	0	O
50	1	50	0	O
1	50	77	3	L
1	50	23	3	L
1	50	112	1	R
1	50	6	1	R
1	50	34	1	R
1	50	76	1	R
1	50	1	10000	U
24	119	39	1	R
24	119	95	1	R
24	119	1	1	R
24	119	96	1	R
24	119	65	1	R
24	119	24	10000	U
119	24	25	1	R
119	24	107	3	L
119	24	119	10000	U
119	24	7	3	L
119	24	104	3	L
10	77	78	1	R
10	77	61	3	L
10	77	10	10000	U
77	10	20	3	L
77	10	7	3	L
77	10	109	3	L
77	10	77	10000	U
61	40	81	1	R
61	40	78	1	R
61	40	70	1	R
61	40	61	10000	U
40	61	86	3	L
40	61	106	3	L
40	61	9	1	R
40	61	40	10000	U
94	115	112	3	L
94	115	82	1	R
94	115	94	10000	U
115	94	51	3	L
115	94	47	1	R
115	94	84	1	R
115	94	22	3	L
115	94	76	1	R
115	94	115	10000	U
46	17	119	1	R
46	17	79	1	R
46	17	46	10000	U
17	46	75	1	R
17	46	119	3	L
17	46	17	10000	U
56	70	107	3	L
56	70	64	3	L
56	70	73	3	L
56	70	40	3	L
56	70	52	1	R
56	70	56	10000	U
70	56	100	1	R
70	56	32	1	R
70	56	113	1	R
70	56	70	10000	U
24	7	74	1	R
24	7	70	3	L
24	7	99	1	R
24	7	24	10000	U
7	24	25	1	R
7	24	107	3	L
7	24	119	1	R
7	24	7	10000	U
7	24	104	3	L
64	6	108	3	L
64	6	110	3	L
64	6	64	10000	U
6	64	67	1	R
6	64	51	3	L
6	64	6	10000	U
43	19	79	3	L
43	19	81	1	R
43	19	43	10000	U
19	43	35	3	L
19	43	118	3	L
19	43	84	3	L
19	43	75	3	L
19	43	19	10000	U
19	43	87	1	R
87	43	35	3	L
87	43	118	3	L
87	43	84	3	L
87	43	75	3	L
87	43	19	3	L
87	43	87	10000	U
43	87	11	1	R
43	87	63	1	R
43	87	76	1	R
43	87	43	10000	U
24	104	41	1	R
24	104	71	3	L
24	104	24	10000	U
104	24	25	1	R
104	24	107	1	R
104	24	119	1	R
104	24	7	1	R
104	24	104	10000	U
37	111	43	3	L
37	111	6	3	L
37	111	93	3	L
37	111	37	10000	U
111	37	102	1	R
111	37	46	1	R
111	37	108	3	L
111	37	111	10000	U
