Name:			p12
#Vehicles:		21
Capacity:		570
Depot:			1
#Nodes:			140
#Edges:			80
#Arcs:			330
#Required-N:	0
#Required-E:	80
#Required-A:	330
#Nb-Turns:		1830

----------NODES----------
INDEX	QTY	IS-REQUIRED	X	Y
1	0	0	94.10	79.80
2	0	0	177.41	76.11
3	0	0	67.48	32.89
4	0	0	196.48	72.25
5	0	0	86.44	86.86
6	0	0	0.55	85.55
7	0	0	135.92	136.17
8	0	0	162.43	117.25
9	0	0	130.61	81.96
10	0	0	102.24	40.62
11	0	0	182.27	62.84
12	0	0	127.61	17.17
13	0	0	182.28	22.1
14	0	0	157.37	102.38
15	0	0	162.79	77.29
16	0	0	148.97	59.46
17	0	0	91.31	41.65
18	0	0	90.90	22.11
19	0	0	34.59	95.42
20	0	0	120.55	66.0
21	0	0	131.32	92.12
22	0	0	36.74	4.72
23	0	0	83.82	109.80
24	0	0	174.10	62.7
25	0	0	130.45	30.25
26	0	0	194.20	156.21
27	0	0	155.35	42.18
28	0	0	136.20	70.41
29	0	0	201.61	84.46
30	0	0	119.40	20.55
31	0	0	141.58	61.43
32	0	0	25.86	73.71
33	0	0	166.62	146.74
34	0	0	61.27	55.62
35	0	0	79.97	54.34
36	0	0	73.78	51.39
37	0	0	74.0	103.9
38	0	0	60.36	93.82
39	0	0	186.76	86.16
40	0	0	146.92	20.84
41	0	0	96.40	106.1
42	0	0	122.10	84.74
43	0	0	54.25	74.63
44	0	0	63.80	128.0
45	0	0	140.39	90.29
46	0	0	95.20	154.2
47	0	0	164.2	14.42
48	0	0	97.30	120.33
49	0	0	110.84	88.18
50	0	0	126.89	109.75
51	0	0	180.36	54.40
52	0	0	117.23	15.4
53	0	0	117.78	47.83
54	0	0	100.73	161.2
55	0	0	92.53	169.51
56	0	0	133.26	75.79
57	0	0	194.28	49.33
58	0	0	123.73	165.75
59	0	0	138.32	12.82
60	0	0	118.18	182.80
61	0	0	149.76	146.62
62	0	0	101.4	109.81
63	0	0	117.8	119.19
64	0	0	53.36	66.96
65	0	0	102.94	85.44
66	0	0	127.72	44.21
67	0	0	39.84	51.12
68	0	0	70.19	20.87
69	0	0	48.20	29.84
70	0	0	154.23	123.76
71	0	0	129.76	102.10
72	0	0	104.76	60.84
73	0	0	117.56	155.69
74	0	0	149.5	15.12
75	0	0	91.7	35.35
76	0	0	152.19	71.24
77	0	0	100.25	16.28
78	0	0	117.26	9.41
79	0	0	142.3	4.74
80	0	0	107.58	180.16
81	0	0	84.99	134.75
82	0	0	125.41	124.8
83	0	0	170.44	34.52
84	0	0	47.32	80.4
85	0	0	138.42	31.76
86	0	0	135.40	166.37
87	0	0	76.43	92.88
88	0	0	49.34	100.32
89	0	0	104.12	99.44
90	0	0	127.18	59.46
91	0	0	55.39	47.52
92	0	0	153.34	134.49
93	0	0	82.29	73.18
94	0	0	152.12	95.2
95	0	0	86.89	52.93
96	0	0	96.36	126.57
97	0	0	87.20	6.76
98	0	0	182.97	128.54
99	0	0	146.11	26.33
100	0	0	46.25	125.61
101	0	0	89.58	119.96
102	0	0	63.17	95.5
103	0	0	20.92	159.2
104	0	0	164.16	93.23
105	0	0	111.61	105.57
106	0	0	160.36	66.64
107	0	0	104.6	32.51
108	0	0	167.76	54.17
109	0	0	73.56	72.17
110	0	0	63.65	61.56
111	0	0	143.84	89.23
112	0	0	152.61	0.55
113	0	0	55.33	84.87
114	0	0	61.17	57.20
115	0	0	170.42	114.64
116	0	0	182.46	85.38
117	0	0	119.38	54.56
118	0	0	106.30	150.76
119	0	0	61.99	82.27
120	0	0	54.14	39.97
121	0	0	156.9	27.18
122	0	0	51.81	52.90
123	0	0	133.35	107.55
124	0	0	93.20	73.27
125	0	0	197.98	98.50
126	0	0	168.11	71.58
127	0	0	53.75	75.28
128	0	0	165.33	43.2
129	0	0	162.67	126.41
130	0	0	69.30	52.52
131	0	0	134.45	53.47
132	0	0	82.24	13.88
133	0	0	98.67	62.80
134	0	0	117.65	81.79
135	0	0	139.82	120.92
136	0	0	113.28	79.39
137	0	0	126.28	35.63
138	0	0	135.80	195.13
139	0	0	112.34	49.76
140	0	0	104.26	49.24

----------EDGES----------
INDEX-I	INDEX-J	QTY	IS-REQUIRED	TR-COST
103	19	34	1	53
72	49	42	1	84
44	55	41	1	75
23	50	44	1	40
10	57	10	1	63
7	37	27	1	72
77	107	30	1	15
128	76	25	1	55
118	72	27	1	82
127	84	45	1	9
18	36	15	1	56
121	128	17	1	34
11	73	17	1	79
119	12	44	1	100
89	10	13	1	70
42	35	24	1	41
83	47	13	1	60
49	136	15	1	11
86	89	43	1	67
21	49	15	1	21
95	30	7	1	44
87	95	41	1	38
135	138	16	1	89
92	135	30	1	20
24	25	49	1	50
58	62	36	1	52
140	134	23	1	23
133	3	5	1	35
91	20	13	1	77
51	89	50	1	75
93	100	41	1	65
128	129	37	1	59
81	62	41	1	75
26	60	25	1	77
75	43	24	1	43
133	8	40	1	56
37	34	48	1	59
21	45	49	1	9
108	16	15	1	21
109	72	18	1	96
2	99	43	1	54
125	24	19	1	47
43	127	30	1	1
60	61	50	1	45
71	41	12	1	57
56	135	39	1	37
118	50	23	1	49
59	126	14	1	79
78	113	49	1	70
28	95	15	1	56
109	34	18	1	77
128	68	45	1	73
40	75	6	1	66
97	124	30	1	62
45	30	18	1	69
1	124	44	1	8
95	109	15	1	66
59	74	30	1	12
12	20	38	1	67
94	7	17	1	42
85	112	29	1	76
56	137	28	1	64
91	67	49	1	14
116	134	13	1	47
42	55	43	1	69
72	21	17	1	88
105	40	49	1	56
121	117	40	1	53
129	27	15	1	86
2	115	7	1	34
96	119	47	1	51
11	121	48	1	55
111	116	21	1	97
137	24	27	1	65
25	66	47	1	20
38	46	23	1	63
96	90	9	1	79
115	64	19	1	81
24	28	32	1	40
99	42	47	1	50

-----------ARCS----------
INDEX-I	INDEX-J	QTY	IS-REQUIRED	TR-COST
100	95	16	1	79
95	67	5	1	49
67	122	34	1	17
122	110	30	1	26
110	62	34	1	69
62	41	28	1	7
41	102	19	1	38
102	137	29	1	70
137	85	16	1	16
85	107	6	1	35
107	10	45	1	12
10	21	44	1	72
21	133	11	1	35
133	109	22	1	39
109	136	14	1	46
136	31	45	1	31
31	38	43	1	87
38	114	15	1	32
114	6	13	1	62
6	55	17	1	100
55	125	44	1	93
125	40	39	1	67
40	17	30	1	49
17	68	8	1	63
68	35	29	1	28
35	101	21	1	67
101	50	35	1	45
50	65	32	1	35
65	113	44	1	71
113	19	32	1	29
19	127	50	1	25
127	130	49	1	27
130	88	33	1	66
88	91	27	1	47
91	83	22	1	68
83	4	10	1	42
4	39	50	1	22
39	94	37	1	29
94	16	28	1	44
16	131	15	1	21
131	66	32	1	14
66	53	22	1	10
53	139	48	1	6
139	44	38	1	62
44	118	33	1	54
118	42	6	1	57
42	124	27	1	74
124	93	25	1	11
93	69	10	1	72
69	72	35	1	47
72	120	32	1	78
120	64	49	1	25
64	119	18	1	18
119	5	11	1	27
5	56	7	1	40
56	13	42	1	50
13	12	21	1	53
12	18	31	1	42
18	140	23	1	25
140	52	8	1	52
52	76	12	1	50
76	2	22	1	30
2	47	7	1	73
47	98	40	1	93
98	115	39	1	18
115	96	18	1	74
96	82	39	1	31
82	58	38	1	37
58	73	44	1	75
73	46	16	1	24
46	54	43	1	34
54	138	20	1	58
138	63	27	1	59
63	75	40	1	64
75	99	7	1	43
99	121	10	1	16
121	78	35	1	43
78	116	23	1	77
116	26	24	1	92
26	129	41	1	65
129	20	48	1	67
20	48	45	1	52
48	135	39	1	38
135	15	15	1	65
15	27	5	1	56
27	11	35	1	28
11	9	46	1	55
9	25	22	1	62
25	106	15	1	37
106	14	18	1	29
14	61	25	1	49
61	126	23	1	67
126	71	29	1	50
71	92	21	1	52
92	90	6	1	66
90	112	17	1	103
112	79	29	1	14
79	51	41	1	60
51	36	45	1	72
36	3	22	1	21
3	37	46	1	80
37	59	31	1	68
59	43	37	1	94
43	32	23	1	24
32	22	14	1	87
22	87	34	1	72
87	81	22	1	70
81	89	45	1	40
89	34	46	1	61
34	132	35	1	35
132	97	35	1	10
97	77	37	1	16
77	30	30	1	69
30	7	17	1	96
7	84	41	1	97
84	86	24	1	93
86	23	48	1	74
23	134	36	1	33
134	123	35	1	25
123	1	12	1	53
1	8	43	1	86
8	117	50	1	85
117	28	24	1	22
28	57	22	1	61
57	104	20	1	84
104	128	26	1	59
128	74	28	1	62
74	29	38	1	82
29	49	10	1	74
49	70	16	1	66
70	33	50	1	33
33	108	45	1	77
108	24	42	1	58
24	111	30	1	53
111	45	11	1	4
45	105	6	1	57
105	80	7	1	54
80	60	28	1	13
60	103	40	1	82
103	100	49	1	59
91	25	7	1	53
25	2	24	1	49
2	92	29	1	62
92	87	32	1	87
87	105	30	1	33
105	71	20	1	22
71	134	5	1	23
134	42	27	1	7
42	9	5	1	10
9	72	36	1	28
72	4	29	1	92
4	50	44	1	54
50	28	29	1	31
28	131	42	1	19
131	24	9	1	57
24	89	38	1	61
89	90	11	1	73
90	129	26	1	65
129	61	26	1	22
61	100	16	1	72
100	103	38	1	59
103	55	25	1	88
55	26	5	1	90
26	51	23	1	72
51	47	50	1	54
47	11	11	1	85
11	39	24	1	26
39	10	47	1	80
10	95	35	1	21
95	63	7	1	62
63	21	45	1	28
21	127	31	1	90
127	45	20	1	90
45	82	23	1	47
82	137	12	1	53
137	12	46	1	17
12	22	32	1	90
22	109	6	1	75
109	93	22	1	10
93	113	33	1	50
113	32	31	1	33
32	69	40	1	63
69	3	20	1	43
3	43	9	1	88
43	119	32	1	105
119	122	18	1	36
122	56	43	1	57
56	29	38	1	61
29	116	39	1	20
116	1	18	1	82
1	98	44	1	102
98	33	26	1	25
33	86	32	1	36
86	60	44	1	83
60	94	39	1	71
94	111	25	1	10
111	74	50	1	49
74	18	12	1	68
18	120	21	1	40
120	20	28	1	54
20	104	15	1	50
104	57	9	1	84
57	115	8	1	57
115	8	30	1	9
8	70	22	1	11
70	96	9	1	62
96	35	19	1	54
35	68	49	1	28
68	75	11	1	51
75	132	31	1	30
132	52	25	1	29
52	78	31	1	7
78	97	20	1	45
97	27	34	1	68
27	66	36	1	23
66	112	41	1	70
112	40	47	1	18
40	135	22	1	97
135	107	23	1	80
107	140	36	1	14
140	31	29	1	71
31	16	16	1	8
16	30	5	1	46
30	139	10	1	44
139	110	49	1	41
110	64	39	1	16
64	19	24	1	74
19	67	42	1	39
67	6	41	1	48
6	101	35	1	90
101	102	20	1	58
102	38	45	1	4
38	54	33	1	76
54	37	17	1	68
37	44	18	1	30
44	80	44	1	76
80	118	16	1	73
118	58	33	1	29
58	138	43	1	50
138	7	16	1	67
7	123	13	1	30
123	125	11	1	62
125	128	42	1	85
128	77	22	1	56
77	106	41	1	82
106	126	21	1	10
126	13	13	1	67
13	85	31	1	56
85	99	38	1	11
99	53	31	1	61
53	117	16	1	8
117	124	16	1	29
124	15	36	1	50
15	83	11	1	44
83	79	15	1	69
79	59	34	1	9
59	41	45	1	67
41	81	29	1	80
81	14	25	1	65
14	48	29	1	53
48	46	13	1	55
46	76	34	1	71
76	136	23	1	52
136	73	35	1	84
73	62	41	1	48
62	121	31	1	63
121	108	29	1	58
108	84	6	1	90
84	88	13	1	88
88	23	15	1	87
23	5	11	1	72
5	133	15	1	29
133	17	21	1	21
17	130	48	1	27
130	49	32	1	58
49	65	5	1	9
65	36	19	1	35
36	114	34	1	14
114	34	32	1	2
34	91	46	1	12
109	68	14	1	69
111	51	37	1	83
31	113	12	1	65
130	110	39	1	61
88	114	43	1	35
86	58	16	1	15
109	12	22	1	82
34	20	38	1	76
69	89	40	1	68
119	132	37	1	59
111	47	10	1	94
29	27	42	1	93
23	19	14	1	41
90	130	29	1	46
26	73	27	1	89
33	104	50	1	64
9	66	9	1	58
20	131	45	1	19
88	70	45	1	69
81	140	11	1	63
8	14	9	1	73
44	109	5	1	80
101	48	21	1	9
119	48	25	1	45
31	37	43	1	83
108	126	42	1	27
82	41	20	1	53
33	113	5	1	85
59	85	26	1	86
72	14	47	1	82
80	87	46	1	84
99	47	29	1	19
85	90	33	1	29
25	52	47	1	18
50	54	12	1	43
64	43	26	1	97
100	88	13	1	25
97	22	23	1	52
129	89	7	1	75
40	93	42	1	89
106	16	9	1	14
49	123	12	1	34
9	104	28	1	30
36	68	13	1	104
101	85	30	1	77
98	129	44	1	31
44	100	6	1	45
10	122	28	1	45
101	124	38	1	45
72	99	47	1	58

----------TURNS----------
INDEX-I	INDEX-J INDEX-K	COST TYPE
100	95	67	3	L
100	95	63	1	R
100	95	30	1	R
100	95	87	3	L
100	95	28	1	R
100	95	109	1	R
95	67	122	1	R
95	67	6	1	R
95	67	91	1	R
67	122	110	3	L
67	122	56	3	L
122	110	62	3	L
122	110	64	1	R
110	62	41	1	R
110	62	121	1	R
110	62	58	3	L
110	62	81	1	R
62	41	102	1	R
62	41	81	1	R
62	41	71	1	R
41	102	137	3	L
41	102	38	1	R
102	137	85	1	R
102	137	12	3	L
102	137	56	1	R
102	137	24	1	R
137	85	107	1	R
137	85	99	3	L
137	85	90	3	L
137	85	112	1	R
85	107	10	1	R
85	107	140	1	R
85	107	77	1	R
107	10	21	1	R
107	10	95	1	R
107	10	122	3	L
107	10	57	3	L
107	10	89	1	R
10	21	133	3	L
10	21	127	3	L
10	21	49	3	L
10	21	45	3	L
10	21	72	1	R
21	133	109	1	R
21	133	17	3	L
21	133	3	3	L
21	133	8	3	L
133	109	136	1	R
133	109	93	3	L
133	109	68	3	L
133	109	12	3	L
133	109	72	3	L
133	109	34	1	R
133	109	95	3	L
109	136	31	3	L
109	136	73	1	R
109	136	49	1	R
136	31	38	3	L
136	31	16	1	R
136	31	113	3	L
136	31	37	3	L
31	38	114	3	L
31	38	54	1	R
31	38	46	1	R
38	114	6	3	L
38	114	34	1	R
114	6	55	1	R
114	6	101	1	R
6	55	125	3	L
6	55	26	1	R
6	55	44	1	R
6	55	42	1	R
55	125	40	3	L
55	125	128	3	L
55	125	24	3	L
125	40	17	3	L
125	40	135	3	L
125	40	93	3	L
125	40	75	3	L
125	40	105	3	L
40	17	68	3	L
40	17	130	3	L
17	68	35	1	R
17	68	75	3	L
17	68	128	1	R
68	35	101	3	L
68	35	68	10000	U
68	35	42	1	R
35	101	50	1	R
35	101	102	1	R
35	101	48	3	L
35	101	85	1	R
35	101	124	3	L
101	50	65	1	R
101	50	28	1	R
101	50	54	1	R
101	50	23	3	L
101	50	118	3	L
50	65	113	3	L
50	65	36	1	R
65	113	19	3	L
65	113	32	3	L
65	113	78	1	R
113	19	127	1	R
113	19	67	1	R
113	19	103	1	R
19	127	130	3	L
19	127	45	1	R
19	127	84	3	L
19	127	43	3	L
127	130	88	3	L
127	130	49	3	L
127	130	110	3	L
130	88	91	1	R
130	88	23	1	R
130	88	114	1	R
130	88	70	1	R
88	91	83	1	R
88	91	25	1	R
88	91	20	1	R
88	91	67	1	R
91	83	4	1	R
91	83	79	1	R
91	83	47	3	L
83	4	39	3	L
83	4	50	1	R
4	39	94	3	L
4	39	10	3	L
39	94	16	1	R
39	94	111	3	L
39	94	7	1	R
94	16	131	3	L
94	16	30	3	L
94	16	108	1	R
16	131	66	3	L
16	131	24	3	L
131	66	53	1	R
131	66	112	1	R
131	66	25	1	R
66	53	139	1	R
66	53	117	3	L
53	139	44	3	L
53	139	110	3	L
139	44	118	3	L
139	44	80	1	R
139	44	109	1	R
139	44	100	3	L
139	44	55	1	R
44	118	42	3	L
44	118	58	1	R
44	118	72	3	L
44	118	50	3	L
118	42	124	1	R
118	42	9	1	R
118	42	35	1	R
118	42	55	1	R
118	42	99	1	R
42	124	93	3	L
42	124	15	1	R
42	124	97	3	L
42	124	1	1	R
124	93	69	3	L
124	93	113	1	R
124	93	100	3	L
93	69	72	1	R
93	69	3	3	L
93	69	89	3	L
69	72	120	1	R
69	72	4	1	R
69	72	14	1	R
69	72	99	1	R
69	72	49	1	R
69	72	118	1	R
69	72	109	1	R
69	72	21	1	R
72	120	64	1	R
72	120	20	3	L
120	64	119	1	R
120	64	19	1	R
120	64	43	1	R
120	64	115	1	R
64	119	5	1	R
64	119	122	1	R
64	119	132	1	R
64	119	48	1	R
64	119	12	1	R
64	119	96	1	R
119	5	56	1	R
119	5	133	3	L
5	56	13	3	L
5	56	29	3	L
5	56	135	1	R
5	56	137	3	L
56	13	12	1	R
56	13	85	1	R
13	12	18	1	R
13	12	22	1	R
13	12	119	1	R
13	12	20	1	R
12	18	140	1	R
12	18	120	1	R
12	18	36	1	R
18	140	52	3	L
18	140	31	1	R
18	140	134	3	L
140	52	76	1	R
140	52	78	1	R
52	76	2	1	R
52	76	136	3	L
52	76	128	3	L
76	2	47	1	R
76	2	92	1	R
76	2	99	1	R
76	2	115	3	L
2	47	98	3	L
2	47	11	1	R
2	47	83	1	R
47	98	115	1	R
47	98	33	3	L
47	98	129	3	L
98	115	96	1	R
98	115	8	3	L
98	115	2	1	R
98	115	64	1	R
115	96	82	3	L
115	96	35	3	L
115	96	119	1	R
115	96	90	3	L
96	82	58	3	L
96	82	137	1	R
96	82	41	3	L
82	58	73	1	R
82	58	138	1	R
82	58	62	1	R
58	73	46	1	R
58	73	62	3	L
58	73	11	1	R
73	46	54	3	L
73	46	76	1	R
73	46	38	1	R
46	54	138	1	R
46	54	37	1	R
54	138	63	3	L
54	138	7	3	L
54	138	135	3	L
138	63	75	1	R
138	63	21	1	R
63	75	99	1	R
63	75	132	3	L
63	75	43	1	R
63	75	40	3	L
75	99	121	1	R
75	99	53	1	R
75	99	47	3	L
75	99	2	1	R
75	99	42	1	R
99	121	78	1	R
99	121	108	1	R
99	121	128	1	R
99	121	117	1	R
99	121	11	1	R
121	78	116	1	R
121	78	97	1	R
121	78	113	3	L
78	116	26	3	L
78	116	1	1	R
78	116	134	3	L
78	116	111	3	L
116	26	129	1	R
116	26	51	1	R
116	26	73	3	L
116	26	60	3	L
26	129	20	1	R
26	129	61	1	R
26	129	89	1	R
26	129	128	1	R
26	129	27	1	R
129	20	48	1	R
129	20	104	3	L
129	20	131	1	R
129	20	91	1	R
129	20	12	3	L
20	48	135	3	L
20	48	46	1	R
48	135	15	3	L
48	135	107	3	L
48	135	138	3	L
48	135	92	3	L
48	135	56	3	L
135	15	27	3	L
135	15	83	1	R
15	27	11	1	R
15	27	66	3	L
15	27	129	1	R
27	11	9	1	R
27	11	39	1	R
27	11	73	1	R
27	11	121	1	R
11	9	25	1	R
11	9	72	3	L
11	9	66	1	R
11	9	104	1	R
9	25	106	3	L
9	25	2	1	R
9	25	52	3	L
9	25	24	1	R
9	25	66	3	L
25	106	14	3	L
25	106	126	3	L
25	106	16	1	R
106	14	61	3	L
106	14	48	3	L
14	61	126	3	L
14	61	100	3	L
14	61	60	3	L
61	126	71	1	R
61	126	13	1	R
61	126	59	1	R
126	71	92	1	R
126	71	134	1	R
126	71	41	1	R
71	92	90	3	L
71	92	87	3	L
71	92	135	1	R
92	90	112	3	L
92	90	129	3	L
92	90	130	3	L
92	90	96	3	L
90	112	79	3	L
90	112	40	3	L
90	112	85	1	R
112	79	51	3	L
112	79	59	1	R
79	51	36	1	R
79	51	47	1	R
79	51	89	1	R
51	36	3	3	L
51	36	114	1	R
51	36	68	3	L
51	36	18	3	L
36	3	37	3	L
36	3	43	3	L
36	3	133	3	L
3	37	59	3	L
3	37	44	3	L
3	37	7	3	L
3	37	34	3	L
37	59	43	3	L
37	59	41	1	R
37	59	85	3	L
37	59	126	3	L
37	59	74	3	L
59	43	32	3	L
59	43	119	1	R
59	43	75	3	L
59	43	127	3	L
43	32	22	3	L
43	32	69	3	L
32	22	87	1	R
32	22	109	3	L
22	87	81	1	R
22	87	105	1	R
22	87	95	1	R
87	81	89	3	L
87	81	14	3	L
87	81	140	3	L
87	81	62	1	R
81	89	34	3	L
81	89	90	3	L
81	89	10	3	L
81	89	86	3	L
81	89	51	3	L
89	34	132	1	R
89	34	91	1	R
89	34	20	1	R
89	34	37	1	R
89	34	109	1	R
34	132	97	3	L
34	132	52	1	R
132	97	77	3	L
132	97	27	3	L
132	97	22	3	L
132	97	124	1	R
97	77	30	1	R
97	77	106	3	L
97	77	107	1	R
77	30	7	1	R
77	30	139	1	R
77	30	95	3	L
77	30	45	1	R
30	7	84	1	R
30	7	123	1	R
30	7	37	1	R
30	7	94	3	L
7	84	86	1	R
7	84	88	1	R
7	84	127	1	R
84	86	23	1	R
84	86	60	3	L
84	86	58	1	R
84	86	89	3	L
86	23	134	1	R
86	23	5	1	R
86	23	19	1	R
86	23	50	1	R
23	134	123	1	R
23	134	42	1	R
23	134	140	3	L
23	134	116	3	L
134	123	1	3	L
134	123	125	1	R
123	1	8	0	O
123	1	98	0	O
123	1	124	0	O
1	8	117	3	L
1	8	70	3	L
1	8	14	1	R
1	8	133	3	L
8	117	28	3	L
8	117	124	3	L
8	117	121	3	L
117	28	57	3	L
117	28	131	1	R
117	28	95	1	R
117	28	24	3	L
28	57	104	1	R
28	57	115	1	R
28	57	10	1	R
57	104	128	1	R
57	104	57	10000	U
104	128	74	1	R
104	128	77	1	R
104	128	76	1	R
104	128	121	3	L
104	128	129	1	R
104	128	68	3	L
128	74	29	1	R
128	74	18	1	R
128	74	59	1	R
74	29	49	1	R
74	29	116	1	R
74	29	27	1	R
29	49	70	1	R
29	49	65	1	R
29	49	123	1	R
29	49	72	1	R
29	49	136	1	R
29	49	21	1	R
49	70	33	3	L
49	70	96	3	L
70	33	108	3	L
70	33	86	3	L
70	33	104	3	L
70	33	113	3	L
33	108	24	3	L
33	108	84	3	L
33	108	126	3	L
33	108	16	3	L
108	24	111	3	L
108	24	89	1	R
108	24	25	1	R
108	24	125	1	R
108	24	137	1	R
108	24	28	1	R
24	111	45	3	L
24	111	74	1	R
24	111	51	3	L
24	111	47	3	L
24	111	116	3	L
111	45	105	3	L
111	45	82	3	L
111	45	21	3	L
111	45	30	3	L
45	105	80	1	R
45	105	71	3	L
45	105	40	3	L
105	80	60	3	L
105	80	118	1	R
105	80	87	3	L
80	60	103	3	L
80	60	94	3	L
80	60	26	3	L
80	60	61	3	L
60	103	100	3	L
60	103	55	1	R
60	103	19	1	R
103	100	95	3	L
103	100	103	10000	U
103	100	88	3	L
103	100	93	3	L
91	25	106	3	L
91	25	2	3	L
91	25	52	3	L
91	25	24	3	L
91	25	66	3	L
25	2	47	1	R
25	2	92	1	R
25	2	99	1	R
25	2	115	1	R
2	92	90	3	L
2	92	87	3	L
2	92	135	1	R
92	87	81	3	L
92	87	105	3	L
92	87	95	1	R
87	105	80	3	L
87	105	71	1	R
87	105	40	1	R
105	71	92	3	L
105	71	134	1	R
105	71	41	1	R
71	134	123	3	L
71	134	42	3	L
71	134	140	1	R
71	134	116	1	R
134	42	124	1	R
134	42	9	1	R
134	42	35	1	R
134	42	55	1	R
134	42	99	1	R
42	9	25	1	R
42	9	72	3	L
42	9	66	1	R
42	9	104	3	L
9	72	120	3	L
9	72	4	3	L
9	72	14	1	R
9	72	99	1	R
9	72	49	3	L
9	72	118	3	L
9	72	109	1	R
9	72	21	3	L
72	4	39	3	L
72	4	50	3	L
4	50	65	1	R
4	50	28	1	R
4	50	54	1	R
4	50	23	3	L
4	50	118	3	L
50	28	57	1	R
50	28	131	3	L
50	28	95	3	L
50	28	24	1	R
28	131	66	1	R
28	131	24	3	L
131	24	111	3	L
131	24	89	3	L
131	24	25	3	L
131	24	125	1	R
131	24	137	1	R
131	24	28	3	L
24	89	34	1	R
24	89	90	3	L
24	89	10	3	L
24	89	86	1	R
24	89	51	3	L
89	90	112	3	L
89	90	129	3	L
89	90	130	3	L
89	90	96	3	L
90	129	20	3	L
90	129	61	1	R
90	129	89	3	L
90	129	128	3	L
90	129	27	3	L
129	61	126	1	R
129	61	100	1	R
129	61	60	1	R
61	100	95	3	L
61	100	103	1	R
61	100	88	3	L
61	100	93	3	L
100	103	100	10000	U
100	103	55	1	R
100	103	19	1	R
103	55	125	3	L
103	55	26	1	R
103	55	44	1	R
103	55	42	1	R
55	26	129	1	R
55	26	51	1	R
55	26	73	1	R
55	26	60	3	L
26	51	36	3	L
26	51	47	1	R
26	51	89	1	R
51	47	98	1	R
51	47	11	1	R
51	47	83	1	R
47	11	9	1	R
47	11	39	3	L
47	11	73	1	R
47	11	121	1	R
11	39	94	1	R
11	39	10	3	L
39	10	21	3	L
39	10	95	1	R
39	10	122	3	L
39	10	57	3	L
39	10	89	1	R
10	95	67	1	R
10	95	63	1	R
10	95	30	1	R
10	95	87	3	L
10	95	28	1	R
10	95	109	1	R
95	63	75	1	R
95	63	21	1	R
63	21	133	1	R
63	21	127	1	R
63	21	49	3	L
63	21	45	3	L
63	21	72	1	R
21	127	130	3	L
21	127	45	1	R
21	127	84	3	L
21	127	43	3	L
127	45	105	1	R
127	45	82	1	R
127	45	21	1	R
127	45	30	3	L
45	82	58	3	L
45	82	137	1	R
45	82	41	3	L
82	137	85	1	R
82	137	12	3	L
82	137	56	1	R
82	137	24	3	L
137	12	18	3	L
137	12	22	3	L
137	12	119	3	L
137	12	20	3	L
12	22	87	1	R
12	22	109	3	L
22	109	136	1	R
22	109	93	3	L
22	109	68	3	L
22	109	12	3	L
22	109	72	3	L
22	109	34	3	L
22	109	95	3	L
109	93	69	3	L
109	93	113	1	R
109	93	100	3	L
93	113	19	3	L
93	113	32	3	L
93	113	78	3	L
113	32	22	3	L
113	32	69	3	L
32	69	72	1	R
32	69	3	3	L
32	69	89	3	L
69	3	37	3	L
69	3	43	3	L
69	3	133	3	L
3	43	32	3	L
3	43	119	3	L
3	43	75	3	L
3	43	127	1	R
43	119	5	3	L
43	119	122	1	R
43	119	132	1	R
43	119	48	3	L
43	119	12	1	R
43	119	96	3	L
119	122	110	1	R
119	122	56	1	R
122	56	13	3	L
122	56	29	3	L
122	56	135	1	R
122	56	137	3	L
56	29	49	3	L
56	29	116	1	R
56	29	27	3	L
29	116	26	1	R
29	116	1	1	R
29	116	134	1	R
29	116	111	1	R
116	1	8	0	O
116	1	98	0	O
116	1	124	0	O
1	98	115	1	R
1	98	33	3	L
1	98	129	1	R
98	33	108	3	L
98	33	86	3	L
98	33	104	3	L
98	33	113	3	L
33	86	23	3	L
33	86	60	3	L
33	86	58	3	L
33	86	89	3	L
86	60	103	3	L
86	60	94	1	R
86	60	26	1	R
86	60	61	3	L
60	94	16	3	L
60	94	111	3	L
60	94	7	1	R
94	111	45	3	L
94	111	74	3	L
94	111	51	3	L
94	111	47	3	L
94	111	116	3	L
111	74	29	1	R
111	74	18	1	R
111	74	59	1	R
74	18	140	3	L
74	18	120	1	R
74	18	36	1	R
18	120	64	1	R
18	120	20	3	L
120	20	48	1	R
120	20	104	3	L
120	20	131	1	R
120	20	91	3	L
120	20	12	3	L
20	104	128	3	L
20	104	57	3	L
104	57	104	10000	U
104	57	115	1	R
104	57	10	1	R
57	115	96	1	R
57	115	8	1	R
57	115	2	1	R
57	115	64	1	R
115	8	117	1	R
115	8	70	1	R
115	8	14	1	R
115	8	133	1	R
8	70	33	1	R
8	70	96	3	L
70	96	82	3	L
70	96	35	3	L
70	96	119	1	R
70	96	90	3	L
96	35	101	3	L
96	35	68	1	R
96	35	42	3	L
35	68	35	10000	U
35	68	75	3	L
35	68	128	1	R
68	75	99	3	L
68	75	132	3	L
68	75	43	3	L
68	75	40	3	L
75	132	97	1	R
75	132	52	3	L
132	52	76	1	R
132	52	78	1	R
52	78	116	1	R
52	78	97	1	R
52	78	113	3	L
78	97	77	3	L
78	97	27	1	R
78	97	22	3	L
78	97	124	1	R
97	27	11	1	R
97	27	66	3	L
97	27	129	3	L
27	66	53	3	L
27	66	112	3	L
27	66	25	3	L
66	112	79	3	L
66	112	40	3	L
66	112	85	1	R
112	40	17	3	L
112	40	135	3	L
112	40	93	3	L
112	40	75	3	L
112	40	105	3	L
40	135	15	3	L
40	135	107	3	L
40	135	138	3	L
40	135	92	3	L
40	135	56	3	L
135	107	10	1	R
135	107	140	1	R
135	107	77	3	L
107	140	52	1	R
107	140	31	1	R
107	140	134	3	L
140	31	38	1	R
140	31	16	1	R
140	31	113	3	L
140	31	37	1	R
31	16	131	1	R
31	16	30	1	R
31	16	108	1	R
16	30	7	3	L
16	30	139	3	L
16	30	95	3	L
16	30	45	3	L
30	139	44	1	R
30	139	110	1	R
139	110	62	1	R
139	110	64	3	L
110	64	119	1	R
110	64	19	3	L
110	64	43	3	L
110	64	115	1	R
64	19	127	1	R
64	19	67	3	L
64	19	103	3	L
19	67	122	3	L
19	67	6	1	R
19	67	91	1	R
67	6	55	1	R
67	6	101	3	L
6	101	50	3	L
6	101	102	1	R
6	101	48	3	L
6	101	85	3	L
6	101	124	3	L
101	102	137	1	R
101	102	38	3	L
102	38	114	3	L
102	38	54	1	R
102	38	46	1	R
38	54	138	3	L
38	54	37	3	L
54	37	59	3	L
54	37	44	3	L
54	37	7	3	L
54	37	34	3	L
37	44	118	3	L
37	44	80	3	L
37	44	109	3	L
37	44	100	3	L
37	44	55	3	L
44	80	60	3	L
44	80	118	1	R
44	80	87	3	L
80	118	42	1	R
80	118	58	1	R
80	118	72	1	R
80	118	50	1	R
118	58	73	1	R
118	58	138	1	R
118	58	62	1	R
58	138	63	1	R
58	138	7	3	L
58	138	135	1	R
138	7	84	3	L
138	7	123	3	L
138	7	37	1	R
138	7	94	3	L
7	123	1	1	R
7	123	125	3	L
123	125	40	3	L
123	125	128	1	R
123	125	24	3	L
125	128	74	1	R
125	128	77	1	R
125	128	76	1	R
125	128	121	3	L
125	128	129	3	L
125	128	68	3	L
128	77	30	1	R
128	77	106	1	R
128	77	107	1	R
77	106	14	3	L
77	106	126	1	R
77	106	16	1	R
106	126	71	1	R
106	126	13	1	R
106	126	59	1	R
126	13	12	1	R
126	13	85	1	R
13	85	107	3	L
13	85	99	1	R
13	85	90	1	R
13	85	112	3	L
85	99	121	1	R
85	99	53	1	R
85	99	47	3	L
85	99	2	1	R
85	99	42	1	R
99	53	139	3	L
99	53	117	3	L
53	117	28	1	R
53	117	124	3	L
53	117	121	3	L
117	124	93	3	L
117	124	15	3	L
117	124	97	3	L
117	124	1	1	R
124	15	27	3	L
124	15	83	3	L
15	83	4	1	R
15	83	79	1	R
15	83	47	3	L
83	79	51	1	R
83	79	59	3	L
79	59	43	1	R
79	59	41	1	R
79	59	85	1	R
79	59	126	3	L
79	59	74	3	L
59	41	102	3	L
59	41	81	1	R
59	41	71	1	R
41	81	89	3	L
41	81	14	3	L
41	81	140	3	L
41	81	62	1	R
81	14	61	3	L
81	14	48	1	R
14	48	135	3	L
14	48	46	1	R
48	46	54	1	R
48	46	76	3	L
48	46	38	3	L
46	76	2	1	R
46	76	136	3	L
46	76	128	3	L
76	136	31	3	L
76	136	73	3	L
76	136	49	3	L
136	73	46	1	R
136	73	62	3	L
136	73	11	3	L
73	62	41	1	R
73	62	121	3	L
73	62	58	3	L
73	62	81	3	L
62	121	78	1	R
62	121	108	1	R
62	121	128	1	R
62	121	117	1	R
62	121	11	1	R
121	108	24	1	R
121	108	84	1	R
121	108	126	3	L
121	108	16	3	L
108	84	86	3	L
108	84	88	3	L
108	84	127	1	R
84	88	91	1	R
84	88	23	1	R
84	88	114	1	R
84	88	70	1	R
88	23	134	3	L
88	23	5	3	L
88	23	19	1	R
88	23	50	1	R
23	5	56	3	L
23	5	133	3	L
5	133	109	1	R
5	133	17	3	L
5	133	3	1	R
5	133	8	3	L
133	17	68	1	R
133	17	130	1	R
17	130	88	1	R
17	130	49	1	R
17	130	110	1	R
130	49	70	1	R
130	49	65	1	R
130	49	123	1	R
130	49	72	1	R
130	49	136	1	R
130	49	21	1	R
49	65	113	1	R
49	65	36	3	L
65	36	3	3	L
65	36	114	1	R
65	36	68	1	R
65	36	18	1	R
36	114	6	3	L
36	114	34	3	L
114	34	132	1	R
114	34	91	1	R
114	34	20	1	R
114	34	37	1	R
114	34	109	1	R
34	91	83	1	R
34	91	25	1	R
34	91	20	1	R
34	91	67	1	R
109	68	35	3	L
109	68	75	3	L
109	68	128	3	L
111	51	36	3	L
111	51	47	1	R
111	51	89	1	R
31	113	19	3	L
31	113	32	3	L
31	113	78	3	L
130	110	62	1	R
130	110	64	3	L
88	114	6	1	R
88	114	34	1	R
86	58	73	1	R
86	58	138	1	R
86	58	62	3	L
109	12	18	3	L
109	12	22	3	L
109	12	119	3	L
109	12	20	1	R
34	20	48	1	R
34	20	104	3	L
34	20	131	1	R
34	20	91	3	L
34	20	12	3	L
69	89	34	1	R
69	89	90	3	L
69	89	10	3	L
69	89	86	1	R
69	89	51	3	L
119	132	97	3	L
119	132	52	1	R
111	47	98	3	L
111	47	11	3	L
111	47	83	1	R
29	27	11	1	R
29	27	66	3	L
29	27	129	1	R
23	19	127	3	L
23	19	67	1	R
23	19	103	1	R
90	130	88	3	L
90	130	49	3	L
90	130	110	3	L
26	73	46	1	R
26	73	62	3	L
26	73	11	1	R
33	104	128	1	R
33	104	57	1	R
9	66	53	1	R
9	66	112	1	R
9	66	25	1	R
20	131	66	3	L
20	131	24	1	R
88	70	33	3	L
88	70	96	1	R
81	140	52	1	R
81	140	31	1	R
81	140	134	3	L
8	14	61	3	L
8	14	48	1	R
44	109	136	1	R
44	109	93	3	L
44	109	68	3	L
44	109	12	3	L
44	109	72	3	L
44	109	34	1	R
44	109	95	3	L
101	48	135	1	R
101	48	46	3	L
119	48	135	1	R
119	48	46	3	L
31	37	59	3	L
31	37	44	3	L
31	37	7	3	L
31	37	34	3	L
108	126	71	3	L
108	126	13	3	L
108	126	59	3	L
82	41	102	3	L
82	41	81	3	L
82	41	71	3	L
33	113	19	1	R
33	113	32	3	L
33	113	78	1	R
59	85	107	3	L
59	85	99	1	R
59	85	90	1	R
59	85	112	3	L
72	14	61	3	L
72	14	48	1	R
80	87	81	3	L
80	87	105	3	L
80	87	95	1	R
99	47	98	3	L
99	47	11	1	R
99	47	83	1	R
85	90	112	1	R
85	90	129	3	L
85	90	130	1	R
85	90	96	1	R
25	52	76	3	L
25	52	78	1	R
50	54	138	3	L
50	54	37	3	L
64	43	32	3	L
64	43	119	3	L
64	43	75	3	L
64	43	127	1	R
100	88	91	3	L
100	88	23	3	L
100	88	114	3	L
100	88	70	3	L
97	22	87	1	R
97	22	109	3	L
129	89	34	1	R
129	89	90	3	L
129	89	10	3	L
129	89	86	1	R
129	89	51	3	L
40	93	69	3	L
40	93	113	3	L
40	93	100	1	R
106	16	131	1	R
106	16	30	1	R
106	16	108	1	R
49	123	1	1	R
49	123	125	1	R
9	104	128	1	R
9	104	57	1	R
36	68	35	1	R
36	68	75	3	L
36	68	128	1	R
101	85	107	3	L
101	85	99	1	R
101	85	90	1	R
101	85	112	3	L
98	129	20	1	R
98	129	61	3	L
98	129	89	1	R
98	129	128	1	R
98	129	27	1	R
44	100	95	3	L
44	100	103	1	R
44	100	88	3	L
44	100	93	3	L
10	122	110	3	L
10	122	56	3	L
101	124	93	3	L
101	124	15	3	L
101	124	97	3	L
101	124	1	1	R
72	99	121	1	R
72	99	53	1	R
72	99	47	3	L
72	99	2	1	R
72	99	42	1	R
103	19	127	3	L
103	19	67	1	R
103	19	103	10000	U
19	103	100	3	L
19	103	55	3	L
19	103	19	10000	U
72	49	70	3	L
72	49	65	1	R
72	49	123	1	R
72	49	72	10000	U
72	49	136	1	R
72	49	21	1	R
49	72	120	3	L
49	72	4	3	L
49	72	14	1	R
49	72	99	1	R
49	72	49	10000	U
49	72	118	3	L
49	72	109	1	R
49	72	21	3	L
44	55	125	3	L
44	55	26	1	R
44	55	44	10000	U
44	55	42	3	L
55	44	118	3	L
55	44	80	3	L
55	44	109	3	L
55	44	100	3	L
55	44	55	10000	U
23	50	65	3	L
23	50	28	3	L
23	50	54	3	L
23	50	23	10000	U
23	50	118	1	R
50	23	134	3	L
50	23	5	3	L
50	23	19	1	R
50	23	50	10000	U
10	57	104	3	L
10	57	115	1	R
10	57	10	10000	U
57	10	21	1	R
57	10	95	1	R
57	10	122	1	R
57	10	57	10000	U
57	10	89	1	R
7	37	59	3	L
7	37	44	3	L
7	37	7	10000	U
7	37	34	1	R
37	7	84	3	L
37	7	123	3	L
37	7	37	10000	U
37	7	94	3	L
77	107	10	3	L
77	107	140	3	L
77	107	77	10000	U
107	77	30	1	R
107	77	106	3	L
107	77	107	10000	U
128	76	2	1	R
128	76	136	3	L
128	76	128	10000	U
76	128	74	1	R
76	128	77	3	L
76	128	76	10000	U
76	128	121	3	L
76	128	129	3	L
76	128	68	3	L
118	72	120	1	R
118	72	4	1	R
118	72	14	1	R
118	72	99	1	R
118	72	49	1	R
118	72	118	10000	U
118	72	109	1	R
118	72	21	1	R
72	118	42	3	L
72	118	58	1	R
72	118	72	10000	U
72	118	50	3	L
127	84	86	3	L
127	84	88	3	L
127	84	127	10000	U
84	127	130	1	R
84	127	45	1	R
84	127	84	10000	U
84	127	43	1	R
18	36	3	3	L
18	36	114	1	R
18	36	68	1	R
18	36	18	10000	U
36	18	140	3	L
36	18	120	1	R
36	18	36	10000	U
121	128	74	1	R
121	128	77	1	R
121	128	76	1	R
121	128	121	10000	U
121	128	129	1	R
121	128	68	1	R
128	121	78	3	L
128	121	108	1	R
128	121	128	10000	U
128	121	117	1	R
128	121	11	3	L
11	73	46	1	R
11	73	62	3	L
11	73	11	10000	U
73	11	9	1	R
73	11	39	3	L
73	11	73	10000	U
73	11	121	3	L
119	12	18	1	R
119	12	22	1	R
119	12	119	10000	U
119	12	20	1	R
12	119	5	3	L
12	119	122	1	R
12	119	132	3	L
12	119	48	3	L
12	119	12	10000	U
12	119	96	3	L
89	10	21	3	L
89	10	95	1	R
89	10	122	3	L
89	10	57	3	L
89	10	89	10000	U
10	89	34	1	R
10	89	90	3	L
10	89	10	10000	U
10	89	86	1	R
10	89	51	3	L
42	35	101	1	R
42	35	68	3	L
42	35	42	10000	U
35	42	124	3	L
35	42	9	1	R
35	42	35	10000	U
35	42	55	3	L
35	42	99	1	R
83	47	98	3	L
83	47	11	3	L
83	47	83	10000	U
47	83	4	1	R
47	83	79	1	R
47	83	47	10000	U
49	136	31	3	L
49	136	73	1	R
49	136	49	10000	U
136	49	70	3	L
136	49	65	3	L
136	49	123	3	L
136	49	72	3	L
136	49	136	10000	U
136	49	21	3	L
86	89	34	3	L
86	89	90	3	L
86	89	10	3	L
86	89	86	10000	U
86	89	51	3	L
89	86	23	1	R
89	86	60	1	R
89	86	58	1	R
89	86	89	10000	U
21	49	70	3	L
21	49	65	3	L
21	49	123	3	L
21	49	72	3	L
21	49	136	1	R
21	49	21	10000	U
49	21	133	1	R
49	21	127	1	R
49	21	49	10000	U
49	21	45	3	L
49	21	72	1	R
95	30	7	1	R
95	30	139	1	R
95	30	95	10000	U
95	30	45	1	R
30	95	67	3	L
30	95	63	3	L
30	95	30	10000	U
30	95	87	3	L
30	95	28	3	L
30	95	109	3	L
87	95	67	1	R
87	95	63	1	R
87	95	30	1	R
87	95	87	10000	U
87	95	28	1	R
87	95	109	1	R
95	87	81	3	L
95	87	105	3	L
95	87	95	10000	U
135	138	63	3	L
135	138	7	3	L
135	138	135	10000	U
138	135	15	1	R
138	135	107	1	R
138	135	138	10000	U
138	135	92	3	L
138	135	56	1	R
92	135	15	1	R
92	135	107	1	R
92	135	138	1	R
92	135	92	10000	U
92	135	56	1	R
135	92	90	1	R
135	92	87	3	L
135	92	135	10000	U
24	25	106	3	L
24	25	2	3	L
24	25	52	3	L
24	25	24	10000	U
24	25	66	3	L
25	24	111	3	L
25	24	89	1	R
25	24	25	10000	U
25	24	125	1	R
25	24	137	1	R
25	24	28	1	R
58	62	41	1	R
58	62	121	1	R
58	62	58	10000	U
58	62	81	1	R
62	58	73	3	L
62	58	138	3	L
62	58	62	10000	U
140	134	123	3	L
140	134	42	1	R
140	134	140	10000	U
140	134	116	3	L
134	140	52	1	R
134	140	31	1	R
134	140	134	10000	U
133	3	37	1	R
133	3	43	1	R
133	3	133	10000	U
3	133	109	1	R
3	133	17	3	L
3	133	3	10000	U
3	133	8	3	L
91	20	48	1	R
91	20	104	3	L
91	20	131	1	R
91	20	91	10000	U
91	20	12	3	L
20	91	83	3	L
20	91	25	3	L
20	91	20	10000	U
20	91	67	1	R
51	89	34	1	R
51	89	90	3	L
51	89	10	1	R
51	89	86	1	R
51	89	51	10000	U
89	51	36	3	L
89	51	47	1	R
89	51	89	10000	U
93	100	95	1	R
93	100	103	1	R
93	100	88	3	L
93	100	93	10000	U
100	93	69	3	L
100	93	113	3	L
100	93	100	10000	U
128	129	20	1	R
128	129	61	1	R
128	129	89	1	R
128	129	128	10000	U
128	129	27	3	L
129	128	74	1	R
129	128	77	1	R
129	128	76	1	R
129	128	121	3	L
129	128	129	10000	U
129	128	68	3	L
81	62	41	1	R
81	62	121	1	R
81	62	58	3	L
81	62	81	10000	U
62	81	89	3	L
62	81	14	3	L
62	81	140	3	L
62	81	62	10000	U
26	60	103	3	L
26	60	94	1	R
26	60	26	10000	U
26	60	61	3	L
60	26	129	1	R
60	26	51	1	R
60	26	73	1	R
60	26	60	10000	U
75	43	32	3	L
75	43	119	1	R
75	43	75	10000	U
75	43	127	3	L
43	75	99	3	L
43	75	132	3	L
43	75	43	10000	U
43	75	40	3	L
133	8	117	3	L
133	8	70	3	L
133	8	14	1	R
133	8	133	10000	U
8	133	109	3	L
8	133	17	1	R
8	133	3	1	R
8	133	8	10000	U
37	34	132	3	L
37	34	91	1	R
37	34	20	3	L
37	34	37	10000	U
37	34	109	3	L
34	37	59	3	L
34	37	44	3	L
34	37	7	3	L
34	37	34	10000	U
21	45	105	3	L
21	45	82	3	L
21	45	21	10000	U
21	45	30	3	L
45	21	133	1	R
45	21	127	1	R
45	21	49	1	R
45	21	45	10000	U
45	21	72	1	R
108	16	131	3	L
108	16	30	3	L
108	16	108	10000	U
16	108	24	1	R
16	108	84	1	R
16	108	126	1	R
16	108	16	10000	U
109	72	120	3	L
109	72	4	3	L
109	72	14	1	R
109	72	99	1	R
109	72	49	3	L
109	72	118	3	L
109	72	109	10000	U
109	72	21	3	L
72	109	136	1	R
72	109	93	1	R
72	109	68	3	L
72	109	12	3	L
72	109	72	10000	U
72	109	34	1	R
72	109	95	3	L
2	99	121	1	R
2	99	53	1	R
2	99	47	1	R
2	99	2	10000	U
2	99	42	3	L
99	2	47	3	L
99	2	92	3	L
99	2	99	10000	U
99	2	115	1	R
125	24	111	3	L
125	24	89	3	L
125	24	25	3	L
125	24	125	10000	U
125	24	137	3	L
125	24	28	3	L
24	125	40	3	L
24	125	128	1	R
24	125	24	10000	U
43	127	130	3	L
43	127	45	1	R
43	127	84	3	L
43	127	43	10000	U
127	43	32	1	R
127	43	119	3	L
127	43	75	1	R
127	43	127	10000	U
60	61	126	3	L
60	61	100	3	L
60	61	60	10000	U
61	60	103	1	R
61	60	94	1	R
61	60	26	1	R
61	60	61	10000	U
71	41	102	3	L
71	41	81	3	L
71	41	71	10000	U
41	71	92	3	L
41	71	134	3	L
41	71	41	10000	U
56	135	15	1	R
56	135	107	1	R
56	135	138	3	L
56	135	92	3	L
56	135	56	10000	U
135	56	13	3	L
135	56	29	1	R
135	56	135	10000	U
135	56	137	1	R
118	50	65	1	R
118	50	28	1	R
118	50	54	1	R
118	50	23	3	L
118	50	118	10000	U
50	118	42	1	R
50	118	58	1	R
50	118	72	1	R
50	118	50	10000	U
59	126	71	3	L
59	126	13	3	L
59	126	59	10000	U
126	59	43	1	R
126	59	41	1	R
126	59	85	1	R
126	59	126	10000	U
126	59	74	3	L
78	113	19	3	L
78	113	32	3	L
78	113	78	10000	U
113	78	116	1	R
113	78	97	1	R
113	78	113	10000	U
28	95	67	3	L
28	95	63	1	R
28	95	30	1	R
28	95	87	3	L
28	95	28	10000	U
28	95	109	1	R
95	28	57	1	R
95	28	131	3	L
95	28	95	10000	U
95	28	24	1	R
109	34	132	1	R
109	34	91	1	R
109	34	20	1	R
109	34	37	1	R
109	34	109	10000	U
34	109	136	1	R
34	109	93	3	L
34	109	68	3	L
34	109	12	3	L
34	109	72	3	L
34	109	34	10000	U
34	109	95	3	L
128	68	35	3	L
128	68	75	3	L
128	68	128	10000	U
68	128	74	1	R
68	128	77	1	R
68	128	76	1	R
68	128	121	3	L
68	128	129	1	R
68	128	68	10000	U
40	75	99	1	R
40	75	132	1	R
40	75	43	1	R
40	75	40	10000	U
75	40	17	3	L
75	40	135	3	L
75	40	93	3	L
75	40	75	10000	U
75	40	105	3	L
97	124	93	3	L
97	124	15	1	R
97	124	97	10000	U
97	124	1	1	R
124	97	77	3	L
124	97	27	3	L
124	97	22	3	L
124	97	124	10000	U
45	30	7	3	L
45	30	139	1	R
45	30	95	3	L
45	30	45	10000	U
30	45	105	1	R
30	45	82	1	R
30	45	21	1	R
30	45	30	10000	U
1	124	93	3	L
1	124	15	3	L
1	124	97	3	L
1	124	1	10000	U
124	1	8	0	O
124	1	98	0	O
124	1	124	0	O
95	109	136	1	R
95	109	93	1	R
95	109	68	3	L
95	109	12	1	R
95	109	72	1	R
95	109	34	1	R
95	109	95	10000	U
109	95	67	3	L
109	95	63	3	L
109	95	30	1	R
109	95	87	3	L
109	95	28	3	L
109	95	109	10000	U
59	74	29	3	L
59	74	18	3	L
59	74	59	10000	U
74	59	43	1	R
74	59	41	1	R
74	59	85	1	R
74	59	126	1	R
74	59	74	10000	U
12	20	48	1	R
12	20	104	3	L
12	20	131	1	R
12	20	91	1	R
12	20	12	10000	U
20	12	18	3	L
20	12	22	3	L
20	12	119	3	L
20	12	20	10000	U
94	7	84	1	R
94	7	123	1	R
94	7	37	1	R
94	7	94	10000	U
7	94	16	3	L
7	94	111	3	L
7	94	7	10000	U
85	112	79	3	L
85	112	40	3	L
85	112	85	10000	U
112	85	107	3	L
112	85	99	1	R
112	85	90	1	R
112	85	112	10000	U
56	137	85	1	R
56	137	12	3	L
56	137	56	10000	U
56	137	24	3	L
137	56	13	1	R
137	56	29	1	R
137	56	135	3	L
137	56	137	10000	U
91	67	122	1	R
91	67	6	3	L
91	67	91	10000	U
67	91	83	3	L
67	91	25	3	L
67	91	20	3	L
67	91	67	10000	U
116	134	123	3	L
116	134	42	1	R
116	134	140	1	R
116	134	116	10000	U
134	116	26	1	R
134	116	1	1	R
134	116	134	10000	U
134	116	111	1	R
42	55	125	3	L
42	55	26	1	R
42	55	44	1	R
42	55	42	10000	U
55	42	124	3	L
55	42	9	1	R
55	42	35	1	R
55	42	55	10000	U
55	42	99	1	R
72	21	133	3	L
72	21	127	3	L
72	21	49	3	L
72	21	45	3	L
72	21	72	10000	U
21	72	120	1	R
21	72	4	1	R
21	72	14	1	R
21	72	99	1	R
21	72	49	1	R
21	72	118	3	L
21	72	109	1	R
21	72	21	10000	U
105	40	17	3	L
105	40	135	3	L
105	40	93	3	L
105	40	75	1	R
105	40	105	10000	U
40	105	80	1	R
40	105	71	1	R
40	105	40	10000	U
121	117	28	1	R
121	117	124	3	L
121	117	121	10000	U
117	121	78	3	L
117	121	108	3	L
117	121	128	3	L
117	121	117	10000	U
117	121	11	3	L
129	27	11	1	R
129	27	66	3	L
129	27	129	10000	U
27	129	20	1	R
27	129	61	1	R
27	129	89	1	R
27	129	128	1	R
27	129	27	10000	U
2	115	96	1	R
2	115	8	1	R
2	115	2	10000	U
2	115	64	3	L
115	2	47	3	L
115	2	92	3	L
115	2	99	3	L
115	2	115	10000	U
96	119	5	1	R
96	119	122	1	R
96	119	132	1	R
96	119	48	3	L
96	119	12	1	R
96	119	96	10000	U
119	96	82	3	L
119	96	35	3	L
119	96	119	10000	U
119	96	90	3	L
11	121	78	1	R
11	121	108	1	R
11	121	128	1	R
11	121	117	1	R
11	121	11	10000	U
121	11	9	1	R
121	11	39	3	L
121	11	73	1	R
121	11	121	10000	U
111	116	26	3	L
111	116	1	1	R
111	116	134	3	L
111	116	111	10000	U
116	111	45	3	L
116	111	74	1	R
116	111	51	1	R
116	111	47	3	L
116	111	116	10000	U
137	24	111	3	L
137	24	89	3	L
137	24	25	3	L
137	24	125	1	R
137	24	137	10000	U
137	24	28	3	L
24	137	85	1	R
24	137	12	3	L
24	137	56	1	R
24	137	24	10000	U
25	66	53	3	L
25	66	112	3	L
25	66	25	10000	U
66	25	106	3	L
66	25	2	1	R
66	25	52	1	R
66	25	24	1	R
66	25	66	10000	U
38	46	54	1	R
38	46	76	1	R
38	46	38	10000	U
46	38	114	3	L
46	38	54	3	L
46	38	46	10000	U
96	90	112	3	L
96	90	129	3	L
96	90	130	3	L
96	90	96	10000	U
90	96	82	1	R
90	96	35	1	R
90	96	119	1	R
90	96	90	10000	U
115	64	119	1	R
115	64	19	3	L
115	64	43	3	L
115	64	115	10000	U
64	115	96	1	R
64	115	8	1	R
64	115	2	1	R
64	115	64	10000	U
24	28	57	1	R
24	28	131	3	L
24	28	95	3	L
24	28	24	10000	U
28	24	111	3	L
28	24	89	3	L
28	24	25	3	L
28	24	125	1	R
28	24	137	1	R
28	24	28	10000	U
99	42	124	3	L
99	42	9	1	R
99	42	35	3	L
99	42	55	3	L
99	42	99	10000	U
42	99	121	1	R
42	99	53	1	R
42	99	47	3	L
42	99	2	1	R
42	99	42	10000	U
