Name:			p14
#Vehicles:		34
Capacity:		290
Depot:			1
#Nodes:			160
#Edges:			80
#Arcs:			370
#Required-N:	0
#Required-E:	80
#Required-A:	259
#Nb-Turns:		1955

----------NODES----------
INDEX	QTY	IS-REQUIRED	X	Y
1	0	0	110.69	44.87
2	0	0	94.67	136.25
3	0	0	141.63	170.77
4	0	0	80.39	181.46
5	0	0	189.31	65.96
6	0	0	123.62	130.83
7	0	0	76.85	63.32
8	0	0	130.14	195.22
9	0	0	113.68	88.69
10	0	0	20.97	46.1
11	0	0	40.20	59.97
12	0	0	79.13	90.89
13	0	0	141.83	151.58
14	0	0	81.8	35.50
15	0	0	154.30	97.99
16	0	0	107.9	172.45
17	0	0	133.4	102.0
18	0	0	73.54	113.82
19	0	0	115.6	159.90
20	0	0	159.65	177.64
21	0	0	68.25	113.26
22	0	0	187.14	99.50
23	0	0	113.47	21.78
24	0	0	136.55	128.40
25	0	0	49.10	35.61
26	0	0	60.58	111.51
27	0	0	196.10	41.93
28	0	0	161.2	38.76
29	0	0	147.83	147.1
30	0	0	136.34	142.14
31	0	0	46.50	101.64
32	0	0	156.40	130.40
33	0	0	85.50	109.59
34	0	0	87.71	164.23
35	0	0	95.81	124.70
36	0	0	128.96	98.33
37	0	0	100.11	93.68
38	0	0	105.90	86.83
39	0	0	44.33	55.77
40	0	0	81.99	47.58
41	0	0	43.5	114.35
42	0	0	51.49	140.35
43	0	0	92.74	145.45
44	0	0	164.78	185.84
45	0	0	126.1	143.19
46	0	0	53.30	118.13
47	0	0	148.86	54.21
48	0	0	139.47	92.44
49	0	0	15.3	111.23
50	0	0	56.13	81.75
51	0	0	104.50	27.10
52	0	0	133.95	63.36
53	0	0	94.45	47.56
54	0	0	145.30	111.9
55	0	0	34.29	79.93
56	0	0	124.45	34.75
57	0	0	55.83	182.57
58	0	0	110.25	15.73
59	0	0	35.15	150.15
60	0	0	165.78	43.43
61	0	0	167.38	138.65
62	0	0	128.86	74.92
63	0	0	96.58	169.24
64	0	0	90.47	154.90
65	0	0	120.7	118.16
66	0	0	68.65	122.73
67	0	0	102.55	74.3
68	0	0	51.56	66.44
69	0	0	70.98	83.84
70	0	0	11.67	98.59
71	0	0	19.31	65.46
72	0	0	92.42	24.18
73	0	0	87.3	83.88
74	0	0	92.59	108.84
75	0	0	123.55	100.68
76	0	0	98.74	113.58
77	0	0	129.30	88.6
78	0	0	54.74	125.31
79	0	0	31.85	43.46
80	0	0	77.98	167.7
81	0	0	118.4	72.95
82	0	0	43.61	71.6
83	0	0	178.95	85.64
84	0	0	203.19	91.30
85	0	0	145.12	71.28
86	0	0	84.93	114.47
87	0	0	62.23	143.11
88	0	0	72.15	129.41
89	0	0	170.50	77.35
90	0	0	47.33	156.20
91	0	0	117.62	147.28
92	0	0	60.53	155.81
93	0	0	154.16	142.81
94	0	0	134.23	111.62
95	0	0	187.53	144.73
96	0	0	109.35	66.2
97	0	0	59.40	59.42
98	0	0	150.44	158.25
99	0	0	65.96	87.89
100	0	0	146.12	116.39
101	0	0	143.49	104.0
102	0	0	27.75	161.96
103	0	0	110.78	166.40
104	0	0	30.84	146.31
105	0	0	30.42	110.11
106	0	0	68.32	34.87
107	0	0	136.59	120.67
108	0	0	74.72	43.21
109	0	0	96.99	81.73
110	0	0	69.11	177.85
111	0	0	118.4	136.27
112	0	0	46.81	90.85
113	0	0	107.12	71.61
114	0	0	95.94	72.91
115	0	0	145.26	35.52
116	0	0	74.92	51.33
117	0	0	42.17	78.39
118	0	0	42.54	122.57
119	0	0	109.35	103.41
120	0	0	98.27	90.57
121	0	0	116.88	45.58
122	0	0	0.55	24.87
123	0	0	102.53	55.55
124	0	0	141.40	1.24
125	0	0	99.15	142.22
126	0	0	155.6	84.37
127	0	0	40.42	134.90
128	0	0	130.37	51.54
129	0	0	60.34	99.46
130	0	0	51.58	0.55
131	0	0	123.50	23.80
132	0	0	161.52	158.39
133	0	0	189.99	121.70
134	0	0	101.25	152.6
135	0	0	96.9	136.64
136	0	0	136.50	147.50
137	0	0	82.37	110.12
138	0	0	69.60	165.68
139	0	0	31.31	97.88
140	0	0	79.8	129.36
141	0	0	86.3	77.1
142	0	0	126.44	177.46
143	0	0	69.24	14.42
144	0	0	80.69	143.34
145	0	0	90.47	170.48
146	0	0	130.53	174.64
147	0	0	123.79	154.34
148	0	0	169.95	121.71
149	0	0	164.35	67.35
150	0	0	110.53	99.4
151	0	0	111.78	70.17
152	0	0	102.15	33.51
153	0	0	122.23	186.57
154	0	0	42.64	94.25
155	0	0	62.51	39.72
156	0	0	171.27	57.85
157	0	0	84.43	62.99
158	0	0	87.46	97.78
159	0	0	83.40	161.41
160	0	0	137.43	81.12

----------EDGES----------
INDEX-I	INDEX-J	QTY	IS-REQUIRED	TR-COST
101	150	29	1	54
106	157	13	1	40
119	85	34	1	37
99	139	23	1	28
25	131	35	1	107
103	38	41	1	58
3	146	31	1	17
151	36	29	1	44
94	62	6	1	41
30	91	13	1	24
14	79	15	1	51
95	77	11	1	71
21	18	15	1	7
44	4	21	1	85
103	63	48	1	22
112	40	32	1	54
63	136	5	1	37
81	131	19	1	81
79	152	34	1	85
47	74	32	1	70
99	37	46	1	27
97	128	14	1	74
43	12	37	1	67
51	94	12	1	73
88	30	39	1	72
12	26	43	1	52
128	156	16	1	75
105	68	22	1	72
87	75	38	1	59
36	6	40	1	87
80	145	37	1	13
41	137	10	1	33
111	52	42	1	55
22	75	14	1	74
121	154	29	1	77
48	99	27	1	67
40	69	50	1	42
117	88	9	1	45
97	39	45	1	22
1	45	45	1	89
99	7	11	1	27
159	134	9	1	18
97	7	5	1	22
119	137	21	1	27
7	141	25	1	34
23	99	43	1	95
144	158	42	1	52
77	15	20	1	37
159	16	5	1	31
42	151	26	1	95
99	31	47	1	21
137	69	46	1	51
90	12	29	1	75
76	9	33	1	36
81	23	47	1	70
122	97	12	1	112
108	96	26	1	41
151	87	13	1	80
120	101	23	1	38
38	33	7	1	64
131	47	42	1	38
114	127	9	1	66
69	116	12	1	54
74	120	28	1	73
43	74	13	1	54
9	157	30	1	32
52	25	44	1	80
107	94	6	1	11
73	131	28	1	67
160	100	38	1	29
97	50	47	1	41
110	34	34	1	25
9	113	42	1	17
59	69	41	1	63
141	121	44	1	67
23	139	10	1	114
69	97	27	1	51
72	108	30	1	49
111	45	25	1	12
130	7	27	1	65

-----------ARCS----------
INDEX-I	INDEX-J	QTY	IS-REQUIRED	TR-COST
75	76	16	1	62
76	105	5	1	62
105	2	34	1	53
2	85	0	0	73
85	27	30	1	52
27	32	34	1	97
32	132	28	1	28
132	107	19	1	95
107	3	29	1	58
3	42	16	1	84
42	111	6	1	70
111	90	0	0	74
90	87	45	1	34
87	43	0	0	60
43	144	44	1	16
144	138	11	1	31
138	102	22	1	46
102	137	0	0	66
137	19	0	0	92
19	88	14	1	47
88	140	0	0	9
140	12	0	0	35
12	66	0	0	38
66	86	45	1	20
86	35	0	0	17
35	110	43	1	59
110	92	0	0	34
92	127	0	0	77
127	126	15	1	101
126	62	13	1	25
62	52	0	0	42
52	65	17	1	76
65	145	0	0	87
145	103	44	1	25
103	70	39	1	108
70	91	30	1	108
91	120	0	0	60
120	158	8	1	13
158	41	29	1	83
41	49	21	1	89
49	64	35	1	71
64	125	32	1	17
125	17	44	1	54
17	136	32	1	67
136	1	50	1	86
1	156	0	0	53
156	28	0	0	23
28	56	0	0	39
56	50	49	1	73
50	73	0	0	31
73	30	33	1	52
30	98	27	1	21
98	22	22	1	78
22	149	10	1	52
149	24	50	1	53
24	45	37	1	19
45	147	0	0	12
147	29	28	1	25
29	9	15	1	49
9	59	32	1	72
59	139	0	0	111
139	4	22	1	100
4	159	48	1	20
159	21	38	1	70
21	109	33	1	51
109	38	6	1	10
38	123	27	1	31
123	58	25	1	52
58	51	0	0	18
51	82	10	1	66
82	154	35	1	42
154	104	32	1	50
104	80	0	0	49
80	46	49	1	51
46	18	0	0	33
18	15	18	1	59
15	83	11	1	39
83	95	7	1	66
95	94	42	1	88
94	142	0	0	106
142	118	21	1	98
118	57	31	1	90
57	97	23	1	89
97	10	8	1	94
10	72	0	0	59
72	131	12	1	73
131	23	22	1	15
23	112	7	1	79
112	79	40	1	53
79	108	39	1	58
108	14	18	1	18
14	71	39	1	61
71	63	0	0	88
63	153	38	1	44
153	8	44	1	15
8	61	16	1	59
61	54	43	1	30
54	47	0	0	54
47	48	20	1	42
48	34	0	0	66
34	31	27	1	66
31	122	40	1	83
122	39	0	0	98
39	25	7	1	28
25	114	10	1	55
114	160	35	1	33
160	36	0	0	86
36	16	23	1	60
16	26	24	1	59
26	69	41	1	32
69	157	48	1	36
157	7	45	1	10
7	113	39	1	37
113	74	15	1	88
74	33	0	0	9
33	133	5	1	75
133	37	35	1	100
37	77	46	1	26
77	40	22	1	71
40	152	0	0	25
152	130	0	0	78
130	143	15	1	26
143	106	0	0	20
106	99	0	0	44
99	151	0	0	43
151	96	0	0	6
96	148	0	0	75
148	89	18	1	48
89	115	25	1	71
115	11	0	0	84
11	55	23	1	26
55	129	29	1	41
129	78	21	1	28
78	141	6	1	62
141	134	17	1	72
134	150	29	1	49
150	81	41	1	34
81	68	0	0	48
68	117	45	1	17
117	155	22	1	107
155	121	0	0	67
121	124	46	1	60
124	53	31	1	96
53	5	37	1	75
5	84	23	1	67
84	60	14	1	52
60	67	34	1	63
67	116	22	1	34
116	119	0	0	63
119	6	0	0	31
6	93	45	1	30
93	44	46	1	77
44	20	0	0	12
20	101	35	1	71
101	100	35	1	61
100	13	37	1	28
13	146	30	1	29
146	135	17	1	51
135	128	41	1	98
128	75	0	0	48
121	35	0	0	65
35	20	24	1	63
20	64	48	1	81
64	98	0	0	67
98	91	36	1	43
91	68	35	1	87
68	11	12	1	15
11	110	0	0	115
110	123	43	1	105
123	79	50	1	81
79	31	24	1	53
31	118	22	1	20
118	153	20	1	71
153	13	26	1	35
13	99	0	0	82
99	106	28	1	44
106	122	38	1	65
122	154	0	0	95
154	158	10	1	39
158	94	16	1	47
94	42	0	0	93
42	155	0	0	79
155	69	50	1	59
69	109	45	1	25
109	80	0	0	81
80	49	0	0	103
49	139	0	0	21
139	55	0	0	26
55	152	0	0	85
152	131	0	0	23
131	27	42	1	87
27	84	0	0	81
84	142	0	0	82
142	103	30	1	20
103	134	11	1	20
134	89	6	1	64
89	156	0	0	19
156	61	7	1	88
61	3	28	1	46
3	2	40	1	62
2	135	0	0	2
135	66	0	0	55
66	88	0	0	11
88	41	49	1	61
41	151	7	1	97
151	81	24	1	8
81	75	29	1	29
75	45	0	0	47
45	77	32	1	97
77	5	30	1	64
5	22	20	1	35
22	65	0	0	73
65	129	5	1	55
129	48	0	0	88
48	101	27	1	22
101	29	5	1	60
29	132	36	1	20
132	146	29	1	34
146	16	44	1	22
16	57	29	1	45
57	59	42	1	46
59	102	0	0	17
102	18	0	0	72
18	116	9	1	75
116	10	38	1	64
10	105	11	1	53
105	104	26	1	45
104	87	26	1	31
87	111	0	0	52
111	15	0	0	68
15	47	0	0	52
47	149	0	0	63
149	23	0	0	68
23	52	16	1	52
52	56	38	1	47
56	12	25	1	56
12	25	5	1	60
25	71	23	1	49
71	127	50	1	111
127	90	11	1	36
90	4	24	1	95
4	140	0	0	56
140	24	47	1	48
24	100	35	1	28
100	7	0	0	67
7	143	7	1	64
143	60	45	1	78
60	85	31	1	40
85	51	20	1	59
51	74	0	0	93
74	44	23	1	93
44	148	12	1	70
148	19	46	1	89
19	107	32	1	41
107	133	6	1	81
133	95	22	1	62
95	136	33	1	46
136	30	31	1	7
30	126	0	0	55
126	83	0	0	25
83	141	40	1	79
141	37	0	0	33
37	32	20	1	115
32	115	9	1	73
115	157	32	1	74
157	82	0	0	42
82	112	0	0	20
112	46	0	0	26
46	78	18	1	11
78	21	0	0	34
21	97	43	1	63
97	108	38	1	31
108	73	39	1	45
73	40	18	1	44
40	150	44	1	53
150	76	26	1	23
76	63	0	0	76
63	145	32	1	8
145	147	44	1	32
147	159	39	1	40
159	92	25	1	23
92	39	0	0	68
39	124	50	1	86
124	28	12	1	42
28	160	21	1	41
160	38	0	0	62
38	54	28	1	34
54	34	15	1	67
34	125	0	0	52
125	86	9	1	39
86	53	0	0	49
53	14	8	1	20
14	113	30	1	39
113	128	0	0	48
128	96	22	1	30
96	1	0	0	21
1	72	9	1	24
72	130	19	1	85
130	117	0	0	77
117	144	0	0	101
144	119	49	1	42
119	58	0	0	71
58	114	11	1	53
114	70	31	1	78
70	50	25	1	51
50	26	31	1	31
26	33	20	1	80
33	137	34	1	4
137	43	36	1	49
43	6	41	1	57
6	120	47	1	76
120	67	22	1	17
67	138	0	0	67
138	8	0	0	58
8	93	23	1	62
93	17	0	0	49
17	9	36	1	23
9	36	29	1	21
36	62	16	1	28
62	121	5	1	40
64	16	0	0	41
129	59	0	0	64
3	37	10	1	74
109	106	49	1	41
40	107	39	1	84
158	90	24	1	56
78	80	42	1	44
129	152	41	1	62
114	108	35	1	40
111	70	20	1	117
13	101	45	1	74
150	128	33	1	62
127	145	17	1	60
23	154	18	1	99
125	114	0	0	54
20	75	44	1	79
139	135	16	1	104
25	116	33	1	77
120	141	43	1	27
22	101	0	0	110
46	6	16	1	54
12	160	13	1	60
96	67	11	1	11
123	48	0	0	73
70	122	42	1	120
52	97	22	1	86
111	88	41	1	62
24	32	0	0	19
60	58	21	1	74
62	81	13	1	11
78	99	31	1	50
120	119	38	1	45
12	87	0	0	84
120	86	0	0	37
26	35	31	1	40
65	125	16	1	73
149	152	16	1	63
78	112	0	0	30
77	13	36	1	80
131	108	0	0	92
80	118	11	1	102
24	55	15	1	75
148	135	34	1	59
27	126	0	0	90
40	155	45	1	22
139	154	29	1	18
51	68	0	0	73
19	90	0	0	78
22	43	25	1	78
78	159	0	0	38

----------TURNS----------
INDEX-I	INDEX-J INDEX-K	COST TYPE
75	76	105	1	R
75	76	63	1	R
75	76	9	3	L
76	105	2	1	R
76	105	104	1	R
76	105	68	1	R
105	2	85	1	R
105	2	135	1	R
2	85	27	1	R
2	85	51	3	L
2	85	119	1	R
85	27	32	1	R
85	27	84	1	R
85	27	126	1	R
27	32	132	3	L
27	32	115	1	R
32	132	107	3	L
32	132	146	3	L
132	107	3	3	L
132	107	133	3	L
132	107	94	1	R
107	3	42	3	L
107	3	2	3	L
107	3	37	3	L
107	3	146	3	L
3	42	111	1	R
3	42	155	1	R
3	42	151	3	L
42	111	90	1	R
42	111	15	1	R
42	111	70	1	R
42	111	88	1	R
42	111	52	1	R
42	111	45	3	L
111	90	87	1	R
111	90	4	3	L
111	90	12	3	L
90	87	43	1	R
90	87	111	1	R
90	87	75	1	R
90	87	151	1	R
87	43	144	1	R
87	43	6	3	L
87	43	12	1	R
87	43	74	3	L
43	144	138	1	R
43	144	119	1	R
43	144	158	1	R
144	138	102	1	R
144	138	8	3	L
138	102	137	1	R
138	102	18	1	R
102	137	19	3	L
102	137	43	1	R
102	137	41	3	L
102	137	119	3	L
102	137	69	3	L
137	19	88	1	R
137	19	107	1	R
137	19	90	1	R
19	88	140	1	R
19	88	41	1	R
19	88	30	1	R
19	88	117	3	L
88	140	12	1	R
88	140	24	3	L
140	12	66	3	L
140	12	25	1	R
140	12	160	3	L
140	12	87	3	L
140	12	43	3	L
140	12	26	1	R
140	12	90	1	R
12	66	86	3	L
12	66	88	3	L
66	86	35	1	R
66	86	53	3	L
86	35	110	3	L
86	35	20	1	R
35	110	92	1	R
35	110	123	1	R
35	110	34	3	L
110	92	127	1	R
110	92	39	3	L
92	127	126	3	L
92	127	90	3	L
92	127	145	1	R
92	127	114	3	L
127	126	62	1	R
127	126	83	3	L
126	62	52	3	L
126	62	121	3	L
126	62	81	1	R
126	62	94	1	R
62	52	65	3	L
62	52	56	3	L
62	52	97	3	L
62	52	111	3	L
62	52	25	3	L
52	65	145	1	R
52	65	129	1	R
52	65	125	1	R
65	145	103	1	R
65	145	147	1	R
65	145	80	1	R
145	103	70	1	R
145	103	134	1	R
145	103	38	1	R
145	103	63	1	R
103	70	91	3	L
103	70	50	3	L
103	70	122	1	R
70	91	120	3	L
70	91	68	3	L
70	91	30	3	L
91	120	158	3	L
91	120	67	1	R
91	120	141	3	L
91	120	119	1	R
91	120	86	1	R
91	120	101	3	L
91	120	74	1	R
120	158	41	3	L
120	158	94	1	R
120	158	90	3	L
120	158	144	3	L
158	41	49	3	L
158	41	151	1	R
158	41	137	1	R
41	49	64	3	L
41	49	139	1	R
49	64	125	3	L
49	64	98	1	R
49	64	16	1	R
64	125	17	1	R
64	125	86	3	L
64	125	114	1	R
125	17	136	3	L
125	17	9	1	R
17	136	1	1	R
17	136	30	1	R
17	136	63	3	L
136	1	156	0	O
136	1	72	0	O
136	1	45	0	O
1	156	28	1	R
1	156	61	1	R
1	156	128	1	R
156	28	56	3	L
156	28	160	3	L
28	56	50	1	R
28	56	12	1	R
56	50	73	3	L
56	50	26	1	R
56	50	97	1	R
50	73	30	3	L
50	73	40	3	L
50	73	131	3	L
73	30	98	3	L
73	30	126	1	R
73	30	91	1	R
73	30	88	3	L
30	98	22	3	L
30	98	91	3	L
98	22	149	3	L
98	22	65	3	L
98	22	101	3	L
98	22	43	3	L
98	22	75	3	L
22	149	24	3	L
22	149	23	3	L
22	149	152	3	L
149	24	45	3	L
149	24	100	3	L
149	24	32	1	R
149	24	55	3	L
24	45	147	1	R
24	45	77	3	L
24	45	1	1	R
24	45	111	3	L
45	147	29	1	R
45	147	159	1	R
147	29	9	3	L
147	29	132	1	R
29	9	59	3	L
29	9	36	1	R
29	9	76	1	R
29	9	157	1	R
29	9	113	3	L
9	59	139	3	L
9	59	102	1	R
9	59	69	3	L
59	139	4	3	L
59	139	55	1	R
59	139	135	1	R
59	139	154	3	L
59	139	99	3	L
59	139	23	1	R
139	4	159	3	L
139	4	140	3	L
139	4	44	1	R
4	159	21	3	L
4	159	92	1	R
4	159	134	1	R
4	159	16	1	R
159	21	109	3	L
159	21	97	3	L
159	21	18	1	R
21	109	38	3	L
21	109	80	3	L
21	109	106	3	L
109	38	123	3	L
109	38	54	1	R
109	38	103	1	R
109	38	33	3	L
38	123	58	3	L
38	123	79	1	R
38	123	48	3	L
123	58	51	3	L
123	58	114	3	L
58	51	82	3	L
58	51	74	3	L
58	51	68	3	L
58	51	94	3	L
51	82	154	3	L
51	82	112	3	L
82	154	104	3	L
82	154	158	3	L
82	154	121	3	L
154	104	80	1	R
154	104	87	3	L
104	80	46	1	R
104	80	49	1	R
104	80	118	1	R
104	80	145	3	L
80	46	18	1	R
80	46	78	1	R
80	46	6	1	R
46	18	15	3	L
46	18	116	3	L
46	18	21	3	L
18	15	83	3	L
18	15	47	3	L
18	15	77	1	R
15	83	95	3	L
15	83	141	1	R
83	95	94	3	L
83	95	136	1	R
83	95	77	3	L
95	94	142	3	L
95	94	42	1	R
95	94	62	3	L
95	94	51	3	L
95	94	107	3	L
94	142	118	3	L
94	142	103	1	R
142	118	57	3	L
142	118	153	3	L
118	57	97	1	R
118	57	59	3	L
57	97	10	1	R
57	97	108	1	R
57	97	128	3	L
57	97	39	3	L
57	97	7	1	R
57	97	122	1	R
57	97	50	3	L
57	97	69	1	R
97	10	72	1	R
97	10	105	3	L
10	72	131	3	L
10	72	130	1	R
10	72	108	1	R
72	131	23	1	R
72	131	27	3	L
72	131	108	3	L
72	131	25	3	L
72	131	81	3	L
72	131	47	1	R
72	131	73	3	L
131	23	112	1	R
131	23	52	1	R
131	23	154	1	R
131	23	99	1	R
131	23	81	1	R
131	23	139	1	R
23	112	79	1	R
23	112	46	3	L
23	112	40	1	R
112	79	108	3	L
112	79	31	3	L
112	79	14	3	L
112	79	152	1	R
79	108	14	1	R
79	108	73	3	L
79	108	96	3	L
79	108	72	3	L
108	14	71	3	L
108	14	113	3	L
108	14	79	1	R
14	71	63	3	L
14	71	127	3	L
71	63	153	1	R
71	63	145	1	R
71	63	103	1	R
71	63	136	1	R
63	153	8	1	R
63	153	13	3	L
153	8	61	3	L
153	8	93	1	R
8	61	54	1	R
8	61	3	3	L
61	54	47	1	R
61	54	34	1	R
54	47	48	1	R
54	47	149	3	L
54	47	74	3	L
54	47	131	3	L
47	48	34	1	R
47	48	101	1	R
47	48	99	1	R
48	34	31	3	L
48	34	125	3	L
48	34	110	1	R
34	31	122	3	L
34	31	118	1	R
34	31	99	3	L
31	122	39	1	R
31	122	154	1	R
31	122	97	1	R
122	39	25	1	R
122	39	124	3	L
122	39	97	1	R
39	25	114	1	R
39	25	71	1	R
39	25	116	1	R
39	25	131	1	R
39	25	52	1	R
25	114	160	3	L
25	114	70	1	R
25	114	108	1	R
25	114	127	3	L
114	160	36	1	R
114	160	38	1	R
114	160	100	3	L
160	36	16	1	R
160	36	62	3	L
160	36	151	3	L
160	36	6	1	R
36	16	26	3	L
36	16	57	1	R
36	16	159	1	R
16	26	69	1	R
16	26	33	1	R
16	26	35	1	R
16	26	12	3	L
26	69	157	3	L
26	69	109	1	R
26	69	40	1	R
26	69	137	3	L
26	69	116	1	R
26	69	59	1	R
26	69	97	1	R
69	157	7	1	R
69	157	82	1	R
69	157	106	1	R
69	157	9	3	L
157	7	113	3	L
157	7	143	1	R
157	7	99	3	L
157	7	97	3	L
157	7	141	3	L
157	7	130	1	R
7	113	74	3	L
7	113	128	3	L
7	113	9	3	L
113	74	33	1	R
113	74	44	3	L
113	74	47	1	R
113	74	120	1	R
113	74	43	1	R
74	33	133	1	R
74	33	137	3	L
74	33	38	1	R
33	133	37	1	R
33	133	95	1	R
133	37	77	3	L
133	37	32	1	R
133	37	99	3	L
37	77	40	3	L
37	77	5	3	L
37	77	13	3	L
37	77	95	3	L
37	77	15	3	L
77	40	152	1	R
77	40	150	3	L
77	40	107	1	R
77	40	155	1	R
77	40	112	3	L
77	40	69	3	L
40	152	130	3	L
40	152	131	3	L
40	152	79	3	L
152	130	143	3	L
152	130	117	3	L
152	130	7	3	L
130	143	106	1	R
130	143	60	1	R
143	106	99	3	L
143	106	122	3	L
143	106	157	3	L
106	99	151	3	L
106	99	106	10000	U
106	99	139	1	R
106	99	37	1	R
106	99	48	3	L
106	99	7	1	R
106	99	23	3	L
106	99	31	1	R
99	151	96	3	L
99	151	81	1	R
99	151	36	1	R
99	151	42	3	L
99	151	87	3	L
151	96	148	3	L
151	96	1	3	L
151	96	67	3	L
151	96	108	3	L
96	148	89	3	L
96	148	19	3	L
96	148	135	1	R
148	89	115	3	L
148	89	156	3	L
89	115	11	1	R
89	115	157	1	R
115	11	55	1	R
115	11	110	1	R
11	55	129	3	L
11	55	152	1	R
55	129	78	1	R
55	129	48	1	R
55	129	59	1	R
55	129	152	1	R
129	78	141	1	R
129	78	21	1	R
129	78	80	3	L
129	78	99	1	R
129	78	112	1	R
129	78	159	3	L
78	141	134	3	L
78	141	37	1	R
78	141	7	1	R
78	141	121	3	L
141	134	150	3	L
141	134	89	3	L
141	134	159	1	R
134	150	81	3	L
134	150	76	1	R
134	150	128	3	L
134	150	101	3	L
150	81	68	1	R
150	81	75	3	L
150	81	131	3	L
150	81	23	3	L
81	68	117	3	L
81	68	11	3	L
81	68	105	1	R
68	117	155	3	L
68	117	144	3	L
68	117	88	3	L
117	155	121	1	R
117	155	69	3	L
155	121	124	1	R
155	121	35	1	R
155	121	154	1	R
155	121	141	1	R
121	124	53	3	L
121	124	28	3	L
124	53	5	1	R
124	53	14	1	R
53	5	84	1	R
53	5	22	3	L
5	84	60	1	R
5	84	142	3	L
84	60	67	1	R
84	60	85	1	R
84	60	58	3	L
60	67	116	1	R
60	67	138	3	L
67	116	119	3	L
67	116	10	3	L
67	116	69	3	L
116	119	6	1	R
116	119	58	3	L
116	119	85	3	L
116	119	137	1	R
119	6	93	3	L
119	6	120	3	L
119	6	36	3	L
6	93	44	3	L
6	93	17	3	L
93	44	20	1	R
93	44	148	1	R
93	44	4	3	L
44	20	101	3	L
44	20	64	1	R
44	20	75	1	R
20	101	100	3	L
20	101	29	3	L
20	101	150	3	L
20	101	120	3	L
101	100	13	1	R
101	100	7	3	L
101	100	160	1	R
100	13	146	1	R
100	13	99	1	R
100	13	101	1	R
13	146	135	1	R
13	146	16	1	R
13	146	3	1	R
146	135	128	3	L
146	135	66	3	L
135	128	75	1	R
135	128	96	1	R
135	128	97	1	R
135	128	156	1	R
128	75	76	3	L
128	75	45	1	R
128	75	87	3	L
128	75	22	3	L
121	35	110	1	R
121	35	20	3	L
35	20	101	3	L
35	20	64	1	R
35	20	75	3	L
20	64	125	3	L
20	64	98	1	R
20	64	16	1	R
64	98	22	3	L
64	98	91	1	R
98	91	120	1	R
98	91	68	1	R
98	91	30	3	L
91	68	117	3	L
91	68	11	3	L
91	68	105	1	R
68	11	55	1	R
68	11	110	1	R
11	110	92	1	R
11	110	123	1	R
11	110	34	3	L
110	123	58	3	L
110	123	79	1	R
110	123	48	3	L
123	79	108	1	R
123	79	31	1	R
123	79	14	3	L
123	79	152	1	R
79	31	122	3	L
79	31	118	1	R
79	31	99	3	L
31	118	57	3	L
31	118	153	3	L
118	153	8	3	L
118	153	13	3	L
153	13	146	1	R
153	13	99	3	L
153	13	101	1	R
13	99	151	3	L
13	99	106	1	R
13	99	139	1	R
13	99	37	1	R
13	99	48	3	L
13	99	7	1	R
13	99	23	3	L
13	99	31	1	R
99	106	99	10000	U
99	106	122	1	R
99	106	157	3	L
106	122	39	1	R
106	122	154	1	R
106	122	97	1	R
122	154	104	1	R
122	154	158	3	L
122	154	121	3	L
154	158	41	3	L
154	158	94	1	R
154	158	90	3	L
154	158	144	3	L
158	94	142	1	R
158	94	42	1	R
158	94	62	3	L
158	94	51	3	L
158	94	107	3	L
94	42	111	1	R
94	42	155	1	R
94	42	151	1	R
42	155	121	1	R
42	155	69	1	R
155	69	157	3	L
155	69	109	3	L
155	69	40	1	R
155	69	137	1	R
155	69	116	3	L
155	69	59	3	L
155	69	97	3	L
69	109	38	3	L
69	109	80	3	L
69	109	106	1	R
109	80	46	3	L
109	80	49	3	L
109	80	118	3	L
109	80	145	3	L
80	49	64	1	R
80	49	139	1	R
49	139	4	1	R
49	139	55	1	R
49	139	135	1	R
49	139	154	1	R
49	139	99	1	R
49	139	23	1	R
139	55	129	3	L
139	55	152	1	R
55	152	130	3	L
55	152	131	3	L
55	152	79	3	L
152	131	23	1	R
152	131	27	3	L
152	131	108	3	L
152	131	25	3	L
152	131	81	3	L
152	131	47	1	R
152	131	73	3	L
131	27	32	3	L
131	27	84	3	L
131	27	126	3	L
27	84	60	1	R
27	84	142	3	L
84	142	118	3	L
84	142	103	1	R
142	103	70	1	R
142	103	134	1	R
142	103	38	1	R
142	103	63	1	R
103	134	150	1	R
103	134	89	1	R
103	134	159	3	L
134	89	115	3	L
134	89	156	1	R
89	156	28	1	R
89	156	61	1	R
89	156	128	1	R
156	61	54	1	R
156	61	3	3	L
61	3	42	3	L
61	3	2	1	R
61	3	37	3	L
61	3	146	1	R
3	2	85	3	L
3	2	135	1	R
2	135	128	1	R
2	135	66	1	R
135	66	86	1	R
135	66	88	1	R
66	88	140	3	L
66	88	41	1	R
66	88	30	1	R
66	88	117	3	L
88	41	49	3	L
88	41	151	1	R
88	41	137	1	R
41	151	96	1	R
41	151	81	1	R
41	151	36	1	R
41	151	42	3	L
41	151	87	3	L
151	81	68	1	R
151	81	75	1	R
151	81	131	1	R
151	81	23	1	R
81	75	76	3	L
81	75	45	1	R
81	75	87	3	L
81	75	22	3	L
75	45	147	1	R
75	45	77	3	L
75	45	1	1	R
75	45	111	3	L
45	77	40	1	R
45	77	5	1	R
45	77	13	1	R
45	77	95	1	R
45	77	15	3	L
77	5	84	1	R
77	5	22	3	L
5	22	149	3	L
5	22	65	3	L
5	22	101	3	L
5	22	43	1	R
5	22	75	3	L
22	65	145	3	L
22	65	129	3	L
22	65	125	3	L
65	129	78	1	R
65	129	48	1	R
65	129	59	1	R
65	129	152	1	R
129	48	34	3	L
129	48	101	1	R
129	48	99	1	R
48	101	100	1	R
48	101	29	1	R
48	101	150	1	R
48	101	120	1	R
101	29	9	3	L
101	29	132	1	R
29	132	107	3	L
29	132	146	1	R
132	146	135	1	R
132	146	16	1	R
132	146	3	1	R
146	16	26	3	L
146	16	57	3	L
146	16	159	3	L
16	57	97	1	R
16	57	59	3	L
57	59	139	3	L
57	59	102	1	R
57	59	69	3	L
59	102	137	1	R
59	102	18	1	R
102	18	15	3	L
102	18	116	3	L
102	18	21	1	R
18	116	119	3	L
18	116	10	3	L
18	116	69	1	R
116	10	72	3	L
116	10	105	3	L
10	105	2	1	R
10	105	104	3	L
10	105	68	3	L
105	104	80	3	L
105	104	87	3	L
104	87	43	1	R
104	87	111	1	R
104	87	75	1	R
104	87	151	1	R
87	111	90	1	R
87	111	15	1	R
87	111	70	1	R
87	111	88	1	R
87	111	52	1	R
87	111	45	3	L
111	15	83	3	L
111	15	47	3	L
111	15	77	1	R
15	47	48	1	R
15	47	149	3	L
15	47	74	3	L
15	47	131	3	L
47	149	24	1	R
47	149	23	1	R
47	149	152	1	R
149	23	112	1	R
149	23	52	1	R
149	23	154	1	R
149	23	99	1	R
149	23	81	1	R
149	23	139	1	R
23	52	65	1	R
23	52	56	1	R
23	52	97	1	R
23	52	111	1	R
23	52	25	1	R
52	56	50	3	L
52	56	12	3	L
56	12	66	1	R
56	12	25	1	R
56	12	160	1	R
56	12	87	1	R
56	12	43	3	L
56	12	26	1	R
56	12	90	1	R
12	25	114	1	R
12	25	71	3	L
12	25	116	1	R
12	25	131	1	R
12	25	52	1	R
25	71	63	3	L
25	71	127	3	L
71	127	126	1	R
71	127	90	3	L
71	127	145	1	R
71	127	114	1	R
127	90	87	3	L
127	90	4	3	L
127	90	12	3	L
90	4	159	3	L
90	4	140	1	R
90	4	44	1	R
4	140	12	3	L
4	140	24	1	R
140	24	45	3	L
140	24	100	3	L
140	24	32	1	R
140	24	55	3	L
24	100	13	1	R
24	100	7	3	L
24	100	160	1	R
100	7	113	3	L
100	7	143	1	R
100	7	99	3	L
100	7	97	3	L
100	7	141	3	L
100	7	130	1	R
7	143	106	1	R
7	143	60	1	R
143	60	67	3	L
143	60	85	3	L
143	60	58	3	L
60	85	27	3	L
60	85	51	1	R
60	85	119	3	L
85	51	82	3	L
85	51	74	3	L
85	51	68	1	R
85	51	94	1	R
51	74	33	1	R
51	74	44	3	L
51	74	47	1	R
51	74	120	3	L
51	74	43	1	R
74	44	20	1	R
74	44	148	1	R
74	44	4	3	L
44	148	89	1	R
44	148	19	1	R
44	148	135	1	R
148	19	88	1	R
148	19	107	1	R
148	19	90	1	R
19	107	3	1	R
19	107	133	1	R
19	107	94	1	R
107	133	37	3	L
107	133	95	3	L
133	95	94	3	L
133	95	136	1	R
133	95	77	3	L
95	136	1	1	R
95	136	30	1	R
95	136	63	3	L
136	30	98	1	R
136	30	126	1	R
136	30	91	1	R
136	30	88	1	R
30	126	62	1	R
30	126	83	3	L
126	83	95	3	L
126	83	141	1	R
83	141	134	1	R
83	141	37	1	R
83	141	7	1	R
83	141	121	3	L
141	37	77	1	R
141	37	32	1	R
141	37	99	1	R
37	32	132	3	L
37	32	115	1	R
32	115	11	1	R
32	115	157	1	R
115	157	7	3	L
115	157	82	1	R
115	157	106	1	R
115	157	9	1	R
157	82	154	1	R
157	82	112	1	R
82	112	79	1	R
82	112	46	3	L
82	112	40	3	L
112	46	18	3	L
112	46	78	3	L
112	46	6	3	L
46	78	141	3	L
46	78	21	3	L
46	78	80	1	R
46	78	99	3	L
46	78	112	3	L
46	78	159	1	R
78	21	109	3	L
78	21	97	3	L
78	21	18	3	L
21	97	10	3	L
21	97	108	3	L
21	97	128	3	L
21	97	39	3	L
21	97	7	1	R
21	97	122	3	L
21	97	50	3	L
21	97	69	3	L
97	108	14	3	L
97	108	73	1	R
97	108	96	1	R
97	108	72	1	R
108	73	30	3	L
108	73	40	3	L
108	73	131	3	L
73	40	152	1	R
73	40	150	3	L
73	40	107	3	L
73	40	155	1	R
73	40	112	3	L
73	40	69	3	L
40	150	81	3	L
40	150	76	1	R
40	150	128	3	L
40	150	101	3	L
150	76	105	1	R
150	76	63	1	R
150	76	9	3	L
76	63	153	1	R
76	63	145	3	L
76	63	103	1	R
76	63	136	1	R
63	145	103	1	R
63	145	147	1	R
63	145	80	1	R
145	147	29	1	R
145	147	159	1	R
147	159	21	1	R
147	159	92	1	R
147	159	134	1	R
147	159	16	1	R
159	92	127	3	L
159	92	39	3	L
92	39	25	1	R
92	39	124	3	L
92	39	97	1	R
39	124	53	3	L
39	124	28	3	L
124	28	56	1	R
124	28	160	1	R
28	160	36	1	R
28	160	38	1	R
28	160	100	3	L
160	38	123	1	R
160	38	54	3	L
160	38	103	3	L
160	38	33	1	R
38	54	47	3	L
38	54	34	3	L
54	34	31	3	L
54	34	125	3	L
54	34	110	1	R
34	125	17	3	L
34	125	86	3	L
34	125	114	3	L
125	86	35	3	L
125	86	53	1	R
86	53	5	3	L
86	53	14	1	R
53	14	71	1	R
53	14	113	1	R
53	14	79	0	R
14	113	74	3	L
14	113	128	3	L
14	113	9	3	L
113	128	75	3	L
113	128	96	3	L
113	128	97	1	R
113	128	156	3	L
128	96	148	3	L
128	96	1	3	L
128	96	67	3	L
128	96	108	3	L
96	1	156	0	O
96	1	72	0	O
96	1	45	0	O
1	72	131	3	L
1	72	130	3	L
1	72	108	3	L
72	130	143	1	R
72	130	117	3	L
72	130	7	3	L
130	117	155	3	L
130	117	144	3	L
130	117	88	3	L
117	144	138	3	L
117	144	119	3	L
117	144	158	1	R
144	119	6	1	R
144	119	58	3	L
144	119	85	3	L
144	119	137	1	R
119	58	51	3	L
119	58	114	3	L
58	114	160	1	R
58	114	70	3	L
58	114	108	3	L
58	114	127	3	L
114	70	91	3	L
114	70	50	3	L
114	70	122	3	L
70	50	73	3	L
70	50	26	3	L
70	50	97	1	R
50	26	69	1	R
50	26	33	1	R
50	26	35	1	R
50	26	12	1	R
26	33	133	1	R
26	33	137	3	L
26	33	38	1	R
33	137	19	3	L
33	137	43	1	R
33	137	41	3	L
33	137	119	3	L
33	137	69	3	L
137	43	144	1	R
137	43	6	3	L
137	43	12	1	R
137	43	74	1	R
43	6	93	3	L
43	6	120	3	L
43	6	36	3	L
6	120	158	3	L
6	120	67	3	L
6	120	141	1	R
6	120	119	3	L
6	120	86	1	R
6	120	101	3	L
6	120	74	3	L
120	67	116	1	R
120	67	138	3	L
67	138	102	1	R
67	138	8	3	L
138	8	61	3	L
138	8	93	1	R
8	93	44	3	L
8	93	17	3	L
93	17	136	3	L
93	17	9	1	R
17	9	59	3	L
17	9	36	1	R
17	9	76	1	R
17	9	157	1	R
17	9	113	1	R
9	36	16	1	R
9	36	62	3	L
9	36	151	3	L
9	36	6	1	R
36	62	52	3	L
36	62	121	1	R
36	62	81	3	L
36	62	94	1	R
62	121	124	3	L
62	121	35	3	L
62	121	154	3	L
62	121	141	1	R
64	16	26	1	R
64	16	57	1	R
64	16	159	1	R
129	59	139	1	R
129	59	102	1	R
129	59	69	1	R
3	37	77	3	L
3	37	32	1	R
3	37	99	3	L
109	106	99	3	L
109	106	122	1	R
109	106	157	3	L
40	107	3	3	L
40	107	133	3	L
40	107	94	1	R
158	90	87	1	R
158	90	4	1	R
158	90	12	1	R
78	80	46	1	R
78	80	49	1	R
78	80	118	3	L
78	80	145	3	L
129	152	130	3	L
129	152	131	3	L
129	152	79	3	L
114	108	14	1	R
114	108	73	3	L
114	108	96	3	L
114	108	72	3	L
111	70	91	3	L
111	70	50	3	L
111	70	122	3	L
13	101	100	1	R
13	101	29	1	R
13	101	150	1	R
13	101	120	1	R
150	128	75	3	L
150	128	96	3	L
150	128	97	1	R
150	128	156	3	L
127	145	103	1	R
127	145	147	1	R
127	145	80	1	R
23	154	104	1	R
23	154	158	3	L
23	154	121	3	L
125	114	160	3	L
125	114	70	1	R
125	114	108	1	R
125	114	127	1	R
20	75	76	3	L
20	75	45	3	L
20	75	87	3	L
20	75	22	3	L
139	135	128	1	R
139	135	66	1	R
25	116	119	3	L
25	116	10	3	L
25	116	69	3	L
120	141	134	3	L
120	141	37	1	R
120	141	7	1	R
120	141	121	3	L
22	101	100	3	L
22	101	29	3	L
22	101	150	1	R
22	101	120	1	R
46	6	93	3	L
46	6	120	3	L
46	6	36	3	L
12	160	36	3	L
12	160	38	3	L
12	160	100	3	L
96	67	116	1	R
96	67	138	1	R
123	48	34	3	L
123	48	101	1	R
123	48	99	3	L
70	122	39	1	R
70	122	154	3	L
70	122	97	1	R
52	97	10	1	R
52	97	108	1	R
52	97	128	3	L
52	97	39	3	L
52	97	7	1	R
52	97	122	1	R
52	97	50	3	L
52	97	69	1	R
111	88	140	3	L
111	88	41	1	R
111	88	30	3	L
111	88	117	3	L
24	32	132	3	L
24	32	115	1	R
60	58	51	3	L
60	58	114	3	L
62	81	68	3	L
62	81	75	3	L
62	81	131	3	L
62	81	23	3	L
78	99	151	3	L
78	99	106	1	R
78	99	139	1	R
78	99	37	1	R
78	99	48	3	L
78	99	7	1	R
78	99	23	3	L
78	99	31	1	R
120	119	6	3	L
120	119	58	1	R
120	119	85	3	L
120	119	137	3	L
12	87	43	1	R
12	87	111	1	R
12	87	75	1	R
12	87	151	3	L
120	86	35	1	R
120	86	53	3	L
26	35	110	1	R
26	35	20	3	L
65	125	17	1	R
65	125	86	1	R
65	125	114	1	R
149	152	130	3	L
149	152	131	3	L
149	152	79	3	L
78	112	79	1	R
78	112	46	3	L
78	112	40	1	R
77	13	146	1	R
77	13	99	1	R
77	13	101	1	R
131	108	14	1	R
131	108	73	3	L
131	108	96	3	L
131	108	72	3	L
80	118	57	3	L
80	118	153	3	L
24	55	129	1	R
24	55	152	3	L
148	135	128	1	R
148	135	66	1	R
27	126	62	1	R
27	126	83	3	L
40	155	121	1	R
40	155	69	1	R
139	154	104	3	L
139	154	158	3	L
139	154	121	1	R
51	68	117	3	L
51	68	11	3	L
51	68	105	1	R
19	90	87	1	R
19	90	4	1	R
19	90	12	1	R
22	43	144	1	R
22	43	6	3	L
22	43	12	1	R
22	43	74	3	L
78	159	21	1	R
78	159	92	3	L
78	159	134	3	L
78	159	16	3	L
101	150	81	1	R
101	150	76	3	L
101	150	128	1	R
101	150	101	10000	U
150	101	100	3	L
150	101	29	3	L
150	101	150	10000	U
150	101	120	1	R
106	157	7	1	R
106	157	82	3	L
106	157	106	10000	U
106	157	9	3	L
157	106	99	1	R
157	106	122	1	R
157	106	157	10000	U
119	85	27	1	R
119	85	51	3	L
119	85	119	10000	U
85	119	6	3	L
85	119	58	1	R
85	119	85	10000	U
85	119	137	3	L
99	139	4	1	R
99	139	55	1	R
99	139	135	1	R
99	139	154	1	R
99	139	99	10000	U
99	139	23	1	R
139	99	151	3	L
139	99	106	3	L
139	99	139	10000	U
139	99	37	3	L
139	99	48	3	L
139	99	7	3	L
139	99	23	3	L
139	99	31	3	L
25	131	23	1	R
25	131	27	3	L
25	131	108	1	R
25	131	25	10000	U
25	131	81	1	R
25	131	47	1	R
25	131	73	1	R
131	25	114	3	L
131	25	71	3	L
131	25	116	3	L
131	25	131	10000	U
131	25	52	3	L
103	38	123	1	R
103	38	54	3	L
103	38	103	10000	U
103	38	33	1	R
38	103	70	3	L
38	103	134	1	R
38	103	38	10000	U
38	103	63	3	L
3	146	135	3	L
3	146	16	3	L
3	146	3	10000	U
146	3	42	1	R
146	3	2	1	R
146	3	37	1	R
146	3	146	10000	U
151	36	16	1	R
151	36	62	3	L
151	36	151	10000	U
151	36	6	1	R
36	151	96	3	L
36	151	81	3	L
36	151	36	10000	U
36	151	42	3	L
36	151	87	3	L
94	62	52	3	L
94	62	121	1	R
94	62	81	3	L
94	62	94	10000	U
62	94	142	1	R
62	94	42	1	R
62	94	62	10000	U
62	94	51	1	R
62	94	107	3	L
30	91	120	1	R
30	91	68	1	R
30	91	30	10000	U
91	30	98	3	L
91	30	126	3	L
91	30	91	10000	U
91	30	88	3	L
14	79	108	1	R
14	79	31	1	R
14	79	14	10000	U
14	79	152	1	R
79	14	71	3	L
79	14	113	3	L
79	14	79	10000	U
95	77	40	3	L
95	77	5	1	R
95	77	13	3	L
95	77	95	10000	U
95	77	15	3	L
77	95	94	3	L
77	95	136	1	R
77	95	77	10000	U
21	18	15	1	R
21	18	116	1	R
21	18	21	10000	U
18	21	109	3	L
18	21	97	3	L
18	21	18	10000	U
44	4	159	3	L
44	4	140	3	L
44	4	44	10000	U
4	44	20	3	L
4	44	148	1	R
4	44	4	10000	U
103	63	153	3	L
103	63	145	1	R
103	63	103	10000	U
103	63	136	1	R
63	103	70	1	R
63	103	134	1	R
63	103	38	1	R
63	103	63	10000	U
112	40	152	1	R
112	40	150	1	R
112	40	107	1	R
112	40	155	1	R
112	40	112	10000	U
112	40	69	1	R
40	112	79	1	R
40	112	46	3	L
40	112	40	10000	U
63	136	1	1	R
63	136	30	1	R
63	136	63	10000	U
136	63	153	3	L
136	63	145	1	R
136	63	103	3	L
136	63	136	10000	U
81	131	23	1	R
81	131	27	3	L
81	131	108	3	L
81	131	25	3	L
81	131	81	10000	U
81	131	47	1	R
81	131	73	1	R
131	81	68	1	R
131	81	75	1	R
131	81	131	10000	U
131	81	23	3	L
79	152	130	3	L
79	152	131	3	L
79	152	79	10000	U
152	79	108	3	L
152	79	31	3	L
152	79	14	3	L
152	79	152	10000	U
47	74	33	1	R
47	74	44	3	L
47	74	47	10000	U
47	74	120	3	L
47	74	43	1	R
74	47	48	1	R
74	47	149	1	R
74	47	74	10000	U
74	47	131	3	L
99	37	77	1	R
99	37	32	1	R
99	37	99	10000	U
37	99	151	3	L
37	99	106	3	L
37	99	139	1	R
37	99	37	10000	U
37	99	48	3	L
37	99	7	3	L
37	99	23	3	L
37	99	31	3	L
97	128	75	3	L
97	128	96	3	L
97	128	97	10000	U
97	128	156	3	L
128	97	10	1	R
128	97	108	1	R
128	97	128	10000	U
128	97	39	3	L
128	97	7	1	R
128	97	122	1	R
128	97	50	1	R
128	97	69	1	R
43	12	66	1	R
43	12	25	1	R
43	12	160	1	R
43	12	87	1	R
43	12	43	10000	U
43	12	26	1	R
43	12	90	1	R
12	43	144	3	L
12	43	6	3	L
12	43	12	10000	U
12	43	74	3	L
51	94	142	1	R
51	94	42	1	R
51	94	62	3	L
51	94	51	10000	U
51	94	107	3	L
94	51	82	3	L
94	51	74	3	L
94	51	68	3	L
94	51	94	10000	U
88	30	98	3	L
88	30	126	1	R
88	30	91	1	R
88	30	88	10000	U
30	88	140	3	L
30	88	41	1	R
30	88	30	10000	U
30	88	117	3	L
12	26	69	1	R
12	26	33	1	R
12	26	35	1	R
12	26	12	10000	U
26	12	66	3	L
26	12	25	3	L
26	12	160	3	L
26	12	87	3	L
26	12	43	3	L
26	12	26	10000	U
26	12	90	3	L
128	156	28	1	R
128	156	61	1	R
128	156	128	10000	U
156	128	75	3	L
156	128	96	3	L
156	128	97	1	R
156	128	156	10000	U
105	68	117	1	R
105	68	11	1	R
105	68	105	10000	U
68	105	2	1	R
68	105	104	1	R
68	105	68	10000	U
87	75	76	1	R
87	75	45	3	L
87	75	87	10000	U
87	75	22	1	R
75	87	43	1	R
75	87	111	1	R
75	87	75	10000	U
75	87	151	3	L
36	6	93	3	L
36	6	120	1	R
36	6	36	10000	U
6	36	16	3	L
6	36	62	3	L
6	36	151	3	L
6	36	6	10000	U
80	145	103	3	L
80	145	147	3	L
80	145	80	10000	U
145	80	46	1	R
145	80	49	1	R
145	80	118	1	R
145	80	145	10000	U
41	137	19	1	R
41	137	43	1	R
41	137	41	10000	U
41	137	119	1	R
41	137	69	1	R
137	41	49	3	L
137	41	151	3	L
137	41	137	10000	U
111	52	65	1	R
111	52	56	1	R
111	52	97	1	R
111	52	111	10000	U
111	52	25	1	R
52	111	90	3	L
52	111	15	3	L
52	111	70	3	L
52	111	88	3	L
52	111	52	10000	U
52	111	45	1	R
22	75	76	1	R
22	75	45	3	L
22	75	87	3	L
22	75	22	10000	U
75	22	149	3	L
75	22	65	3	L
75	22	101	3	L
75	22	43	1	R
75	22	75	10000	U
121	154	104	1	R
121	154	158	1	R
121	154	121	10000	U
154	121	124	3	L
154	121	35	3	L
154	121	154	10000	U
154	121	141	1	R
48	99	151	1	R
48	99	106	1	R
48	99	139	1	R
48	99	37	1	R
48	99	48	10000	U
48	99	7	1	R
48	99	23	1	R
48	99	31	1	R
99	48	34	3	L
99	48	101	1	R
99	48	99	10000	U
40	69	157	1	R
40	69	109	3	L
40	69	40	10000	U
40	69	137	1	R
40	69	116	3	L
40	69	59	3	L
40	69	97	3	L
69	40	152	1	R
69	40	150	1	R
69	40	107	1	R
69	40	155	1	R
69	40	112	3	L
69	40	69	10000	U
117	88	140	1	R
117	88	41	3	L
117	88	30	1	R
117	88	117	10000	U
88	117	155	3	L
88	117	144	3	L
88	117	88	10000	U
97	39	25	3	L
97	39	124	3	L
97	39	97	10000	U
39	97	10	1	R
39	97	108	1	R
39	97	128	1	R
39	97	39	10000	U
39	97	7	1	R
39	97	122	1	R
39	97	50	1	R
39	97	69	1	R
1	45	147	1	R
1	45	77	3	L
1	45	1	10000	U
1	45	111	3	L
45	1	156	0	O
45	1	72	0	O
45	1	45	0	O
99	7	113	3	L
99	7	143	1	R
99	7	99	10000	U
99	7	97	3	L
99	7	141	3	L
99	7	130	1	R
7	99	151	3	L
7	99	106	3	L
7	99	139	1	R
7	99	37	1	R
7	99	48	3	L
7	99	7	10000	U
7	99	23	3	L
7	99	31	3	L
159	134	150	3	L
159	134	89	3	L
159	134	159	10000	U
134	159	21	1	R
134	159	92	1	R
134	159	134	10000	U
134	159	16	1	R
97	7	113	1	R
97	7	143	1	R
97	7	99	1	R
97	7	97	10000	U
97	7	141	1	R
97	7	130	1	R
7	97	10	3	L
7	97	108	3	L
7	97	128	3	L
7	97	39	3	L
7	97	7	10000	U
7	97	122	3	L
7	97	50	3	L
7	97	69	3	L
119	137	19	1	R
119	137	43	1	R
119	137	41	3	L
119	137	119	10000	U
119	137	69	3	L
137	119	6	1	R
137	119	58	3	L
137	119	85	1	R
137	119	137	10000	U
7	141	134	3	L
7	141	37	1	R
7	141	7	10000	U
7	141	121	3	L
141	7	113	1	R
141	7	143	1	R
141	7	99	1	R
141	7	97	3	L
141	7	141	10000	U
141	7	130	1	R
23	99	151	3	L
23	99	106	1	R
23	99	139	1	R
23	99	37	1	R
23	99	48	3	L
23	99	7	1	R
23	99	23	10000	U
23	99	31	1	R
99	23	112	3	L
99	23	52	1	R
99	23	154	3	L
99	23	99	10000	U
99	23	81	1	R
99	23	139	3	L
144	158	41	1	R
144	158	94	1	R
144	158	90	1	R
144	158	144	10000	U
158	144	138	3	L
158	144	119	3	L
158	144	158	10000	U
77	15	83	3	L
77	15	47	3	L
77	15	77	10000	U
15	77	40	1	R
15	77	5	1	R
15	77	13	1	R
15	77	95	1	R
15	77	15	10000	U
159	16	26	3	L
159	16	57	1	R
159	16	159	10000	U
16	159	21	1	R
16	159	92	3	L
16	159	134	3	L
16	159	16	10000	U
42	151	96	1	R
42	151	81	1	R
42	151	36	1	R
42	151	42	10000	U
42	151	87	3	L
151	42	111	1	R
151	42	155	1	R
151	42	151	10000	U
99	31	122	1	R
99	31	118	3	L
99	31	99	10000	U
31	99	151	3	L
31	99	106	3	L
31	99	139	1	R
31	99	37	1	R
31	99	48	3	L
31	99	7	1	R
31	99	23	3	L
31	99	31	10000	U
137	69	157	1	R
137	69	109	3	L
137	69	40	3	L
137	69	137	10000	U
137	69	116	3	L
137	69	59	3	L
137	69	97	1	R
69	137	19	1	R
69	137	43	1	R
69	137	41	3	L
69	137	119	1	R
69	137	69	10000	U
90	12	66	3	L
90	12	25	1	R
90	12	160	3	L
90	12	87	3	L
90	12	43	3	L
90	12	26	1	R
90	12	90	10000	U
12	90	87	1	R
12	90	4	1	R
12	90	12	10000	U
76	9	59	3	L
76	9	36	1	R
76	9	76	10000	U
76	9	157	1	R
76	9	113	1	R
9	76	105	1	R
9	76	63	1	R
9	76	9	10000	U
81	23	112	3	L
81	23	52	1	R
81	23	154	3	L
81	23	99	3	L
81	23	81	10000	U
81	23	139	3	L
23	81	68	1	R
23	81	75	1	R
23	81	131	1	R
23	81	23	10000	U
122	97	10	1	R
122	97	108	1	R
122	97	128	3	L
122	97	39	3	L
122	97	7	1	R
122	97	122	10000	U
122	97	50	3	L
122	97	69	1	R
97	122	39	1	R
97	122	154	3	L
97	122	97	10000	U
108	96	148	3	L
108	96	1	1	R
108	96	67	3	L
108	96	108	10000	U
96	108	14	1	R
96	108	73	1	R
96	108	96	10000	U
96	108	72	3	L
151	87	43	1	R
151	87	111	1	R
151	87	75	1	R
151	87	151	10000	U
87	151	96	1	R
87	151	81	1	R
87	151	36	1	R
87	151	42	1	R
87	151	87	10000	U
120	101	100	3	L
120	101	29	3	L
120	101	150	3	L
120	101	120	10000	U
101	120	158	1	R
101	120	67	1	R
101	120	141	3	L
101	120	119	1	R
101	120	86	1	R
101	120	101	10000	U
101	120	74	1	R
38	33	133	1	R
38	33	137	3	L
38	33	38	10000	U
33	38	123	1	R
33	38	54	3	L
33	38	103	3	L
33	38	33	10000	U
131	47	48	1	R
131	47	149	1	R
131	47	74	1	R
131	47	131	10000	U
47	131	23	1	R
47	131	27	3	L
47	131	108	3	L
47	131	25	3	L
47	131	81	3	L
47	131	47	10000	U
47	131	73	3	L
114	127	126	3	L
114	127	90	3	L
114	127	145	1	R
114	127	114	10000	U
127	114	160	3	L
127	114	70	1	R
127	114	108	1	R
127	114	127	10000	U
69	116	119	3	L
69	116	10	3	L
69	116	69	10000	U
116	69	157	3	L
116	69	109	3	L
116	69	40	1	R
116	69	137	1	R
116	69	116	10000	U
116	69	59	1	R
116	69	97	3	L
74	120	158	3	L
74	120	67	3	L
74	120	141	1	R
74	120	119	3	L
74	120	86	1	R
74	120	101	3	L
74	120	74	10000	U
120	74	33	1	R
120	74	44	3	L
120	74	47	1	R
120	74	120	10000	U
120	74	43	1	R
43	74	33	3	L
43	74	44	3	L
43	74	47	3	L
43	74	120	3	L
43	74	43	10000	U
74	43	144	1	R
74	43	6	3	L
74	43	12	1	R
74	43	74	10000	U
9	157	7	1	R
9	157	82	1	R
9	157	106	1	R
9	157	9	10000	U
157	9	59	3	L
157	9	36	1	R
157	9	76	3	L
157	9	157	10000	U
157	9	113	1	R
52	25	114	1	R
52	25	71	3	L
52	25	116	3	L
52	25	131	1	R
52	25	52	10000	U
25	52	65	3	L
25	52	56	3	L
25	52	97	1	R
25	52	111	3	L
25	52	25	10000	U
107	94	142	1	R
107	94	42	1	R
107	94	62	1	R
107	94	51	1	R
107	94	107	10000	U
94	107	3	3	L
94	107	133	3	L
94	107	94	10000	U
73	131	23	1	R
73	131	27	3	L
73	131	108	3	L
73	131	25	3	L
73	131	81	3	L
73	131	47	1	R
73	131	73	10000	U
131	73	30	3	L
131	73	40	1	R
131	73	131	10000	U
160	100	13	1	R
160	100	7	3	L
160	100	160	10000	U
100	160	36	1	R
100	160	38	1	R
100	160	100	10000	U
97	50	73	3	L
97	50	26	3	L
97	50	97	10000	U
50	97	10	1	R
50	97	108	1	R
50	97	128	3	L
50	97	39	3	L
50	97	7	1	R
50	97	122	1	R
50	97	50	10000	U
50	97	69	1	R
110	34	31	3	L
110	34	125	1	R
110	34	110	10000	U
34	110	92	1	R
34	110	123	1	R
34	110	34	10000	U
9	113	74	1	R
9	113	128	3	L
9	113	9	10000	U
113	9	59	1	R
113	9	36	3	L
113	9	76	3	L
113	9	157	3	L
113	9	113	10000	U
59	69	157	3	L
59	69	109	3	L
59	69	40	1	R
59	69	137	1	R
59	69	116	3	L
59	69	59	10000	U
59	69	97	3	L
69	59	139	1	R
69	59	102	1	R
69	59	69	10000	U
141	121	124	3	L
141	121	35	3	L
141	121	154	3	L
141	121	141	10000	U
121	141	134	1	R
121	141	37	1	R
121	141	7	1	R
121	141	121	10000	U
23	139	4	3	L
23	139	55	1	R
23	139	135	1	R
23	139	154	3	L
23	139	99	3	L
23	139	23	10000	U
139	23	112	1	R
139	23	52	1	R
139	23	154	1	R
139	23	99	1	R
139	23	81	1	R
139	23	139	10000	U
69	97	10	1	R
69	97	108	1	R
69	97	128	3	L
69	97	39	3	L
69	97	7	1	R
69	97	122	3	L
69	97	50	3	L
69	97	69	10000	U
97	69	157	3	L
97	69	109	1	R
97	69	40	1	R
97	69	137	3	L
97	69	116	1	R
97	69	59	1	R
97	69	97	10000	U
72	108	14	1	R
72	108	73	1	R
72	108	96	1	R
72	108	72	10000	U
108	72	131	3	L
108	72	130	3	L
108	72	108	10000	U
111	45	147	1	R
111	45	77	1	R
111	45	1	1	R
111	45	111	10000	U
45	111	90	3	L
45	111	15	3	L
45	111	70	3	L
45	111	88	3	L
45	111	52	3	L
45	111	45	10000	U
130	7	113	3	L
130	7	143	3	L
130	7	99	3	L
130	7	97	3	L
130	7	141	3	L
130	7	130	10000	U
7	130	143	1	R
7	130	117	1	R
7	130	7	10000	U
