Name:			p16
#Vehicles:		24
Capacity:		300
Depot:			1
#Nodes:			180
#Edges:			80
#Arcs:			400
#Required-N:	0
#Required-E:	80
#Required-A:	160
#Nb-Turns:		1888

----------NODES----------
INDEX	QTY	IS-REQUIRED	X	Y
1	0	0	167.99	40.24
2	0	0	76.93	72.77
3	0	0	108.49	75.6
4	0	0	49.14	130.7
5	0	0	132.8	42.36
6	0	0	185.99	128.75
7	0	0	90.28	83.94
8	0	0	109.85	29.70
9	0	0	146.34	197.79
10	0	0	125.38	151.38
11	0	0	42.94	72.45
12	0	0	180.35	33.39
13	0	0	63.80	121.12
14	0	0	78.88	103.47
15	0	0	208.82	87.94
16	0	0	170.69	147.82
17	0	0	137.77	145.19
18	0	0	53.1	162.70
19	0	0	152.6	101.67
20	0	0	101.45	157.3
21	0	0	102.92	137.84
22	0	0	133.9	114.47
23	0	0	47.42	179.78
24	0	0	122.75	79.48
25	0	0	81.66	125.87
26	0	0	160.64	108.37
27	0	0	82.94	92.95
28	0	0	34.25	134.42
29	0	0	104.24	0.55
30	0	0	113.93	100.59
31	0	0	109.77	134.37
32	0	0	91.62	93.76
33	0	0	80.7	56.80
34	0	0	138.99	228.31
35	0	0	88.90	140.51
36	0	0	88.25	120.67
37	0	0	153.9	98.69
38	0	0	55.13	170.81
39	0	0	115.11	180.98
40	0	0	140.19	89.77
41	0	0	125.89	223.20
42	0	0	84.38	107.12
43	0	0	42.31	82.87
44	0	0	191.7	106.83
45	0	0	102.54	126.15
46	0	0	25.38	96.46
47	0	0	36.77	129.1
48	0	0	164.80	188.85
49	0	0	107.72	185.94
50	0	0	80.51	38.4
51	0	0	129.56	96.3
52	0	0	87.24	165.40
53	0	0	54.36	151.83
54	0	0	138.5	190.83
55	0	0	88.70	67.49
56	0	0	98.97	119.67
57	0	0	122.40	107.58
58	0	0	165.41	124.65
59	0	0	99.74	130.35
60	0	0	82.54	166.7
61	0	0	48.38	154.43
62	0	0	77.1	190.97
63	0	0	158.58	162.8
64	0	0	146.42	211.53
65	0	0	116.26	45.72
66	0	0	109.11	141.71
67	0	0	4.15	67.58
68	0	0	148.13	18.74
69	0	0	110.7	107.71
70	0	0	168.91	59.84
71	0	0	125.75	60.60
72	0	0	114.92	69.12
73	0	0	131.55	180.25
74	0	0	139.32	112.65
75	0	0	64.65	137.57
76	0	0	198.29	194.91
77	0	0	118.84	157.27
78	0	0	36.90	146.92
79	0	0	185.68	186.83
80	0	0	57.83	219.18
81	0	0	40.62	110.0
82	0	0	72.77	143.74
83	0	0	141.34	108.11
84	0	0	97.58	79.56
85	0	0	39.21	120.73
86	0	0	120.57	31.91
87	0	0	103.4	115.64
88	0	0	133.66	121.5
89	0	0	0.54	106.77
90	0	0	79.93	117.43
91	0	0	181.95	139.84
92	0	0	68.38	101.94
93	0	0	214.82	157.56
94	0	0	51.39	31.23
95	0	0	34.62	100.20
96	0	0	18.78	132.22
97	0	0	118.51	199.92
98	0	0	19.67	65.67
99	0	0	188.51	90.14
100	0	0	92.86	201.88
101	0	0	134.22	66.71
102	0	0	30.40	164.35
103	0	0	142.64	33.27
104	0	0	100.17	205.52
105	0	0	85.37	27.3
106	0	0	60.64	107.0
107	0	0	195.30	141.89
108	0	0	184.82	65.16
109	0	0	171.99	116.10
110	0	0	121.91	46.16
111	0	0	151.35	70.27
112	0	0	171.63	75.94
113	0	0	122.41	89.32
114	0	0	77.6	135.29
115	0	0	147.99	83.30
116	0	0	85.62	130.35
117	0	0	195.6	152.67
118	0	0	141.74	162.44
119	0	0	167.69	161.81
120	0	0	95.0	158.89
121	0	0	52.57	205.74
122	0	0	70.46	155.33
123	0	0	89.4	149.51
124	0	0	30.26	60.16
125	0	0	76.69	65.0
126	0	0	33.75	32.96
127	0	0	173.34	91.53
128	0	0	164.97	132.49
129	0	0	231.95	195.26
130	0	0	138.94	79.56
131	0	0	97.46	20.98
132	0	0	191.95	201.10
133	0	0	134.72	95.47
134	0	0	134.4	174.95
135	0	0	74.78	127.28
136	0	0	143.64	116.1
137	0	0	131.6	144.82
138	0	0	118.12	130.82
139	0	0	117.99	116.65
140	0	0	114.11	89.4
141	0	0	104.55	156.91
142	0	0	196.11	130.21
143	0	0	73.2	179.44
144	0	0	117.10	142.45
145	0	0	23.90	72.95
146	0	0	106.14	85.79
147	0	0	126.47	143.49
148	0	0	59.85	68.73
149	0	0	170.17	70.13
150	0	0	160.81	69.0
151	0	0	200.6	105.33
152	0	0	97.83	187.27
153	0	0	143.13	50.58
154	0	0	123.82	162.77
155	0	0	67.18	56.11
156	0	0	160.45	58.52
157	0	0	130.14	127.79
158	0	0	230.62	128.68
159	0	0	133.6	103.51
160	0	0	100.86	27.61
161	0	0	103.93	102.13
162	0	0	153.54	143.97
163	0	0	88.73	134.84
164	0	0	91.94	142.6
165	0	0	177.43	111.77
166	0	0	110.76	176.90
167	0	0	114.44	165.45
168	0	0	82.83	0.77
169	0	0	112.14	169.44
170	0	0	129.66	78.23
171	0	0	54.35	130.40
172	0	0	176.44	158.41
173	0	0	158.56	137.97
174	0	0	79.56	88.24
175	0	0	107.28	175.22
176	0	0	153.27	26.75
177	0	0	140.77	66.73
178	0	0	100.24	12.78
179	0	0	152.92	128.43
180	0	0	118.64	105.38

----------EDGES----------
INDEX-I	INDEX-J	QTY	IS-REQUIRED	TR-COST
46	43	38	1	97
3	70	25	1	59
137	104	5	1	59
74	36	23	1	45
93	129	50	1	62
157	134	11	1	45
180	157	24	1	22
88	163	47	1	68
4	115	35	1	81
170	8	7	1	50
52	122	45	1	18
106	12	31	1	87
159	88	20	1	31
161	138	23	1	28
118	175	12	1	35
31	25	46	1	74
136	57	32	1	21
84	2	6	1	23
61	45	22	1	64
179	164	33	1	53
63	51	31	1	59
17	44	40	1	71
163	59	20	1	12
104	34	9	1	60
133	21	32	1	42
70	156	18	1	76
155	148	43	1	16
45	162	38	1	41
109	26	39	1	15
30	159	18	1	21
177	109	44	1	93
66	42	26	1	39
81	116	32	1	52
45	85	44	1	85
90	14	39	1	17
138	9	25	1	49
30	140	50	1	13
38	46	12	1	73
72	87	21	1	48
92	113	28	1	72
113	179	15	1	56
65	50	9	1	62
123	92	8	1	56
50	105	30	1	15
149	170	22	1	52
80	77	9	1	70
180	170	19	1	33
165	147	49	1	51
125	56	11	1	43
101	115	31	1	25
139	10	25	1	50
21	153	31	1	74
32	7	20	1	14
57	148	34	1	66
43	106	36	1	34
167	60	41	1	79
37	66	47	1	63
176	130	22	1	42
116	141	23	1	37
84	42	36	1	28
58	142	29	1	58
115	119	16	1	80
97	141	5	1	85
59	133	10	1	37
79	107	49	1	94
21	58	39	1	68
112	162	24	1	55
174	4	42	1	49
20	73	41	1	41
18	53	35	1	20
123	177	20	1	72
72	148	45	1	85
24	153	33	1	31
42	13	17	1	78
60	104	18	1	40
25	157	44	1	31
60	88	16	1	69
78	47	33	1	25
177	174	43	1	53
171	82	16	1	56

-----------ARCS----------
INDEX-I	INDEX-J	QTY	IS-REQUIRED	TR-COST
168	160	0	0	33
160	71	16	1	57
71	43	5	1	76
43	135	34	1	61
135	139	0	0	34
139	114	30	1	46
114	85	0	0	53
85	106	0	0	26
106	123	0	0	40
123	120	0	0	11
120	167	34	1	19
167	20	0	0	61
20	104	0	0	85
104	175	0	0	35
175	166	0	0	5
166	97	0	0	24
97	63	0	0	81
63	134	28	1	31
134	119	19	1	74
119	40	29	1	70
40	110	0	0	38
110	108	0	0	98
108	133	0	0	43
133	91	16	1	51
91	6	0	0	15
6	1	6	1	65
1	56	45	1	76
56	154	0	0	34
154	82	44	1	61
82	23	11	1	51
23	152	22	1	49
152	15	0	0	88
15	176	0	0	94
176	105	14	1	67
105	95	0	0	82
95	126	0	0	113
126	148	45	1	89
148	75	43	1	52
75	169	15	1	62
169	80	0	0	71
80	121	13	1	66
121	143	0	0	29
143	25	0	0	50
25	13	0	0	16
13	89	0	0	50
89	47	17	1	55
47	145	0	0	54
145	124	0	0	14
124	178	0	0	76
178	46	0	0	91
46	35	44	1	56
35	88	39	1	41
88	136	30	1	12
136	117	8	1	48
117	128	0	0	36
128	66	29	1	42
66	39	0	0	39
39	163	0	0	41
163	33	0	0	63
33	161	0	0	46
161	180	21	1	15
180	21	0	0	55
21	100	0	0	64
100	31	0	0	57
31	14	0	0	42
14	84	0	0	53
84	65	0	0	34
65	103	35	1	37
103	101	32	1	29
101	112	0	0	43
112	177	0	0	30
177	57	44	1	69
57	36	0	0	37
36	32	32	1	35
32	17	50	1	48
17	34	0	0	66
34	41	49	1	81
41	64	0	0	25
64	9	33	1	14
9	62	0	0	91
62	81	0	0	89
81	53	27	1	42
53	4	0	0	21
4	96	0	0	25
96	171	0	0	57
171	61	0	0	33
61	18	0	0	13
18	28	22	1	43
28	42	0	0	41
42	51	0	0	46
51	16	0	0	66
16	127	0	0	92
127	37	0	0	20
37	27	0	0	54
27	174	0	0	7
174	170	10	1	47
170	58	50	1	52
58	77	0	0	49
77	109	0	0	46
109	155	0	0	100
155	29	0	0	89
29	70	0	0	72
70	142	0	0	67
142	99	37	1	72
99	107	28	1	62
107	60	15	1	72
60	173	0	0	63
173	26	0	0	72
26	72	0	0	48
72	115	0	0	72
115	149	0	0	30
149	150	0	0	11
150	22	0	0	47
22	19	0	0	23
19	10	0	0	57
10	24	32	1	56
24	141	22	1	59
141	156	0	0	80
156	153	48	1	27
153	12	0	0	74
12	151	38	1	97
151	147	0	0	77
147	44	33	1	85
44	132	0	0	67
132	129	6	1	95
129	158	0	0	80
158	165	0	0	45
165	157	0	0	35
157	93	0	0	69
93	172	0	0	59
172	76	0	0	42
76	48	27	1	45
48	79	25	1	27
79	59	0	0	95
59	38	0	0	78
38	45	0	0	51
45	146	0	0	32
146	86	0	0	50
86	68	0	0	30
68	131	0	0	52
131	8	0	0	16
8	111	0	0	64
111	179	0	0	60
179	162	0	0	29
162	49	0	0	60
49	54	10	1	42
54	73	35	1	13
73	137	32	1	32
137	140	49	1	42
140	144	18	1	69
144	113	11	1	48
113	55	0	0	59
55	2	0	0	17
2	3	0	0	40
3	94	0	0	85
94	98	0	0	76
98	67	0	0	16
67	102	0	0	95
102	7	7	1	108
7	159	0	0	38
159	118	42	1	46
118	87	0	0	102
87	52	0	0	51
52	164	0	0	23
164	90	21	1	25
90	78	0	0	67
78	122	31	1	30
122	92	23	1	47
92	30	0	0	36
30	116	8	1	42
116	69	0	0	35
69	11	0	0	70
11	5	0	0	78
5	130	0	0	31
130	83	0	0	20
83	74	0	0	5
74	138	12	1	23
138	50	0	0	68
50	125	0	0	43
125	168	0	0	61
180	111	0	0	45
111	87	0	0	59
87	143	0	0	59
143	167	22	1	35
167	134	7	1	20
134	76	40	1	72
76	45	39	1	96
45	47	18	1	54
47	82	0	0	34
82	21	39	1	25
21	119	38	1	54
119	172	44	1	44
172	79	0	0	40
79	22	16	1	69
22	139	43	1	14
139	115	0	0	39
115	179	0	0	76
179	42	20	1	81
42	7	0	0	43
7	78	0	0	70
78	11	0	0	68
11	163	0	0	70
163	75	27	1	23
75	61	0	0	26
61	53	0	0	8
53	60	40	1	24
60	121	7	1	63
121	100	0	0	71
100	10	0	0	55
10	116	0	0	44
116	92	0	0	47
92	124	10	1	55
124	131	0	0	57
131	110	0	0	39
110	81	35	1	82
81	35	23	1	47
35	102	0	0	55
102	41	0	0	115
41	49	0	0	71
49	141	24	1	25
141	20	41	1	4
20	114	0	0	29
114	27	48	1	34
27	72	0	0	38
72	69	0	0	62
69	51	0	0	23
51	90	45	1	46
90	164	0	0	25
164	77	0	0	37
77	18	0	0	46
18	85	0	0	39
85	171	0	0	18
171	66	39	1	39
66	144	15	1	10
144	123	0	0	52
123	161	5	1	46
161	126	0	0	68
126	94	35	1	89
94	147	0	0	88
147	57	46	1	34
57	24	0	0	26
24	65	22	1	28
65	86	0	0	15
86	33	0	0	49
33	106	15	1	58
106	122	18	1	48
122	64	25	1	83
64	129	0	0	81
129	117	23	1	56
117	118	0	0	62
118	128	0	0	79
128	19	0	0	30
19	37	0	0	4
37	58	0	0	38
58	107	29	1	52
107	142	0	0	14
142	169	21	1	74
169	138	0	0	34
138	25	6	1	48
25	59	17	1	52
59	173	29	1	56
173	149	41	1	55
149	108	0	0	74
108	31	45	1	96
31	36	22	1	63
36	3	0	0	48
3	130	46	1	35
130	155	0	0	60
155	113	0	0	67
113	157	0	0	45
157	48	0	0	51
48	54	0	0	30
54	132	31	1	56
132	34	37	1	60
34	62	23	1	61
62	84	0	0	70
84	150	14	1	47
150	176	34	1	67
176	168	22	1	78
168	43	45	1	93
43	97	46	1	106
97	91	0	0	74
91	162	35	1	59
162	93	0	0	58
93	158	0	0	41
158	109	35	1	81
109	151	37	1	27
151	153	0	0	73
153	68	30	1	33
68	1	17	1	28
1	103	0	0	81
103	71	0	0	45
71	133	41	1	30
133	14	24	1	51
14	177	48	1	70
177	29	36	1	87
29	95	0	0	86
95	38	0	0	71
38	152	0	0	43
152	16	0	0	72
16	74	35	1	40
74	166	12	1	53
166	104	43	1	35
104	39	0	0	43
39	73	0	0	20
73	154	50	1	18
154	137	0	0	23
137	156	0	0	77
156	50	0	0	89
50	13	24	1	79
13	63	22	1	100
63	83	0	0	53
83	127	0	0	55
127	15	20	1	60
15	12	0	0	59
12	105	0	0	110
105	178	0	0	71
178	112	0	0	66
112	99	26	1	21
99	165	28	1	22
165	136	0	0	36
136	8	0	0	66
8	140	0	0	62
140	160	38	1	46
160	5	10	1	40
5	101	16	1	46
101	146	0	0	30
146	135	50	1	45
135	23	0	0	45
23	80	0	0	54
80	28	45	1	83
28	96	42	1	71
96	89	0	0	40
89	67	0	0	43
67	46	0	0	97
46	145	0	0	26
145	148	0	0	62
148	17	30	1	104
17	88	11	1	33
88	30	0	0	21
30	55	0	0	33
55	125	0	0	16
125	170	0	0	71
170	9	0	0	95
9	26	0	0	79
26	6	0	0	44
6	175	6	1	63
175	52	0	0	19
52	120	0	0	37
120	56	0	0	56
56	4	0	0	45
4	40	0	0	66
40	159	7	1	20
159	44	28	1	49
44	70	0	0	42
70	98	0	0	95
98	174	0	0	54
174	2	40	1	28
2	32	0	0	26
32	180	49	1	49
98	2	7	1	67
82	36	0	0	30
142	112	0	0	92
3	161	0	0	59
138	164	24	1	25
137	69	0	0	41
60	91	29	1	86
102	139	0	0	77
141	88	0	0	52
145	85	32	1	42
37	105	0	0	75
120	122	0	0	54
170	139	0	0	48
133	156	30	1	60
179	91	20	1	81
114	143	0	0	48
81	95	0	0	13
31	24	5	1	51
40	19	27	1	17
26	83	0	0	19
142	51	5	1	57
41	164	36	1	64
2	106	29	1	40
98	118	0	0	124
57	42	0	0	34
75	54	0	0	73
122	169	44	1	45
62	102	0	0	76
22	31	29	1	55
51	101	42	1	25
88	172	0	0	39
42	87	9	1	42
95	143	38	1	78
35	164	0	0	4
166	3	11	1	71
139	171	26	1	68
147	167	0	0	21
36	122	26	1	35
167	62	0	0	81
108	111	16	1	69

----------TURNS----------
INDEX-I	INDEX-J INDEX-K	COST TYPE
168	160	71	1	R
168	160	5	1	R
160	71	43	1	R
160	71	133	1	R
71	43	135	1	R
71	43	97	1	R
71	43	46	1	R
71	43	106	1	R
43	135	139	1	R
43	135	23	1	R
135	139	114	1	R
135	139	115	1	R
135	139	171	3	L
135	139	10	1	R
139	114	85	1	R
139	114	27	1	R
139	114	143	1	R
114	85	106	3	L
114	85	171	1	R
114	85	45	1	R
85	106	123	3	L
85	106	122	3	L
85	106	12	3	L
85	106	43	1	R
106	123	120	3	L
106	123	161	3	L
106	123	92	3	L
106	123	177	3	L
123	120	167	1	R
123	120	56	3	L
123	120	122	3	L
120	167	20	1	R
120	167	134	1	R
120	167	62	3	L
120	167	60	3	L
167	20	104	1	R
167	20	114	3	L
167	20	73	1	R
20	104	175	3	L
20	104	39	3	L
20	104	137	3	L
20	104	34	3	L
20	104	60	3	L
104	175	166	1	R
104	175	52	3	L
104	175	118	1	R
175	166	97	1	R
175	166	104	1	R
175	166	3	1	R
166	97	63	1	R
166	97	91	1	R
166	97	141	1	R
97	63	134	1	R
97	63	83	1	R
97	63	51	1	R
63	134	119	0	R
63	134	76	3	L
63	134	157	1	R
134	119	40	1	R
134	119	172	3	L
134	119	115	3	L
119	40	110	1	R
119	40	159	3	L
119	40	19	3	L
40	110	108	1	R
40	110	81	1	R
110	108	133	3	L
110	108	31	1	R
110	108	111	1	R
108	133	91	3	L
108	133	14	1	R
108	133	156	3	L
108	133	21	1	R
108	133	59	1	R
133	91	6	1	R
133	91	162	3	L
91	6	1	1	R
91	6	175	1	R
6	1	56	0	O
6	1	103	0	O
1	56	154	3	L
1	56	4	1	R
1	56	125	3	L
56	154	82	3	L
56	154	137	3	L
154	82	23	1	R
154	82	21	1	R
154	82	36	1	R
154	82	171	3	L
82	23	152	1	R
82	23	80	3	L
23	152	15	1	R
23	152	16	1	R
152	15	176	1	R
152	15	12	1	R
15	176	105	1	R
15	176	168	3	L
15	176	130	1	R
176	105	95	1	R
176	105	178	1	R
176	105	50	3	L
105	95	126	1	R
105	95	38	1	R
105	95	143	1	R
95	126	148	3	L
95	126	94	3	L
126	148	75	3	L
126	148	17	3	L
126	148	155	3	L
126	148	57	3	L
126	148	72	3	L
148	75	169	3	L
148	75	61	3	L
148	75	54	3	L
75	169	80	3	L
75	169	138	3	L
169	80	121	1	R
169	80	28	3	L
169	80	77	3	L
80	121	143	1	R
80	121	100	1	R
121	143	25	1	R
121	143	167	3	L
143	25	13	3	L
143	25	59	1	R
143	25	31	3	L
143	25	157	1	R
25	13	89	3	L
25	13	63	3	L
25	13	42	3	L
13	89	47	3	L
13	89	67	1	R
89	47	145	3	L
89	47	82	3	L
89	47	78	3	L
47	145	124	1	R
47	145	148	1	R
47	145	85	3	L
145	124	178	1	R
145	124	131	3	L
124	178	46	1	R
124	178	112	1	R
178	46	35	3	L
178	46	145	1	R
178	46	43	3	L
178	46	38	3	L
46	35	88	3	L
46	35	102	1	R
46	35	164	3	L
35	88	136	1	R
35	88	30	3	L
35	88	172	3	L
35	88	163	3	L
35	88	159	3	L
35	88	60	3	L
88	136	117	1	R
88	136	8	1	R
88	136	57	3	L
136	117	128	1	R
136	117	118	1	R
117	128	66	1	R
117	128	19	3	L
128	66	39	1	R
128	66	144	3	L
128	66	42	3	L
128	66	37	1	R
66	39	163	3	L
66	39	73	1	R
39	163	33	1	R
39	163	75	3	L
39	163	88	1	R
39	163	59	1	R
163	33	161	1	R
163	33	106	1	R
33	161	180	3	L
33	161	126	3	L
33	161	138	3	L
161	180	21	1	R
161	180	111	3	L
161	180	157	1	R
161	180	170	1	R
180	21	100	3	L
180	21	119	3	L
180	21	133	1	R
180	21	153	1	R
180	21	58	1	R
21	100	31	3	L
21	100	10	3	L
100	31	14	1	R
100	31	36	3	L
100	31	24	3	L
100	31	25	3	L
31	14	84	1	R
31	14	177	1	R
31	14	90	1	R
14	84	65	3	L
14	84	150	3	L
14	84	2	3	L
14	84	42	1	R
84	65	103	3	L
84	65	86	1	R
84	65	50	3	L
65	103	101	1	R
65	103	71	3	L
103	101	112	1	R
103	101	146	1	R
103	101	115	1	R
101	112	177	1	R
101	112	99	1	R
101	112	162	1	R
112	177	57	1	R
112	177	29	1	R
112	177	109	1	R
112	177	123	1	R
112	177	174	1	R
177	57	36	3	L
177	57	24	1	R
177	57	42	1	R
177	57	136	1	R
177	57	148	3	L
57	36	32	1	R
57	36	3	1	R
57	36	122	3	L
57	36	74	3	L
36	32	17	1	R
36	32	180	1	R
36	32	7	3	L
32	17	34	1	R
32	17	88	1	R
32	17	44	1	R
17	34	41	1	R
17	34	62	1	R
17	34	104	1	R
34	41	64	3	L
34	41	49	1	R
34	41	164	1	R
41	64	9	1	R
41	64	129	3	L
64	9	62	1	R
64	9	26	1	R
64	9	138	1	R
9	62	81	3	L
9	62	84	3	L
9	62	102	3	L
62	81	53	3	L
62	81	35	3	L
62	81	95	1	R
62	81	116	3	L
81	53	4	3	L
81	53	60	3	L
81	53	18	1	R
53	4	96	1	R
53	4	40	1	R
53	4	115	1	R
53	4	174	3	L
4	96	171	1	R
4	96	89	1	R
96	171	61	3	L
96	171	66	3	L
96	171	82	1	R
171	61	18	1	R
171	61	53	3	L
171	61	45	1	R
61	18	28	1	R
61	18	85	1	R
61	18	53	3	L
18	28	42	3	L
18	28	96	1	R
28	42	51	3	L
28	42	7	3	L
28	42	87	3	L
28	42	66	3	L
28	42	84	3	L
28	42	13	3	L
42	51	16	3	L
42	51	90	3	L
42	51	101	3	L
42	51	63	1	R
51	16	127	3	L
51	16	74	3	L
16	127	37	1	R
16	127	15	3	L
127	37	27	1	R
127	37	58	1	R
127	37	105	1	R
127	37	66	1	R
37	27	174	1	R
37	27	72	1	R
27	174	170	0	R
27	174	2	1	R
27	174	4	3	L
27	174	177	1	R
174	170	58	1	R
174	170	9	1	R
174	170	139	1	R
174	170	8	3	L
174	170	149	1	R
174	170	180	1	R
170	58	77	1	R
170	58	107	3	L
170	58	142	3	L
170	58	21	3	L
58	77	109	3	L
58	77	18	1	R
58	77	80	1	R
77	109	155	3	L
77	109	151	1	R
77	109	26	3	L
77	109	177	3	L
109	155	29	1	R
109	155	113	3	L
109	155	148	1	R
155	29	70	1	R
155	29	95	1	R
29	70	142	1	R
29	70	98	3	L
29	70	3	1	R
29	70	156	1	R
70	142	99	1	R
70	142	169	1	R
70	142	112	1	R
70	142	51	1	R
70	142	58	1	R
142	99	107	1	R
142	99	165	3	L
99	107	60	3	L
99	107	142	1	R
99	107	79	1	R
107	60	173	3	L
107	60	121	1	R
107	60	91	3	L
107	60	167	3	L
107	60	104	1	R
107	60	88	3	L
60	173	26	1	R
60	173	149	1	R
173	26	72	1	R
173	26	6	3	L
173	26	83	1	R
173	26	109	3	L
26	72	115	1	R
26	72	69	1	R
26	72	87	3	L
26	72	148	1	R
72	115	149	3	L
72	115	179	3	L
72	115	4	3	L
72	115	101	3	L
72	115	119	3	L
115	149	150	3	L
115	149	108	1	R
115	149	170	1	R
149	150	22	1	R
149	150	176	3	L
150	22	19	1	R
150	22	139	1	R
150	22	31	1	R
22	19	10	1	R
22	19	37	1	R
19	10	24	1	R
19	10	116	1	R
19	10	139	1	R
10	24	141	3	L
10	24	65	3	L
10	24	153	1	R
24	141	156	3	L
24	141	20	1	R
24	141	88	3	L
24	141	116	1	R
24	141	97	1	R
141	156	153	3	L
141	156	50	1	R
141	156	70	3	L
156	153	12	1	R
156	153	68	1	R
156	153	21	1	R
156	153	24	1	R
153	12	151	3	L
153	12	105	3	L
153	12	106	3	L
12	151	147	3	L
12	151	153	3	L
151	147	44	3	L
151	147	57	3	L
151	147	167	3	L
151	147	165	3	L
147	44	132	1	R
147	44	70	1	R
147	44	17	3	L
44	132	129	1	R
44	132	34	1	R
132	129	158	3	L
132	129	117	1	R
132	129	93	3	L
129	158	165	3	L
129	158	109	3	L
158	165	157	1	R
158	165	136	3	L
158	165	147	3	L
165	157	93	1	R
165	157	48	3	L
165	157	134	1	R
165	157	180	3	L
165	157	25	3	L
157	93	172	1	R
157	93	158	3	L
157	93	129	1	R
93	172	76	3	L
93	172	79	3	L
172	76	48	3	L
172	76	45	3	L
76	48	79	1	R
76	48	54	3	L
48	79	59	1	R
48	79	22	1	R
48	79	107	1	R
79	59	38	1	R
79	59	173	1	R
79	59	163	3	L
79	59	133	1	R
59	38	45	3	L
59	38	152	3	L
59	38	46	1	R
38	45	146	1	R
38	45	47	3	L
38	45	61	3	L
38	45	162	3	L
38	45	85	3	L
45	146	86	1	R
45	146	135	1	R
146	86	68	1	R
146	86	33	1	R
86	68	131	1	R
86	68	1	3	L
68	131	8	1	R
68	131	110	3	L
131	8	111	1	R
131	8	140	1	R
131	8	170	1	R
8	111	179	3	L
8	111	87	1	R
111	179	162	1	R
111	179	42	3	L
111	179	91	3	L
111	179	164	3	L
111	179	113	3	L
179	162	49	1	R
179	162	93	1	R
179	162	45	1	R
179	162	112	1	R
162	49	54	3	L
162	49	141	3	L
49	54	73	3	L
49	54	132	3	L
54	73	137	3	L
54	73	154	3	L
54	73	20	3	L
73	137	140	1	R
73	137	156	1	R
73	137	69	1	R
73	137	104	1	R
137	140	144	1	R
137	140	160	3	L
137	140	30	1	R
140	144	113	1	R
140	144	123	3	L
144	113	55	1	R
144	113	157	1	R
144	113	92	1	R
144	113	179	1	R
113	55	2	3	L
113	55	125	1	R
55	2	3	1	R
55	2	32	1	R
55	2	106	3	L
55	2	84	1	R
2	3	94	1	R
2	3	130	1	R
2	3	161	3	L
2	3	70	3	L
3	94	98	3	L
3	94	147	3	L
94	98	67	3	L
94	98	174	3	L
94	98	2	3	L
94	98	118	3	L
98	67	102	3	L
98	67	46	3	L
67	102	7	1	R
67	102	41	1	R
67	102	139	1	R
102	7	159	3	L
102	7	78	3	L
102	7	32	1	R
7	159	118	1	R
7	159	44	3	L
7	159	88	3	L
7	159	30	1	R
159	118	87	3	L
159	118	128	1	R
159	118	175	3	L
118	87	52	1	R
118	87	143	3	L
118	87	72	1	R
87	52	164	1	R
87	52	120	1	R
87	52	122	3	L
52	164	90	1	R
52	164	77	1	R
52	164	179	1	R
164	90	78	1	R
164	90	164	10000	U
164	90	14	3	L
90	78	122	3	L
90	78	11	3	L
90	78	47	1	R
78	122	92	3	L
78	122	64	3	L
78	122	169	3	L
78	122	52	3	L
122	92	30	1	R
122	92	124	3	L
122	92	113	1	R
122	92	123	1	R
92	30	116	1	R
92	30	55	1	R
92	30	159	1	R
92	30	140	1	R
30	116	69	1	R
30	116	92	1	R
30	116	81	1	R
30	116	141	3	L
116	69	11	3	L
116	69	51	1	R
69	11	5	3	L
69	11	163	1	R
11	5	130	1	R
11	5	101	1	R
5	130	83	1	R
5	130	155	1	R
5	130	176	3	L
130	83	74	1	R
130	83	127	1	R
83	74	138	1	R
83	74	166	1	R
83	74	36	1	R
74	138	50	1	R
74	138	25	3	L
74	138	164	3	L
74	138	161	3	L
74	138	9	1	R
138	50	125	3	L
138	50	13	1	R
138	50	65	1	R
138	50	105	1	R
50	125	168	3	L
50	125	170	3	L
50	125	56	3	L
125	168	160	1	R
125	168	43	3	L
180	111	179	3	L
180	111	87	1	R
111	87	52	1	R
111	87	143	1	R
111	87	72	1	R
87	143	25	3	L
87	143	167	1	R
143	167	20	1	R
143	167	134	1	R
143	167	62	3	L
143	167	60	1	R
167	134	119	1	R
167	134	76	3	L
167	134	157	1	R
134	76	48	3	L
134	76	45	1	R
76	45	146	1	R
76	45	47	3	L
76	45	61	3	L
76	45	162	3	L
76	45	85	1	R
45	47	145	3	L
45	47	82	3	L
45	47	78	3	L
47	82	23	3	L
47	82	21	1	R
47	82	36	3	L
47	82	171	3	L
82	21	100	1	R
82	21	119	3	L
82	21	133	1	R
82	21	153	1	R
82	21	58	1	R
21	119	40	3	L
21	119	172	3	L
21	119	115	3	L
119	172	76	1	R
119	172	79	1	R
172	79	59	1	R
172	79	22	3	L
172	79	107	3	L
79	22	19	1	R
79	22	139	1	R
79	22	31	1	R
22	139	114	1	R
22	139	115	1	R
22	139	171	1	R
22	139	10	1	R
139	115	149	1	R
139	115	179	1	R
139	115	4	1	R
139	115	101	1	R
139	115	119	1	R
115	179	162	1	R
115	179	42	1	R
115	179	91	1	R
115	179	164	3	L
115	179	113	3	L
179	42	51	1	R
179	42	7	3	L
179	42	87	1	R
179	42	66	1	R
179	42	84	3	L
179	42	13	1	R
42	7	159	3	L
42	7	78	3	L
42	7	32	3	L
7	78	122	3	L
7	78	11	3	L
7	78	47	1	R
78	11	5	3	L
78	11	163	1	R
11	163	33	1	R
11	163	75	3	L
11	163	88	1	R
11	163	59	1	R
163	75	169	3	L
163	75	61	3	L
163	75	54	3	L
75	61	18	3	L
75	61	53	3	L
75	61	45	3	L
61	53	4	3	L
61	53	60	1	R
61	53	18	1	R
53	60	173	1	R
53	60	121	1	R
53	60	91	1	R
53	60	167	1	R
53	60	104	1	R
53	60	88	1	R
60	121	143	1	R
60	121	100	1	R
121	100	31	3	L
121	100	10	3	L
100	10	24	3	L
100	10	116	3	L
100	10	139	3	L
10	116	69	1	R
10	116	92	1	R
10	116	81	3	L
10	116	141	3	L
116	92	30	1	R
116	92	124	3	L
116	92	113	3	L
116	92	123	1	R
92	124	178	3	L
92	124	131	3	L
124	131	8	1	R
124	131	110	3	L
131	110	108	3	L
131	110	81	1	R
110	81	53	1	R
110	81	35	1	R
110	81	95	1	R
110	81	116	1	R
81	35	88	3	L
81	35	102	3	L
81	35	164	3	L
35	102	7	1	R
35	102	41	1	R
35	102	139	1	R
102	41	64	3	L
102	41	49	1	R
102	41	164	1	R
41	49	54	3	L
41	49	141	3	L
49	141	156	3	L
49	141	20	3	L
49	141	88	3	L
49	141	116	3	L
49	141	97	3	L
141	20	104	1	R
141	20	114	1	R
141	20	73	1	R
20	114	85	3	L
20	114	27	3	L
20	114	143	3	L
114	27	174	1	R
114	27	72	3	L
27	72	115	1	R
27	72	69	1	R
27	72	87	3	L
27	72	148	1	R
72	69	11	1	R
72	69	51	1	R
69	51	16	1	R
69	51	90	1	R
69	51	101	3	L
69	51	63	3	L
51	90	78	1	R
51	90	164	3	L
51	90	14	3	L
90	164	90	10000	U
90	164	77	3	L
90	164	179	3	L
164	77	109	3	L
164	77	18	1	R
164	77	80	1	R
77	18	28	1	R
77	18	85	1	R
77	18	53	3	L
18	85	106	3	L
18	85	171	1	R
18	85	45	3	L
85	171	61	1	R
85	171	66	1	R
85	171	82	1	R
171	66	39	3	L
171	66	144	1	R
171	66	42	3	L
171	66	37	3	L
66	144	113	1	R
66	144	123	3	L
144	123	120	3	L
144	123	161	3	L
144	123	92	3	L
144	123	177	3	L
123	161	180	3	L
123	161	126	1	R
123	161	138	1	R
161	126	148	3	L
161	126	94	1	R
126	94	98	3	L
126	94	147	3	L
94	147	44	3	L
94	147	57	3	L
94	147	167	3	L
94	147	165	3	L
147	57	36	3	L
147	57	24	3	L
147	57	42	3	L
147	57	136	3	L
147	57	148	3	L
57	24	141	3	L
57	24	65	3	L
57	24	153	3	L
24	65	103	3	L
24	65	86	1	R
24	65	50	3	L
65	86	68	1	R
65	86	33	1	R
86	33	161	3	L
86	33	106	1	R
33	106	123	3	L
33	106	122	1	R
33	106	12	1	R
33	106	43	3	L
106	122	92	1	R
106	122	64	1	R
106	122	169	1	R
106	122	52	1	R
122	64	9	1	R
122	64	129	1	R
64	129	158	1	R
64	129	117	1	R
64	129	93	3	L
129	117	128	1	R
129	117	118	1	R
117	118	87	1	R
117	118	128	1	R
117	118	175	3	L
118	128	66	1	R
118	128	19	3	L
128	19	10	3	L
128	19	37	1	R
19	37	27	1	R
19	37	58	1	R
19	37	105	1	R
19	37	66	1	R
37	58	77	1	R
37	58	107	3	L
37	58	142	3	L
37	58	21	1	R
58	107	60	3	L
58	107	142	1	R
58	107	79	1	R
107	142	99	1	R
107	142	169	1	R
107	142	112	1	R
107	142	51	1	R
107	142	58	1	R
142	169	80	1	R
142	169	138	1	R
169	138	50	1	R
169	138	25	3	L
169	138	164	3	L
169	138	161	3	L
169	138	9	1	R
138	25	13	3	L
138	25	59	1	R
138	25	31	3	L
138	25	157	1	R
25	59	38	1	R
25	59	173	1	R
25	59	163	3	L
25	59	133	1	R
59	173	26	1	R
59	173	149	1	R
173	149	150	3	L
173	149	108	1	R
173	149	170	1	R
149	108	133	1	R
149	108	31	1	R
149	108	111	1	R
108	31	14	1	R
108	31	36	1	R
108	31	24	3	L
108	31	25	1	R
31	36	32	1	R
31	36	3	1	R
31	36	122	3	L
31	36	74	3	L
36	3	94	1	R
36	3	130	1	R
36	3	161	1	R
36	3	70	1	R
3	130	83	3	L
3	130	155	1	R
3	130	176	3	L
130	155	29	3	L
130	155	113	3	L
130	155	148	1	R
155	113	55	3	L
155	113	157	3	L
155	113	92	3	L
155	113	179	1	R
113	157	93	1	R
113	157	48	1	R
113	157	134	1	R
113	157	180	1	R
113	157	25	3	L
157	48	79	1	R
157	48	54	3	L
48	54	73	3	L
48	54	132	3	L
54	132	129	3	L
54	132	34	3	L
132	34	41	3	L
132	34	62	1	R
132	34	104	1	R
34	62	81	3	L
34	62	84	1	R
34	62	102	3	L
62	84	65	1	R
62	84	150	1	R
62	84	2	1	R
62	84	42	1	R
84	150	22	1	R
84	150	176	3	L
150	176	105	1	R
150	176	168	3	L
150	176	130	3	L
176	168	160	1	R
176	168	43	3	L
168	43	135	1	R
168	43	97	3	L
168	43	46	1	R
168	43	106	1	R
43	97	63	1	R
43	97	91	1	R
43	97	141	3	L
97	91	6	1	R
97	91	162	3	L
91	162	49	3	L
91	162	93	1	R
91	162	45	1	R
91	162	112	3	L
162	93	172	1	R
162	93	158	3	L
162	93	129	1	R
93	158	165	3	L
93	158	109	3	L
158	109	155	1	R
158	109	151	1	R
158	109	26	1	R
158	109	177	1	R
109	151	147	1	R
109	151	153	1	R
151	153	12	3	L
151	153	68	3	L
151	153	21	3	L
151	153	24	3	L
153	68	131	3	L
153	68	1	1	R
68	1	56	0	O
68	1	103	0	O
1	103	101	1	R
1	103	71	3	L
103	71	43	3	L
103	71	133	3	L
71	133	91	3	L
71	133	14	3	L
71	133	156	3	L
71	133	21	1	R
71	133	59	1	R
133	14	84	3	L
133	14	177	1	R
133	14	90	1	R
14	177	57	1	R
14	177	29	1	R
14	177	109	1	R
14	177	123	1	R
14	177	174	1	R
177	29	70	3	L
177	29	95	1	R
29	95	126	1	R
29	95	38	1	R
29	95	143	1	R
95	38	45	3	L
95	38	152	3	L
95	38	46	3	L
38	152	15	3	L
38	152	16	1	R
152	16	127	1	R
152	16	74	1	R
16	74	138	1	R
16	74	166	3	L
16	74	36	3	L
74	166	97	1	R
74	166	104	1	R
74	166	3	1	R
166	104	175	1	R
166	104	39	1	R
166	104	137	1	R
166	104	34	1	R
166	104	60	3	L
104	39	163	1	R
104	39	73	3	L
39	73	137	1	R
39	73	154	1	R
39	73	20	1	R
73	154	82	1	R
73	154	137	1	R
154	137	140	1	R
154	137	156	1	R
154	137	69	1	R
154	137	104	1	R
137	156	153	3	L
137	156	50	1	R
137	156	70	3	L
156	50	125	1	R
156	50	13	1	R
156	50	65	1	R
156	50	105	1	R
50	13	89	1	R
50	13	63	1	R
50	13	42	1	R
13	63	134	3	L
13	63	83	1	R
13	63	51	3	L
63	83	74	1	R
63	83	127	1	R
83	127	37	1	R
83	127	15	3	L
127	15	176	3	L
127	15	12	1	R
15	12	151	1	R
15	12	105	1	R
15	12	106	1	R
12	105	95	1	R
12	105	178	3	L
12	105	50	1	R
105	178	46	3	L
105	178	112	3	L
178	112	177	1	R
178	112	99	3	L
178	112	162	1	R
112	99	107	3	L
112	99	165	1	R
99	165	157	3	L
99	165	136	3	L
99	165	147	3	L
165	136	117	3	L
165	136	8	1	R
165	136	57	3	L
136	8	111	1	R
136	8	140	1	R
136	8	170	1	R
8	140	144	1	R
8	140	160	3	L
8	140	30	1	R
140	160	71	1	R
140	160	5	1	R
160	5	130	1	R
160	5	101	1	R
5	101	112	1	R
5	101	146	3	L
5	101	115	3	L
101	146	86	3	L
101	146	135	3	L
146	135	139	1	R
146	135	23	1	R
135	23	152	1	R
135	23	80	3	L
23	80	121	1	R
23	80	28	3	L
23	80	77	3	L
80	28	42	3	L
80	28	96	3	L
28	96	171	3	L
28	96	89	1	R
96	89	47	3	L
96	89	67	3	L
89	67	102	1	R
89	67	46	1	R
67	46	35	1	R
67	46	145	1	R
67	46	43	3	L
67	46	38	1	R
46	145	124	3	L
46	145	148	3	L
46	145	85	1	R
145	148	75	3	L
145	148	17	1	R
145	148	155	1	R
145	148	57	1	R
145	148	72	1	R
148	17	34	1	R
148	17	88	3	L
148	17	44	1	R
17	88	136	1	R
17	88	30	3	L
17	88	172	3	L
17	88	163	3	L
17	88	159	3	L
17	88	60	3	L
88	30	116	3	L
88	30	55	3	L
88	30	159	3	L
88	30	140	3	L
30	55	2	1	R
30	55	125	3	L
55	125	168	1	R
55	125	170	1	R
55	125	56	1	R
125	170	58	1	R
125	170	9	1	R
125	170	139	1	R
125	170	8	3	L
125	170	149	3	L
125	170	180	3	L
170	9	62	3	L
170	9	26	1	R
170	9	138	1	R
9	26	72	1	R
9	26	6	1	R
9	26	83	1	R
9	26	109	3	L
26	6	1	3	L
26	6	175	3	L
6	175	166	1	R
6	175	52	3	L
6	175	118	1	R
175	52	164	1	R
175	52	120	3	L
175	52	122	1	R
52	120	167	1	R
52	120	56	1	R
52	120	122	1	R
120	56	154	3	L
120	56	4	1	R
120	56	125	3	L
56	4	96	1	R
56	4	40	1	R
56	4	115	1	R
56	4	174	1	R
4	40	110	1	R
4	40	159	3	L
4	40	19	3	L
40	159	118	1	R
40	159	44	3	L
40	159	88	1	R
40	159	30	1	R
159	44	132	1	R
159	44	70	1	R
159	44	17	3	L
44	70	142	1	R
44	70	98	1	R
44	70	3	1	R
44	70	156	1	R
70	98	67	3	L
70	98	174	1	R
70	98	2	3	L
70	98	118	3	L
98	174	170	1	R
98	174	2	1	R
98	174	4	3	L
98	174	177	1	R
174	2	3	1	R
174	2	32	1	R
174	2	106	1	R
174	2	84	1	R
2	32	17	1	R
2	32	180	1	R
2	32	7	1	R
32	180	21	1	R
32	180	111	3	L
32	180	157	1	R
32	180	170	1	R
98	2	3	1	R
98	2	32	1	R
98	2	106	3	L
98	2	84	1	R
82	36	32	1	R
82	36	3	1	R
82	36	122	1	R
82	36	74	1	R
142	112	177	1	R
142	112	99	3	L
142	112	162	1	R
3	161	180	3	L
3	161	126	3	L
3	161	138	3	L
138	164	90	3	L
138	164	77	1	R
138	164	179	1	R
137	69	11	3	L
137	69	51	1	R
60	91	6	1	R
60	91	162	3	L
102	139	114	1	R
102	139	115	1	R
102	139	171	1	R
102	139	10	1	R
141	88	136	1	R
141	88	30	3	L
141	88	172	3	L
141	88	163	3	L
141	88	159	3	L
141	88	60	3	L
145	85	106	3	L
145	85	171	1	R
145	85	45	3	L
37	105	95	1	R
37	105	178	3	L
37	105	50	3	L
120	122	92	1	R
120	122	64	1	R
120	122	169	3	L
120	122	52	1	R
170	139	114	1	R
170	139	115	1	R
170	139	171	1	R
170	139	10	1	R
133	156	153	1	R
133	156	50	1	R
133	156	70	3	L
179	91	6	1	R
179	91	162	3	L
114	143	25	3	L
114	143	167	1	R
81	95	126	1	R
81	95	38	1	R
81	95	143	1	R
31	24	141	3	L
31	24	65	3	L
31	24	153	1	R
40	19	10	1	R
40	19	37	1	R
26	83	74	3	L
26	83	127	3	L
142	51	16	3	L
142	51	90	3	L
142	51	101	3	L
142	51	63	3	L
41	164	90	3	L
41	164	77	3	L
41	164	179	1	R
2	106	123	3	L
2	106	122	1	R
2	106	12	1	R
2	106	43	3	L
98	118	87	3	L
98	118	128	1	R
98	118	175	3	L
57	42	51	1	R
57	42	7	3	L
57	42	87	1	R
57	42	66	1	R
57	42	84	1	R
57	42	13	1	R
75	54	73	3	L
75	54	132	3	L
122	169	80	3	L
122	169	138	3	L
62	102	7	3	L
62	102	41	3	L
62	102	139	3	L
22	31	14	1	R
22	31	36	3	L
22	31	24	3	L
22	31	25	1	R
51	101	112	1	R
51	101	146	3	L
51	101	115	3	L
88	172	76	3	L
88	172	79	3	L
42	87	52	1	R
42	87	143	1	R
42	87	72	1	R
95	143	25	3	L
95	143	167	1	R
35	164	90	3	L
35	164	77	3	L
35	164	179	1	R
166	3	94	1	R
166	3	130	1	R
166	3	161	1	R
166	3	70	3	L
139	171	61	1	R
139	171	66	3	L
139	171	82	1	R
147	167	20	3	L
147	167	134	3	L
147	167	62	3	L
147	167	60	3	L
36	122	92	1	R
36	122	64	3	L
36	122	169	3	L
36	122	52	3	L
167	62	81	3	L
167	62	84	3	L
167	62	102	3	L
108	111	179	1	R
108	111	87	1	R
46	43	135	3	L
46	43	97	3	L
46	43	46	10000	U
46	43	106	3	L
43	46	35	1	R
43	46	145	1	R
43	46	43	10000	U
43	46	38	1	R
3	70	142	1	R
3	70	98	3	L
3	70	3	10000	U
3	70	156	3	L
70	3	94	1	R
70	3	130	1	R
70	3	161	1	R
70	3	70	10000	U
137	104	175	3	L
137	104	39	1	R
137	104	137	10000	U
137	104	34	3	L
137	104	60	3	L
104	137	140	3	L
104	137	156	3	L
104	137	69	1	R
104	137	104	10000	U
74	36	32	1	R
74	36	3	1	R
74	36	122	3	L
74	36	74	10000	U
36	74	138	3	L
36	74	166	1	R
36	74	36	10000	U
93	129	158	1	R
93	129	117	1	R
93	129	93	10000	U
129	93	172	3	L
129	93	158	3	L
129	93	129	10000	U
157	134	119	1	R
157	134	76	1	R
157	134	157	10000	U
134	157	93	1	R
134	157	48	3	L
134	157	134	10000	U
134	157	180	3	L
134	157	25	3	L
180	157	93	1	R
180	157	48	1	R
180	157	134	1	R
180	157	180	10000	U
180	157	25	3	L
157	180	21	1	R
157	180	111	3	L
157	180	157	10000	U
157	180	170	1	R
88	163	33	1	R
88	163	75	3	L
88	163	88	10000	U
88	163	59	1	R
163	88	136	1	R
163	88	30	3	L
163	88	172	1	R
163	88	163	10000	U
163	88	159	3	L
163	88	60	1	R
4	115	149	1	R
4	115	179	3	L
4	115	4	10000	U
4	115	101	1	R
4	115	119	1	R
115	4	96	1	R
115	4	40	1	R
115	4	115	10000	U
115	4	174	3	L
170	8	111	3	L
170	8	140	3	L
170	8	170	10000	U
8	170	58	1	R
8	170	9	1	R
8	170	139	1	R
8	170	8	10000	U
8	170	149	1	R
8	170	180	1	R
52	122	92	1	R
52	122	64	1	R
52	122	169	3	L
52	122	52	10000	U
122	52	164	1	R
122	52	120	1	R
122	52	122	10000	U
106	12	151	3	L
106	12	105	1	R
106	12	106	10000	U
12	106	123	3	L
12	106	122	1	R
12	106	12	10000	U
12	106	43	3	L
159	88	136	1	R
159	88	30	3	L
159	88	172	1	R
159	88	163	1	R
159	88	159	10000	U
159	88	60	1	R
88	159	118	1	R
88	159	44	3	L
88	159	88	10000	U
88	159	30	1	R
161	138	50	1	R
161	138	25	1	R
161	138	164	1	R
161	138	161	10000	U
161	138	9	3	L
138	161	180	3	L
138	161	126	1	R
138	161	138	10000	U
118	175	166	1	R
118	175	52	3	L
118	175	118	10000	U
175	118	87	1	R
175	118	128	1	R
175	118	175	10000	U
31	25	13	3	L
31	25	59	1	R
31	25	31	10000	U
31	25	157	1	R
25	31	14	1	R
25	31	36	3	L
25	31	24	3	L
25	31	25	10000	U
136	57	36	3	L
136	57	24	3	L
136	57	42	3	L
136	57	136	10000	U
136	57	148	3	L
57	136	117	1	R
57	136	8	1	R
57	136	57	10000	U
84	2	3	1	R
84	2	32	1	R
84	2	106	3	L
84	2	84	10000	U
2	84	65	1	R
2	84	150	1	R
2	84	2	10000	U
2	84	42	1	R
61	45	146	1	R
61	45	47	3	L
61	45	61	10000	U
61	45	162	3	L
61	45	85	1	R
45	61	18	3	L
45	61	53	1	R
45	61	45	10000	U
179	164	90	1	R
179	164	77	1	R
179	164	179	10000	U
164	179	162	1	R
164	179	42	1	R
164	179	91	1	R
164	179	164	10000	U
164	179	113	3	L
63	51	16	3	L
63	51	90	3	L
63	51	101	3	L
63	51	63	10000	U
51	63	134	1	R
51	63	83	1	R
51	63	51	10000	U
17	44	132	1	R
17	44	70	1	R
17	44	17	10000	U
44	17	34	3	L
44	17	88	3	L
44	17	44	10000	U
163	59	38	1	R
163	59	173	1	R
163	59	163	10000	U
163	59	133	1	R
59	163	33	3	L
59	163	75	1	R
59	163	88	3	L
59	163	59	10000	U
104	34	41	3	L
104	34	62	1	R
104	34	104	10000	U
34	104	175	3	L
34	104	39	1	R
34	104	137	1	R
34	104	34	10000	U
34	104	60	3	L
133	21	100	3	L
133	21	119	3	L
133	21	133	10000	U
133	21	153	1	R
133	21	58	3	L
21	133	91	3	L
21	133	14	1	R
21	133	156	3	L
21	133	21	10000	U
21	133	59	1	R
70	156	153	1	R
70	156	50	1	R
70	156	70	10000	U
156	70	142	1	R
156	70	98	3	L
156	70	3	1	R
156	70	156	10000	U
155	148	75	3	L
155	148	17	1	R
155	148	155	10000	U
155	148	57	1	R
155	148	72	3	L
148	155	29	3	L
148	155	113	1	R
148	155	148	10000	U
45	162	49	3	L
45	162	93	3	L
45	162	45	10000	U
45	162	112	3	L
162	45	146	1	R
162	45	47	3	L
162	45	61	1	R
162	45	162	10000	U
162	45	85	1	R
109	26	72	3	L
109	26	6	1	R
109	26	83	1	R
109	26	109	10000	U
26	109	155	3	L
26	109	151	1	R
26	109	26	10000	U
26	109	177	3	L
30	159	118	1	R
30	159	44	3	L
30	159	88	3	L
30	159	30	10000	U
159	30	116	1	R
159	30	55	1	R
159	30	159	10000	U
159	30	140	1	R
177	109	155	3	L
177	109	151	1	R
177	109	26	1	R
177	109	177	10000	U
109	177	57	1	R
109	177	29	1	R
109	177	109	10000	U
109	177	123	1	R
109	177	174	1	R
66	42	51	3	L
66	42	7	3	L
66	42	87	1	R
66	42	66	10000	U
66	42	84	3	L
66	42	13	3	L
42	66	39	1	R
42	66	144	3	L
42	66	42	10000	U
42	66	37	1	R
81	116	69	3	L
81	116	92	3	L
81	116	81	10000	U
81	116	141	1	R
116	81	53	1	R
116	81	35	3	L
116	81	95	1	R
116	81	116	10000	U
45	85	106	3	L
45	85	171	1	R
45	85	45	10000	U
85	45	146	1	R
85	45	47	3	L
85	45	61	3	L
85	45	162	3	L
85	45	85	10000	U
90	14	84	3	L
90	14	177	3	L
90	14	90	10000	U
14	90	78	1	R
14	90	164	1	R
14	90	14	10000	U
138	9	62	3	L
138	9	26	1	R
138	9	138	10000	U
9	138	50	3	L
9	138	25	1	R
9	138	164	3	L
9	138	161	1	R
9	138	9	10000	U
30	140	144	3	L
30	140	160	1	R
30	140	30	10000	U
140	30	116	1	R
140	30	55	1	R
140	30	159	3	L
140	30	140	10000	U
38	46	35	1	R
38	46	145	1	R
38	46	43	3	L
38	46	38	10000	U
46	38	45	3	L
46	38	152	3	L
46	38	46	10000	U
72	87	52	3	L
72	87	143	3	L
72	87	72	10000	U
87	72	115	1	R
87	72	69	1	R
87	72	87	10000	U
87	72	148	1	R
92	113	55	3	L
92	113	157	3	L
92	113	92	10000	U
92	113	179	1	R
113	92	30	1	R
113	92	124	3	L
113	92	113	10000	U
113	92	123	1	R
113	179	162	1	R
113	179	42	1	R
113	179	91	1	R
113	179	164	1	R
113	179	113	10000	U
179	113	55	3	L
179	113	157	3	L
179	113	92	3	L
179	113	179	10000	U
65	50	125	3	L
65	50	13	1	R
65	50	65	10000	U
65	50	105	3	L
50	65	103	1	R
50	65	86	3	L
50	65	50	10000	U
123	92	30	1	R
123	92	124	3	L
123	92	113	3	L
123	92	123	10000	U
92	123	120	3	L
92	123	161	1	R
92	123	92	10000	U
92	123	177	1	R
50	105	95	3	L
50	105	178	1	R
50	105	50	10000	U
105	50	125	3	L
105	50	13	1	R
105	50	65	1	R
105	50	105	10000	U
149	170	58	1	R
149	170	9	1	R
149	170	139	1	R
149	170	8	3	L
149	170	149	10000	U
149	170	180	3	L
170	149	150	1	R
170	149	108	3	L
170	149	170	10000	U
80	77	109	3	L
80	77	18	3	L
80	77	80	10000	U
77	80	121	1	R
77	80	28	1	R
77	80	77	10000	U
180	170	58	1	R
180	170	9	1	R
180	170	139	1	R
180	170	8	3	L
180	170	149	1	R
180	170	180	10000	U
170	180	21	3	L
170	180	111	3	L
170	180	157	3	L
170	180	170	10000	U
165	147	44	3	L
165	147	57	3	L
165	147	167	3	L
165	147	165	10000	U
147	165	157	1	R
147	165	136	1	R
147	165	147	10000	U
125	56	154	1	R
125	56	4	1	R
125	56	125	10000	U
56	125	168	3	L
56	125	170	3	L
56	125	56	10000	U
101	115	149	1	R
101	115	179	3	L
101	115	4	3	L
101	115	101	10000	U
101	115	119	3	L
115	101	112	1	R
115	101	146	1	R
115	101	115	10000	U
139	10	24	1	R
139	10	116	1	R
139	10	139	10000	U
10	139	114	3	L
10	139	115	1	R
10	139	171	3	L
10	139	10	10000	U
21	153	12	1	R
21	153	68	1	R
21	153	21	10000	U
21	153	24	1	R
153	21	100	3	L
153	21	119	3	L
153	21	133	3	L
153	21	153	10000	U
153	21	58	3	L
32	7	159	3	L
32	7	78	3	L
32	7	32	10000	U
7	32	17	3	L
7	32	180	3	L
7	32	7	10000	U
57	148	75	3	L
57	148	17	3	L
57	148	155	3	L
57	148	57	10000	U
57	148	72	3	L
148	57	36	1	R
148	57	24	1	R
148	57	42	1	R
148	57	136	1	R
148	57	148	10000	U
43	106	123	1	R
43	106	122	1	R
43	106	12	1	R
43	106	43	10000	U
106	43	135	3	L
106	43	97	3	L
106	43	46	1	R
106	43	106	10000	U
167	60	173	1	R
167	60	121	1	R
167	60	91	3	L
167	60	167	10000	U
167	60	104	1	R
167	60	88	3	L
60	167	20	1	R
60	167	134	1	R
60	167	62	3	L
60	167	60	10000	U
37	66	39	1	R
37	66	144	3	L
37	66	42	3	L
37	66	37	10000	U
66	37	27	3	L
66	37	58	3	L
66	37	105	1	R
66	37	66	10000	U
176	130	83	3	L
176	130	155	1	R
176	130	176	10000	U
130	176	105	1	R
130	176	168	3	L
130	176	130	10000	U
116	141	156	3	L
116	141	20	1	R
116	141	88	3	L
116	141	116	10000	U
116	141	97	3	L
141	116	69	1	R
141	116	92	1	R
141	116	81	3	L
141	116	141	10000	U
84	42	51	1	R
84	42	7	3	L
84	42	87	1	R
84	42	66	1	R
84	42	84	10000	U
84	42	13	1	R
42	84	65	3	L
42	84	150	3	L
42	84	2	3	L
42	84	42	10000	U
58	142	99	3	L
58	142	169	1	R
58	142	112	3	L
58	142	51	3	L
58	142	58	10000	U
142	58	77	3	L
142	58	107	1	R
142	58	142	10000	U
142	58	21	1	R
115	119	40	1	R
115	119	172	1	R
115	119	115	10000	U
119	115	149	1	R
119	115	179	3	L
119	115	4	3	L
119	115	101	1	R
119	115	119	10000	U
97	141	156	3	L
97	141	20	1	R
97	141	88	3	L
97	141	116	1	R
97	141	97	10000	U
141	97	63	1	R
141	97	91	1	R
141	97	141	10000	U
59	133	91	3	L
59	133	14	1	R
59	133	156	3	L
59	133	21	3	L
59	133	59	10000	U
133	59	38	3	L
133	59	173	1	R
133	59	163	3	L
133	59	133	10000	U
79	107	60	3	L
79	107	142	1	R
79	107	79	10000	U
107	79	59	1	R
107	79	22	1	R
107	79	107	10000	U
21	58	77	1	R
21	58	107	3	L
21	58	142	3	L
21	58	21	10000	U
58	21	100	3	L
58	21	119	3	L
58	21	133	1	R
58	21	153	1	R
58	21	58	10000	U
112	162	49	1	R
112	162	93	1	R
112	162	45	1	R
112	162	112	10000	U
162	112	177	1	R
162	112	99	3	L
162	112	162	10000	U
174	4	96	1	R
174	4	40	1	R
174	4	115	1	R
174	4	174	10000	U
4	174	170	3	L
4	174	2	3	L
4	174	4	10000	U
4	174	177	3	L
20	73	137	3	L
20	73	154	3	L
20	73	20	10000	U
73	20	104	1	R
73	20	114	3	L
73	20	73	10000	U
18	53	4	1	R
18	53	60	1	R
18	53	18	10000	U
53	18	28	1	R
53	18	85	1	R
53	18	53	10000	U
123	177	57	1	R
123	177	29	3	L
123	177	109	3	L
123	177	123	10000	U
123	177	174	3	L
177	123	120	3	L
177	123	161	1	R
177	123	92	3	L
177	123	177	10000	U
72	148	75	3	L
72	148	17	1	R
72	148	155	1	R
72	148	57	1	R
72	148	72	10000	U
148	72	115	3	L
148	72	69	3	L
148	72	87	3	L
148	72	148	10000	U
24	153	12	3	L
24	153	68	3	L
24	153	21	3	L
24	153	24	10000	U
153	24	141	3	L
153	24	65	3	L
153	24	153	10000	U
42	13	89	1	R
42	13	63	1	R
42	13	42	10000	U
13	42	51	3	L
13	42	7	3	L
13	42	87	1	R
13	42	66	1	R
13	42	84	3	L
13	42	13	10000	U
60	104	175	1	R
60	104	39	1	R
60	104	137	1	R
60	104	34	1	R
60	104	60	10000	U
104	60	173	3	L
104	60	121	3	L
104	60	91	3	L
104	60	167	3	L
104	60	104	10000	U
104	60	88	3	L
25	157	93	1	R
25	157	48	1	R
25	157	134	1	R
25	157	180	1	R
25	157	25	10000	U
157	25	13	3	L
157	25	59	1	R
157	25	31	3	L
157	25	157	10000	U
60	88	136	1	R
60	88	30	3	L
60	88	172	1	R
60	88	163	3	L
60	88	159	3	L
60	88	60	10000	U
88	60	173	1	R
88	60	121	1	R
88	60	91	3	L
88	60	167	1	R
88	60	104	1	R
88	60	88	10000	U
78	47	145	1	R
78	47	82	1	R
78	47	78	10000	U
47	78	122	3	L
47	78	11	3	L
47	78	47	10000	U
177	174	170	1	R
177	174	2	3	L
177	174	4	1	R
177	174	177	10000	U
174	177	57	1	R
174	177	29	1	R
174	177	109	3	L
174	177	123	1	R
174	177	174	10000	U
171	82	23	1	R
171	82	21	1	R
171	82	36	1	R
171	82	171	10000	U
82	171	61	3	L
82	171	66	3	L
82	171	82	10000	U
