Name:			p17
#Vehicles:		36
Capacity:		290
Depot:			1
#Nodes:			180
#Edges:			80
#Arcs:			400
#Required-N:	0
#Required-E:	80
#Required-A:	280
#Nb-Turns:		1896

----------NODES----------
INDEX	QTY	IS-REQUIRED	X	Y
1	0	0	216.57	151.37
2	0	0	113.48	109.70
3	0	0	89.86	87.31
4	0	0	81.14	144.29
5	0	0	127.74	62.22
6	0	0	160.30	75.86
7	0	0	117.26	36.24
8	0	0	176.96	175.67
9	0	0	205.29	128.73
10	0	0	211.12	110.84
11	0	0	177.56	166.95
12	0	0	236.46	21.34
13	0	0	103.92	16.96
14	0	0	189.33	108.84
15	0	0	182.86	4.33
16	0	0	149.85	53.25
17	0	0	98.36	178.16
18	0	0	49.94	136.2
19	0	0	150.40	83.37
20	0	0	145.82	156.0
21	0	0	160.64	163.26
22	0	0	158.19	100.56
23	0	0	141.59	66.53
24	0	0	150.39	114.19
25	0	0	105.24	30.54
26	0	0	123.87	54.63
27	0	0	127.32	88.23
28	0	0	43.37	82.89
29	0	0	0.55	70.14
30	0	0	129.76	138.40
31	0	0	201.96	87.92
32	0	0	97.70	128.83
33	0	0	138.68	171.92
34	0	0	118.31	227.64
35	0	0	117.90	130.75
36	0	0	129.91	124.2
37	0	0	149.98	79.97
38	0	0	97.4	76.10
39	0	0	113.95	184.91
40	0	0	134.61	87.14
41	0	0	172.53	146.81
42	0	0	90.62	70.75
43	0	0	137.8	0.55
44	0	0	64.4	81.70
45	0	0	159.20	84.30
46	0	0	89.67	202.6
47	0	0	140.51	142.58
48	0	0	106.81	213.22
49	0	0	163.11	183.12
50	0	0	180.4	53.89
51	0	0	143.69	112.57
52	0	0	92.29	138.32
53	0	0	58.1	142.44
54	0	0	130.94	191.34
55	0	0	129.11	104.47
56	0	0	122.81	189.26
57	0	0	116.41	100.35
58	0	0	121.61	47.69
59	0	0	50.85	40.29
60	0	0	61.10	112.43
61	0	0	52.91	146.30
62	0	0	90.19	154.13
63	0	0	72.66	80.29
64	0	0	200.15	139.11
65	0	0	176.10	136.67
66	0	0	143.58	157.52
67	0	0	68.67	73.55
68	0	0	214.58	131.79
69	0	0	167.24	124.51
70	0	0	61.56	38.53
71	0	0	192.7	57.66
72	0	0	158.18	52.96
73	0	0	133.60	177.74
74	0	0	108.95	67.50
75	0	0	62.22	160.54
76	0	0	71.2	192.83
77	0	0	89.7	95.71
78	0	0	182.23	99.68
79	0	0	96.93	185.92
80	0	0	124.1	21.53
81	0	0	59.28	126.54
82	0	0	165.58	135.53
83	0	0	107.90	63.47
84	0	0	138.29	131.85
85	0	0	84.96	168.34
86	0	0	188.44	143.82
87	0	0	68.1	103.98
88	0	0	107.80	140.60
89	0	0	104.48	78.37
90	0	0	152.71	151.50
91	0	0	150.2	68.13
92	0	0	124.46	155.78
93	0	0	99.6	200.34
94	0	0	64.29	54.65
95	0	0	58.78	116.46
96	0	0	74.73	124.32
97	0	0	61.26	98.83
98	0	0	58.11	83.46
99	0	0	94.65	167.10
100	0	0	227.81	126.95
101	0	0	153.38	107.60
102	0	0	170.41	104.15
103	0	0	176.11	116.81
104	0	0	68.9	153.9
105	0	0	196.48	118.33
106	0	0	106.47	154.14
107	0	0	97.17	96.8
108	0	0	225.39	100.15
109	0	0	112.11	49.19
110	0	0	164.0	118.18
111	0	0	137.58	148.47
112	0	0	112.61	153.44
113	0	0	74.90	164.99
114	0	0	133.61	125.94
115	0	0	193.88	78.61
116	0	0	181.55	149.13
117	0	0	151.12	169.14
118	0	0	106.82	135.45
119	0	0	114.41	168.7
120	0	0	134.39	132.74
121	0	0	140.54	78.8
122	0	0	158.35	123.23
123	0	0	130.25	142.16
124	0	0	122.32	215.18
125	0	0	142.0	90.95
126	0	0	3.30	144.16
127	0	0	139.73	62.68
128	0	0	150.36	122.5
129	0	0	155.39	225.30
130	0	0	91.94	55.84
131	0	0	166.84	162.27
132	0	0	122.79	171.25
133	0	0	206.81	70.14
134	0	0	101.60	104.1
135	0	0	120.76	71.40
136	0	0	102.67	151.12
137	0	0	169.85	172.38
138	0	0	111.30	93.62
139	0	0	149.77	93.36
140	0	0	193.27	124.2
141	0	0	149.46	155.84
142	0	0	83.89	95.54
143	0	0	112.51	84.40
144	0	0	139.20	165.34
145	0	0	111.32	208.56
146	0	0	175.66	89.10
147	0	0	94.77	112.23
148	0	0	45.9	192.24
149	0	0	173.68	55.99
150	0	0	173.26	65.88
151	0	0	142.80	39.55
152	0	0	91.28	48.78
153	0	0	232.89	97.46
154	0	0	150.64	187.74
155	0	0	31.27	99.67
156	0	0	240.67	118.43
157	0	0	57.2	211.51
158	0	0	67.15	171.32
159	0	0	115.93	77.0
160	0	0	166.68	62.0
161	0	0	86.15	161.52
162	0	0	157.97	139.36
163	0	0	77.26	182.41
164	0	0	119.88	133.17
165	0	0	74.33	180.22
166	0	0	79.36	118.61
167	0	0	110.63	125.23
168	0	0	186.52	32.96
169	0	0	122.78	94.51
170	0	0	160.11	39.75
171	0	0	92.29	157.59
172	0	0	71.85	157.37
173	0	0	96.37	32.73
174	0	0	124.9	83.58
175	0	0	82.19	121.51
176	0	0	240.69	52.76
177	0	0	92.15	129.12
178	0	0	164.56	210.3
179	0	0	184.72	130.1
180	0	0	97.61	166.57

----------EDGES----------
INDEX-I	INDEX-J	QTY	IS-REQUIRED	TR-COST
121	45	14	1	22
162	51	37	1	29
80	19	12	1	57
158	161	39	1	40
4	93	43	1	97
8	11	16	1	13
11	86	22	1	39
70	91	38	1	69
79	148	40	1	109
81	165	37	1	56
89	135	10	1	17
62	96	42	1	30
5	38	14	1	52
94	160	29	1	76
44	7	27	1	82
4	36	50	1	40
38	167	9	1	44
102	160	45	1	85
62	41	45	1	95
103	141	11	1	33
166	128	9	1	62
26	177	5	1	78
148	52	21	1	53
133	45	25	1	41
118	92	43	1	23
180	17	42	1	57
78	140	20	1	41
160	67	5	1	110
172	98	26	1	58
167	88	47	1	13
73	56	46	1	47
52	158	29	1	40
134	127	33	1	40
125	23	47	1	49
135	67	12	1	56
82	68	26	1	39
37	103	13	1	48
180	99	23	1	4
155	136	7	1	77
35	111	42	1	43
3	160	9	1	69
24	119	12	1	57
50	31	28	1	45
64	108	13	1	79
25	58	30	1	41
63	166	44	1	88
122	102	6	1	33
139	35	28	1	38
1	8	38	1	80
113	18	47	1	39
173	70	34	1	45
16	150	42	1	29
115	64	41	1	50
66	20	44	1	3
73	164	10	1	28
19	109	27	1	78
67	42	30	1	22
64	151	25	1	98
132	21	27	1	34
64	78	45	1	77
138	135	15	1	26
172	167	17	1	52
85	57	17	1	75
71	25	44	1	70
27	169	13	1	9
116	86	24	1	11
48	178	13	1	52
120	84	15	1	4
52	62	43	1	48
166	118	15	1	31
23	95	7	1	90
166	152	41	1	86
33	16	16	1	81
92	129	30	1	96
107	57	49	1	18
138	94	36	1	50
131	90	23	1	15
75	53	5	1	18
42	152	13	1	20
41	84	50	1	28

-----------ARCS----------
INDEX-I	INDEX-J	QTY	IS-REQUIRED	TR-COST
168	160	0	0	33
160	71	16	1	57
71	43	5	1	76
43	135	0	0	61
135	139	34	1	34
139	114	30	1	46
114	85	34	1	53
85	106	0	0	26
106	123	28	1	40
123	120	19	1	11
120	167	29	1	19
167	20	0	0	61
20	104	16	1	85
104	175	0	0	35
175	166	6	1	5
166	97	0	0	24
97	63	0	0	81
63	134	45	1	31
134	119	0	0	74
119	40	0	0	70
40	110	44	1	38
110	108	11	1	98
108	133	22	1	43
133	91	14	1	51
91	6	45	1	15
6	1	0	0	65
1	56	43	1	76
56	154	15	1	34
154	82	0	0	61
82	23	13	1	51
23	152	0	0	49
152	15	17	1	88
15	176	0	0	94
176	105	0	0	67
105	95	0	0	82
95	126	44	1	113
126	148	39	1	89
148	75	30	1	52
75	169	8	1	62
169	80	0	0	71
80	121	29	1	66
121	143	21	1	29
143	25	35	1	50
25	13	32	1	16
13	89	44	1	50
89	47	0	0	55
47	145	32	1	54
145	124	50	1	14
124	178	49	1	76
178	46	0	0	91
46	35	33	1	56
35	88	0	0	41
88	136	0	0	12
136	117	0	0	48
117	128	27	1	36
128	66	22	1	42
66	39	0	0	39
39	163	10	1	41
163	33	50	1	63
33	161	37	1	46
161	180	28	1	15
180	21	0	0	55
21	100	0	0	64
100	31	15	1	57
31	14	32	1	42
14	84	22	1	53
84	65	48	1	34
65	103	0	0	37
103	101	38	1	29
101	112	0	0	43
112	177	33	1	30
177	57	6	1	69
57	36	27	1	37
36	32	25	1	35
32	17	0	0	48
17	34	10	1	66
34	41	0	0	81
41	64	0	0	25
64	9	35	1	14
9	62	32	1	91
62	81	0	0	89
81	53	49	1	42
53	4	18	1	21
4	96	0	0	25
96	171	11	1	57
171	61	7	1	33
61	18	42	1	13
18	28	21	1	43
28	42	31	1	41
42	51	0	0	46
51	16	23	1	66
16	127	8	1	92
127	37	12	1	20
37	27	22	1	54
27	174	7	1	7
174	170	0	0	47
170	58	40	1	52
58	77	39	1	49
77	109	0	0	46
109	155	18	1	100
155	29	0	0	89
29	70	39	1	72
70	142	38	1	67
142	99	44	1	72
99	107	16	1	62
107	60	43	1	72
60	173	20	1	63
173	26	27	1	72
26	72	40	1	48
72	115	0	0	72
115	149	7	1	30
149	150	10	1	11
150	22	0	0	47
22	19	35	1	23
19	10	0	0	57
10	24	0	0	56
24	141	0	0	59
141	156	23	1	80
156	153	24	1	27
153	12	41	1	74
12	151	0	0	97
151	147	0	0	77
147	44	48	1	85
44	132	0	0	67
132	129	45	1	95
129	158	39	1	80
158	165	0	0	45
165	157	0	0	35
157	93	15	1	69
93	172	5	1	59
172	76	35	1	42
76	48	0	0	45
48	79	0	0	27
79	59	0	0	95
59	38	0	0	78
38	45	0	0	51
45	146	46	1	32
146	86	0	0	50
86	68	22	1	30
68	131	15	1	52
131	8	18	1	16
8	111	25	1	64
111	179	23	1	60
179	162	0	0	29
162	49	29	1	60
49	54	0	0	42
54	73	0	0	13
73	137	21	1	32
137	140	6	1	42
140	144	17	1	69
144	113	0	0	48
113	55	0	0	59
55	2	29	1	17
2	3	41	1	40
3	94	0	0	85
94	98	45	1	76
98	67	22	1	16
67	102	46	1	95
102	7	31	1	108
7	159	37	1	38
159	118	23	1	46
118	87	0	0	102
87	52	14	1	51
52	164	34	1	23
164	90	22	1	25
90	78	45	1	67
78	122	46	1	30
122	92	0	0	47
92	30	35	1	36
30	116	35	1	42
116	69	0	0	35
69	11	0	0	70
11	5	37	1	78
5	130	30	1	31
130	83	17	1	20
83	74	41	1	5
74	138	0	0	23
138	50	0	0	68
50	125	24	1	43
125	168	0	0	61
180	111	48	1	45
111	87	36	1	59
87	143	0	0	59
143	167	35	1	35
167	134	12	1	20
134	76	43	1	72
76	45	0	0	96
45	47	50	1	54
47	82	24	1	34
82	21	22	1	25
21	119	20	1	54
119	172	26	1	44
172	79	28	1	40
79	22	0	0	69
22	139	0	0	14
139	115	38	1	39
115	179	0	0	76
179	42	10	1	81
42	7	16	1	43
7	78	50	1	70
78	11	45	1	68
11	163	0	0	70
163	75	42	1	23
75	61	30	1	26
61	53	11	1	8
53	60	6	1	24
60	121	7	1	63
121	100	28	1	71
100	10	40	1	55
10	116	49	1	44
116	92	7	1	47
92	124	24	1	55
124	131	0	0	57
131	110	29	1	39
110	81	32	1	82
81	35	30	1	47
35	102	20	1	55
102	41	5	1	115
41	49	27	1	71
49	141	5	1	25
141	20	36	1	4
20	114	29	1	29
114	27	0	0	34
27	72	44	1	38
72	69	29	1	62
69	51	42	1	23
51	90	9	1	46
90	164	38	1	25
164	77	11	1	37
77	18	26	1	46
18	85	26	1	39
85	171	16	1	18
171	66	38	1	39
66	144	0	0	10
144	123	25	1	52
123	161	5	1	46
161	126	23	1	68
126	94	50	1	89
94	147	11	1	88
147	57	24	1	34
57	24	47	1	26
24	65	0	0	28
65	86	0	0	15
86	33	35	1	49
33	106	7	1	58
106	122	45	1	48
122	64	31	1	83
64	129	0	0	81
129	117	20	1	56
117	118	0	0	62
118	128	23	1	79
128	19	0	0	30
19	37	12	1	4
37	58	0	0	38
58	107	0	0	52
107	142	46	1	14
142	169	32	1	74
169	138	6	1	34
138	25	22	1	48
25	59	33	1	52
59	173	31	1	56
173	149	40	1	55
149	108	0	0	74
108	31	20	1	96
31	36	9	1	63
36	3	0	0	48
3	130	32	1	35
130	155	18	1	60
155	113	0	0	67
113	157	0	0	45
157	48	43	1	51
48	54	38	1	30
54	132	39	1	56
132	34	18	1	60
34	62	44	1	61
62	84	26	1	70
84	150	32	1	47
150	176	0	0	67
176	168	44	1	78
168	43	39	1	93
43	97	25	1	106
97	91	50	1	74
91	162	0	0	59
162	93	0	0	58
93	158	12	1	41
158	109	21	1	81
109	151	28	1	27
151	153	15	1	73
153	68	0	0	33
68	1	9	1	28
1	103	8	1	81
103	71	30	1	45
71	133	0	0	30
133	14	22	1	51
14	177	0	0	70
177	29	9	1	87
29	95	0	0	86
95	38	0	0	71
38	152	19	1	43
152	16	49	1	72
16	74	11	1	40
74	166	31	1	53
166	104	25	1	35
104	39	31	1	43
39	73	20	1	20
73	154	34	1	18
154	137	36	1	23
137	156	0	0	77
156	50	0	0	89
50	13	0	0	79
13	63	41	1	100
63	83	47	1	53
83	127	22	1	55
127	15	23	1	60
15	12	36	1	59
12	105	29	1	110
105	178	16	1	71
178	112	5	1	66
112	99	0	0	21
99	165	10	1	22
165	136	0	0	36
136	8	49	1	66
8	140	39	1	62
140	160	0	0	46
160	5	0	0	40
5	101	24	1	46
101	146	42	1	30
146	135	41	1	45
135	23	35	1	45
23	80	20	1	54
80	28	0	0	83
28	96	45	1	71
96	89	33	1	40
89	67	17	1	43
67	46	18	1	97
46	145	0	0	26
145	148	0	0	62
148	17	44	1	104
17	88	16	1	33
88	30	0	0	21
30	55	33	1	33
55	125	43	1	16
125	170	16	1	71
170	9	13	1	95
9	26	11	1	79
26	6	0	0	44
6	175	42	1	63
175	52	22	1	19
52	120	0	0	37
120	56	0	0	56
56	4	41	1	45
4	40	21	1	66
40	159	13	1	20
159	44	31	1	49
44	70	0	0	42
70	98	0	0	95
98	174	38	1	54
174	2	31	1	28
2	32	16	1	26
32	180	16	1	49
98	2	36	1	67
82	36	11	1	30
142	112	15	1	92
3	161	34	1	59
138	164	45	1	25
137	69	29	1	41
60	91	0	0	86
102	139	25	1	77
141	88	29	1	52
145	85	0	0	42
37	105	0	0	75
120	122	13	1	54
170	139	0	0	48
133	156	0	0	60
179	91	34	1	81
114	143	23	1	48
81	95	0	0	13
31	24	35	1	51
40	19	41	1	17
26	83	31	1	19
142	51	29	1	57
41	164	0	0	64
2	106	0	0	40
98	118	0	0	124
57	42	6	1	34
75	54	13	1	73
122	169	15	1	45
62	102	0	0	76
22	31	0	0	55
51	101	11	1	25
88	172	15	1	39
42	87	21	1	42
95	143	48	1	78
35	164	32	1	4
166	3	5	1	71
139	171	19	1	68
147	167	34	1	21
36	122	32	1	35
167	62	46	1	81
108	111	0	0	69

----------TURNS----------
INDEX-I	INDEX-J INDEX-K	COST TYPE
168	160	71	1	R
168	160	5	1	R
168	160	94	3	L
168	160	102	3	L
168	160	67	1	R
168	160	3	1	R
160	71	43	1	R
160	71	133	1	R
160	71	25	1	R
71	43	135	1	R
71	43	97	1	R
43	135	139	1	R
43	135	23	1	R
43	135	89	1	R
43	135	67	1	R
43	135	138	1	R
135	139	114	1	R
135	139	115	1	R
135	139	171	3	L
135	139	35	1	R
139	114	85	1	R
139	114	27	1	R
139	114	143	1	R
114	85	106	3	L
114	85	171	1	R
114	85	57	1	R
85	106	123	3	L
85	106	122	3	L
106	123	120	3	L
106	123	161	3	L
123	120	167	1	R
123	120	56	3	L
123	120	122	3	L
123	120	84	1	R
120	167	20	1	R
120	167	134	1	R
120	167	62	3	L
120	167	38	1	R
120	167	88	1	R
120	167	172	1	R
167	20	104	1	R
167	20	114	3	L
167	20	66	1	R
20	104	175	3	L
20	104	39	3	L
104	175	166	1	R
104	175	52	3	L
175	166	97	1	R
175	166	104	1	R
175	166	3	1	R
175	166	128	1	R
175	166	63	1	R
175	166	118	1	R
175	166	152	1	R
166	97	63	1	R
166	97	91	1	R
97	63	134	1	R
97	63	83	1	R
97	63	166	1	R
63	134	119	0	R
63	134	76	3	L
63	134	127	1	R
134	119	40	1	R
134	119	172	3	L
134	119	24	1	R
119	40	110	1	R
119	40	159	3	L
119	40	19	3	L
40	110	108	1	R
40	110	81	1	R
110	108	133	3	L
110	108	31	1	R
110	108	111	1	R
110	108	64	1	R
108	133	91	3	L
108	133	14	1	R
108	133	156	3	L
108	133	45	3	L
133	91	6	1	R
133	91	162	3	L
133	91	70	3	L
91	6	1	1	R
91	6	175	1	R
6	1	56	0	O
6	1	103	0	O
6	1	8	0	O
1	56	154	3	L
1	56	4	1	R
1	56	73	3	L
56	154	82	3	L
56	154	137	3	L
154	82	23	1	R
154	82	21	1	R
154	82	36	1	R
154	82	68	1	R
82	23	152	1	R
82	23	80	3	L
82	23	125	1	R
82	23	95	1	R
23	152	15	1	R
23	152	16	1	R
23	152	166	1	R
23	152	42	1	R
152	15	176	1	R
152	15	12	1	R
15	176	105	1	R
15	176	168	3	L
176	105	95	1	R
176	105	178	1	R
105	95	126	1	R
105	95	38	1	R
105	95	143	1	R
105	95	23	1	R
95	126	148	3	L
95	126	94	3	L
126	148	75	3	L
126	148	17	3	L
126	148	79	3	L
126	148	52	3	L
148	75	169	3	L
148	75	61	3	L
148	75	54	3	L
148	75	53	3	L
75	169	80	3	L
75	169	138	3	L
75	169	27	3	L
169	80	121	1	R
169	80	28	3	L
169	80	19	1	R
80	121	143	1	R
80	121	100	1	R
80	121	45	1	R
121	143	25	1	R
121	143	167	3	L
143	25	13	3	L
143	25	59	1	R
143	25	58	3	L
143	25	71	3	L
25	13	89	3	L
25	13	63	3	L
13	89	47	3	L
13	89	67	1	R
13	89	135	3	L
89	47	145	3	L
89	47	82	3	L
47	145	124	1	R
47	145	148	1	R
47	145	85	3	L
145	124	178	1	R
145	124	131	3	L
124	178	46	1	R
124	178	112	1	R
124	178	48	1	R
178	46	35	3	L
178	46	145	1	R
46	35	88	3	L
46	35	102	1	R
46	35	164	3	L
46	35	111	3	L
46	35	139	3	L
35	88	136	1	R
35	88	30	3	L
35	88	172	3	L
35	88	167	1	R
88	136	117	1	R
88	136	8	1	R
88	136	155	1	R
136	117	128	1	R
136	117	118	1	R
117	128	66	1	R
117	128	19	3	L
117	128	166	3	L
128	66	39	1	R
128	66	144	3	L
128	66	20	3	L
66	39	163	3	L
66	39	73	1	R
39	163	33	1	R
39	163	75	3	L
163	33	161	1	R
163	33	106	1	R
163	33	16	1	R
33	161	180	3	L
33	161	126	3	L
33	161	158	1	R
161	180	21	1	R
161	180	111	3	L
161	180	17	3	L
161	180	99	1	R
180	21	100	3	L
180	21	119	3	L
180	21	132	1	R
21	100	31	3	L
21	100	10	3	L
100	31	14	1	R
100	31	36	3	L
100	31	24	3	L
100	31	50	1	R
31	14	84	1	R
31	14	177	1	R
14	84	65	3	L
14	84	150	3	L
14	84	120	3	L
14	84	41	1	R
84	65	103	3	L
84	65	86	1	R
65	103	101	1	R
65	103	71	3	L
65	103	141	1	R
65	103	37	3	L
103	101	112	1	R
103	101	146	1	R
101	112	177	1	R
101	112	99	1	R
112	177	57	1	R
112	177	29	1	R
112	177	26	1	R
177	57	36	3	L
177	57	24	1	R
177	57	42	1	R
177	57	85	1	R
177	57	107	3	L
57	36	32	1	R
57	36	3	1	R
57	36	122	3	L
57	36	4	3	L
36	32	17	1	R
36	32	180	1	R
32	17	34	1	R
32	17	88	1	R
32	17	180	1	R
17	34	41	1	R
17	34	62	1	R
34	41	64	3	L
34	41	49	1	R
34	41	164	1	R
34	41	62	3	L
34	41	84	3	L
41	64	9	1	R
41	64	129	3	L
41	64	108	3	L
41	64	115	3	L
41	64	151	3	L
41	64	78	3	L
64	9	62	1	R
64	9	26	1	R
9	62	81	3	L
9	62	84	3	L
9	62	102	3	L
9	62	96	3	L
9	62	41	3	L
9	62	52	3	L
62	81	53	3	L
62	81	35	3	L
62	81	95	1	R
62	81	165	3	L
81	53	4	3	L
81	53	60	3	L
81	53	75	3	L
53	4	96	1	R
53	4	40	1	R
53	4	93	1	R
53	4	36	1	R
4	96	171	1	R
4	96	89	1	R
4	96	62	3	L
96	171	61	3	L
96	171	66	3	L
171	61	18	1	R
171	61	53	3	L
61	18	28	1	R
61	18	85	1	R
61	18	113	1	R
18	28	42	3	L
18	28	96	1	R
28	42	51	3	L
28	42	7	3	L
28	42	87	3	L
28	42	67	1	R
28	42	152	1	R
42	51	16	3	L
42	51	90	3	L
42	51	101	3	L
42	51	162	1	R
51	16	127	3	L
51	16	74	3	L
51	16	150	1	R
51	16	33	3	L
16	127	37	1	R
16	127	15	3	L
16	127	134	1	R
127	37	27	1	R
127	37	58	1	R
127	37	105	1	R
127	37	103	1	R
37	27	174	1	R
37	27	72	1	R
37	27	169	3	L
27	174	170	0	R
27	174	2	1	R
174	170	58	1	R
174	170	9	1	R
174	170	139	1	R
170	58	77	1	R
170	58	107	3	L
170	58	25	1	R
58	77	109	3	L
58	77	18	1	R
77	109	155	3	L
77	109	151	1	R
77	109	19	3	L
109	155	29	1	R
109	155	113	3	L
109	155	136	1	R
155	29	70	1	R
155	29	95	1	R
29	70	142	1	R
29	70	98	3	L
29	70	91	1	R
29	70	173	1	R
70	142	99	1	R
70	142	169	1	R
70	142	112	1	R
70	142	51	1	R
142	99	107	1	R
142	99	165	3	L
142	99	180	3	L
99	107	60	3	L
99	107	142	1	R
99	107	57	1	R
107	60	173	3	L
107	60	121	1	R
107	60	91	3	L
60	173	26	1	R
60	173	149	1	R
60	173	70	1	R
173	26	72	1	R
173	26	6	3	L
173	26	83	1	R
173	26	177	1	R
26	72	115	1	R
26	72	69	1	R
72	115	149	3	L
72	115	179	3	L
72	115	64	3	L
115	149	150	3	L
115	149	108	1	R
149	150	22	1	R
149	150	176	3	L
149	150	16	3	L
150	22	19	1	R
150	22	139	1	R
150	22	31	1	R
22	19	10	1	R
22	19	37	1	R
22	19	80	3	L
22	19	109	1	R
19	10	24	1	R
19	10	116	1	R
10	24	141	3	L
10	24	65	3	L
10	24	119	3	L
24	141	156	3	L
24	141	20	1	R
24	141	88	3	L
24	141	103	3	L
141	156	153	3	L
141	156	50	1	R
156	153	12	1	R
156	153	68	1	R
153	12	151	3	L
153	12	105	3	L
12	151	147	3	L
12	151	153	3	L
12	151	64	3	L
151	147	44	3	L
151	147	57	3	L
151	147	167	3	L
147	44	132	1	R
147	44	70	1	R
147	44	7	1	R
44	132	129	1	R
44	132	34	1	R
44	132	21	3	L
132	129	158	3	L
132	129	117	1	R
132	129	92	1	R
129	158	165	3	L
129	158	109	3	L
129	158	161	3	L
129	158	52	3	L
158	165	157	1	R
158	165	136	3	L
158	165	81	1	R
165	157	93	1	R
165	157	48	3	L
157	93	172	1	R
157	93	158	3	L
157	93	4	1	R
93	172	76	3	L
93	172	79	3	L
93	172	98	3	L
93	172	167	1	R
172	76	48	3	L
172	76	45	3	L
76	48	79	1	R
76	48	54	3	L
76	48	178	3	L
48	79	59	1	R
48	79	22	1	R
48	79	148	1	R
79	59	38	1	R
79	59	173	1	R
59	38	45	3	L
59	38	152	3	L
59	38	5	3	L
59	38	167	3	L
38	45	146	1	R
38	45	47	3	L
38	45	121	3	L
38	45	133	3	L
45	146	86	1	R
45	146	135	1	R
146	86	68	1	R
146	86	33	1	R
146	86	11	3	L
146	86	116	3	L
86	68	131	1	R
86	68	1	3	L
86	68	82	3	L
68	131	8	1	R
68	131	110	3	L
68	131	90	1	R
131	8	111	1	R
131	8	140	1	R
131	8	11	3	L
131	8	1	1	R
8	111	179	3	L
8	111	87	1	R
8	111	35	1	R
111	179	162	1	R
111	179	42	3	L
111	179	91	3	L
179	162	49	1	R
179	162	93	1	R
179	162	51	1	R
162	49	54	3	L
162	49	141	3	L
49	54	73	3	L
49	54	132	3	L
54	73	137	3	L
54	73	154	3	L
54	73	56	3	L
54	73	164	3	L
73	137	140	1	R
73	137	156	1	R
73	137	69	1	R
137	140	144	1	R
137	140	160	3	L
137	140	78	3	L
140	144	113	1	R
140	144	123	3	L
144	113	55	1	R
144	113	157	1	R
144	113	18	1	R
113	55	2	3	L
113	55	125	1	R
55	2	3	1	R
55	2	32	1	R
55	2	106	3	L
2	3	94	1	R
2	3	130	1	R
2	3	161	3	L
2	3	160	3	L
3	94	98	3	L
3	94	147	3	L
3	94	160	1	R
3	94	138	3	L
94	98	67	3	L
94	98	174	3	L
94	98	2	3	L
94	98	118	3	L
94	98	172	3	L
98	67	102	3	L
98	67	46	3	L
98	67	160	3	L
98	67	135	3	L
98	67	42	3	L
67	102	7	1	R
67	102	41	1	R
67	102	139	1	R
67	102	160	1	R
67	102	122	1	R
102	7	159	3	L
102	7	78	3	L
102	7	44	1	R
7	159	118	1	R
7	159	44	3	L
159	118	87	3	L
159	118	128	1	R
159	118	92	1	R
159	118	166	3	L
118	87	52	1	R
118	87	143	3	L
87	52	164	1	R
87	52	120	1	R
87	52	148	1	R
87	52	158	1	R
87	52	62	1	R
52	164	90	1	R
52	164	77	1	R
52	164	73	3	L
164	90	78	1	R
164	90	164	10000	U
164	90	131	3	L
90	78	122	3	L
90	78	11	3	L
90	78	140	1	R
90	78	64	1	R
78	122	92	3	L
78	122	64	3	L
78	122	169	3	L
78	122	102	1	R
122	92	30	1	R
122	92	124	3	L
122	92	118	3	L
122	92	129	1	R
92	30	116	1	R
92	30	55	1	R
30	116	69	1	R
30	116	92	1	R
30	116	86	1	R
116	69	11	3	L
116	69	51	1	R
69	11	5	3	L
69	11	163	1	R
69	11	8	3	L
69	11	86	3	L
11	5	130	1	R
11	5	101	1	R
11	5	38	1	R
5	130	83	1	R
5	130	155	1	R
130	83	74	1	R
130	83	127	1	R
83	74	138	1	R
83	74	166	1	R
74	138	50	1	R
74	138	25	3	L
74	138	164	3	L
74	138	135	3	L
74	138	94	3	L
138	50	125	3	L
138	50	13	1	R
138	50	31	3	L
50	125	168	3	L
50	125	170	3	L
50	125	23	1	R
125	168	160	1	R
125	168	43	3	L
180	111	179	3	L
180	111	87	1	R
180	111	35	1	R
111	87	52	1	R
111	87	143	1	R
87	143	25	3	L
87	143	167	1	R
143	167	20	1	R
143	167	134	1	R
143	167	62	3	L
143	167	38	1	R
143	167	88	1	R
143	167	172	1	R
167	134	119	1	R
167	134	76	3	L
167	134	127	1	R
134	76	48	3	L
134	76	45	1	R
76	45	146	1	R
76	45	47	3	L
76	45	121	3	L
76	45	133	3	L
45	47	145	3	L
45	47	82	3	L
47	82	23	3	L
47	82	21	1	R
47	82	36	3	L
47	82	68	3	L
82	21	100	1	R
82	21	119	3	L
82	21	132	1	R
21	119	40	3	L
21	119	172	3	L
21	119	24	3	L
119	172	76	1	R
119	172	79	1	R
119	172	98	1	R
119	172	167	3	L
172	79	59	1	R
172	79	22	3	L
172	79	148	1	R
79	22	19	1	R
79	22	139	1	R
79	22	31	1	R
22	139	114	1	R
22	139	115	1	R
22	139	171	1	R
22	139	35	1	R
139	115	149	1	R
139	115	179	1	R
139	115	64	3	L
115	179	162	1	R
115	179	42	1	R
115	179	91	1	R
179	42	51	1	R
179	42	7	3	L
179	42	87	1	R
179	42	67	1	R
179	42	152	3	L
42	7	159	3	L
42	7	78	3	L
42	7	44	3	L
7	78	122	3	L
7	78	11	3	L
7	78	140	3	L
7	78	64	1	R
78	11	5	3	L
78	11	163	1	R
78	11	8	3	L
78	11	86	3	L
11	163	33	1	R
11	163	75	3	L
163	75	169	3	L
163	75	61	3	L
163	75	54	3	L
163	75	53	3	L
75	61	18	3	L
75	61	53	3	L
61	53	4	3	L
61	53	60	1	R
61	53	75	3	L
53	60	173	1	R
53	60	121	1	R
53	60	91	1	R
60	121	143	1	R
60	121	100	1	R
60	121	45	1	R
121	100	31	3	L
121	100	10	3	L
100	10	24	3	L
100	10	116	3	L
10	116	69	1	R
10	116	92	1	R
10	116	86	3	L
116	92	30	1	R
116	92	124	3	L
116	92	118	3	L
116	92	129	1	R
92	124	178	3	L
92	124	131	3	L
124	131	8	1	R
124	131	110	3	L
124	131	90	1	R
131	110	108	3	L
131	110	81	1	R
110	81	53	1	R
110	81	35	1	R
110	81	95	1	R
110	81	165	1	R
81	35	88	3	L
81	35	102	3	L
81	35	164	3	L
81	35	111	3	L
81	35	139	3	L
35	102	7	1	R
35	102	41	1	R
35	102	139	1	R
35	102	160	1	R
35	102	122	1	R
102	41	64	3	L
102	41	49	1	R
102	41	164	1	R
102	41	62	3	L
102	41	84	3	L
41	49	54	3	L
41	49	141	3	L
49	141	156	3	L
49	141	20	3	L
49	141	88	3	L
49	141	103	3	L
141	20	104	1	R
141	20	114	1	R
141	20	66	3	L
20	114	85	3	L
20	114	27	3	L
20	114	143	3	L
114	27	174	1	R
114	27	72	3	L
114	27	169	3	L
27	72	115	1	R
27	72	69	1	R
72	69	11	1	R
72	69	51	1	R
69	51	16	1	R
69	51	90	1	R
69	51	101	3	L
69	51	162	3	L
51	90	78	1	R
51	90	164	3	L
51	90	131	3	L
90	164	90	10000	U
90	164	77	3	L
90	164	73	1	R
164	77	109	3	L
164	77	18	1	R
77	18	28	1	R
77	18	85	1	R
77	18	113	3	L
18	85	106	3	L
18	85	171	1	R
18	85	57	3	L
85	171	61	1	R
85	171	66	1	R
171	66	39	3	L
171	66	144	1	R
171	66	20	1	R
66	144	113	1	R
66	144	123	3	L
144	123	120	3	L
144	123	161	3	L
123	161	180	3	L
123	161	126	1	R
123	161	158	1	R
161	126	148	3	L
161	126	94	1	R
126	94	98	3	L
126	94	147	3	L
126	94	160	1	R
126	94	138	1	R
94	147	44	3	L
94	147	57	3	L
94	147	167	3	L
147	57	36	3	L
147	57	24	3	L
147	57	42	3	L
147	57	85	3	L
147	57	107	1	R
57	24	141	3	L
57	24	65	3	L
57	24	119	3	L
24	65	103	3	L
24	65	86	1	R
65	86	68	1	R
65	86	33	1	R
65	86	11	3	L
65	86	116	1	R
86	33	161	3	L
86	33	106	1	R
86	33	16	1	R
33	106	123	3	L
33	106	122	1	R
106	122	92	1	R
106	122	64	1	R
106	122	169	1	R
106	122	102	3	L
122	64	9	1	R
122	64	129	1	R
122	64	108	3	L
122	64	115	1	R
122	64	151	1	R
122	64	78	3	L
64	129	158	1	R
64	129	117	1	R
64	129	92	1	R
129	117	128	1	R
129	117	118	1	R
117	118	87	1	R
117	118	128	1	R
117	118	92	1	R
117	118	166	3	L
118	128	66	1	R
118	128	19	3	L
118	128	166	1	R
128	19	10	3	L
128	19	37	1	R
128	19	80	3	L
128	19	109	3	L
19	37	27	1	R
19	37	58	1	R
19	37	105	1	R
19	37	103	1	R
37	58	77	1	R
37	58	107	3	L
37	58	25	1	R
58	107	60	3	L
58	107	142	1	R
58	107	57	1	R
107	142	99	1	R
107	142	169	1	R
107	142	112	1	R
107	142	51	1	R
142	169	80	1	R
142	169	138	1	R
142	169	27	1	R
169	138	50	1	R
169	138	25	3	L
169	138	164	3	L
169	138	135	3	L
169	138	94	3	L
138	25	13	3	L
138	25	59	1	R
138	25	58	3	L
138	25	71	1	R
25	59	38	1	R
25	59	173	1	R
59	173	26	1	R
59	173	149	1	R
59	173	70	1	R
173	149	150	3	L
173	149	108	1	R
149	108	133	1	R
149	108	31	1	R
149	108	111	1	R
149	108	64	1	R
108	31	14	1	R
108	31	36	1	R
108	31	24	3	L
108	31	50	1	R
31	36	32	1	R
31	36	3	1	R
31	36	122	3	L
31	36	4	3	L
36	3	94	1	R
36	3	130	1	R
36	3	161	1	R
36	3	160	3	L
3	130	83	3	L
3	130	155	1	R
130	155	29	3	L
130	155	113	3	L
130	155	136	1	R
155	113	55	3	L
155	113	157	3	L
155	113	18	3	L
113	157	93	1	R
113	157	48	1	R
157	48	79	1	R
157	48	54	3	L
157	48	178	3	L
48	54	73	3	L
48	54	132	3	L
54	132	129	3	L
54	132	34	3	L
54	132	21	3	L
132	34	41	3	L
132	34	62	1	R
34	62	81	3	L
34	62	84	1	R
34	62	102	3	L
34	62	96	1	R
34	62	41	1	R
34	62	52	1	R
62	84	65	1	R
62	84	150	1	R
62	84	120	1	R
62	84	41	3	L
84	150	22	1	R
84	150	176	3	L
84	150	16	3	L
150	176	105	1	R
150	176	168	3	L
176	168	160	1	R
176	168	43	3	L
168	43	135	1	R
168	43	97	3	L
43	97	63	1	R
43	97	91	1	R
97	91	6	1	R
97	91	162	3	L
97	91	70	1	R
91	162	49	3	L
91	162	93	1	R
91	162	51	3	L
162	93	172	1	R
162	93	158	3	L
162	93	4	1	R
93	158	165	3	L
93	158	109	3	L
93	158	161	3	L
93	158	52	3	L
158	109	155	1	R
158	109	151	1	R
158	109	19	3	L
109	151	147	1	R
109	151	153	1	R
109	151	64	1	R
151	153	12	3	L
151	153	68	3	L
153	68	131	3	L
153	68	1	1	R
153	68	82	3	L
68	1	56	0	O
68	1	103	0	O
68	1	8	0	O
1	103	101	1	R
1	103	71	3	L
1	103	141	1	R
1	103	37	3	L
103	71	43	3	L
103	71	133	3	L
103	71	25	3	L
71	133	91	3	L
71	133	14	3	L
71	133	156	3	L
71	133	45	3	L
133	14	84	3	L
133	14	177	1	R
14	177	57	1	R
14	177	29	1	R
14	177	26	1	R
177	29	70	3	L
177	29	95	1	R
29	95	126	1	R
29	95	38	1	R
29	95	143	1	R
29	95	23	1	R
95	38	45	3	L
95	38	152	3	L
95	38	5	3	L
95	38	167	3	L
38	152	15	3	L
38	152	16	1	R
38	152	166	3	L
38	152	42	1	R
152	16	127	1	R
152	16	74	1	R
152	16	150	1	R
152	16	33	1	R
16	74	138	1	R
16	74	166	3	L
74	166	97	1	R
74	166	104	1	R
74	166	3	1	R
74	166	128	1	R
74	166	63	1	R
74	166	118	1	R
74	166	152	1	R
166	104	175	1	R
166	104	39	1	R
104	39	163	1	R
104	39	73	3	L
39	73	137	1	R
39	73	154	1	R
39	73	56	1	R
39	73	164	1	R
73	154	82	1	R
73	154	137	1	R
154	137	140	1	R
154	137	156	1	R
154	137	69	1	R
137	156	153	3	L
137	156	50	1	R
156	50	125	1	R
156	50	13	1	R
156	50	31	1	R
50	13	89	1	R
50	13	63	1	R
13	63	134	3	L
13	63	83	1	R
13	63	166	3	L
63	83	74	1	R
63	83	127	1	R
83	127	37	1	R
83	127	15	3	L
83	127	134	1	R
127	15	176	3	L
127	15	12	1	R
15	12	151	1	R
15	12	105	1	R
12	105	95	1	R
12	105	178	3	L
105	178	46	3	L
105	178	112	3	L
105	178	48	3	L
178	112	177	1	R
178	112	99	3	L
112	99	107	3	L
112	99	165	1	R
112	99	180	1	R
99	165	157	3	L
99	165	136	3	L
99	165	81	1	R
165	136	117	3	L
165	136	8	1	R
165	136	155	3	L
136	8	111	1	R
136	8	140	1	R
136	8	11	3	L
136	8	1	1	R
8	140	144	1	R
8	140	160	3	L
8	140	78	3	L
140	160	71	1	R
140	160	5	1	R
140	160	94	3	L
140	160	102	3	L
140	160	67	3	L
140	160	3	1	R
160	5	130	1	R
160	5	101	1	R
160	5	38	1	R
5	101	112	1	R
5	101	146	3	L
101	146	86	3	L
101	146	135	3	L
146	135	139	1	R
146	135	23	1	R
146	135	89	1	R
146	135	67	3	L
146	135	138	1	R
135	23	152	1	R
135	23	80	3	L
135	23	125	1	R
135	23	95	3	L
23	80	121	1	R
23	80	28	3	L
23	80	19	3	L
80	28	42	3	L
80	28	96	3	L
28	96	171	3	L
28	96	89	1	R
28	96	62	1	R
96	89	47	3	L
96	89	67	3	L
96	89	135	1	R
89	67	102	1	R
89	67	46	1	R
89	67	160	3	L
89	67	135	1	R
89	67	42	3	L
67	46	35	1	R
67	46	145	1	R
46	145	124	3	L
46	145	148	3	L
46	145	85	1	R
145	148	75	3	L
145	148	17	1	R
145	148	79	1	R
145	148	52	1	R
148	17	34	1	R
148	17	88	3	L
148	17	180	1	R
17	88	136	1	R
17	88	30	3	L
17	88	172	3	L
17	88	167	1	R
88	30	116	3	L
88	30	55	3	L
30	55	2	1	R
30	55	125	3	L
55	125	168	1	R
55	125	170	1	R
55	125	23	3	L
125	170	58	1	R
125	170	9	1	R
125	170	139	1	R
170	9	62	3	L
170	9	26	1	R
9	26	72	1	R
9	26	6	1	R
9	26	83	1	R
9	26	177	1	R
26	6	1	3	L
26	6	175	3	L
6	175	166	1	R
6	175	52	3	L
175	52	164	1	R
175	52	120	3	L
175	52	148	3	L
175	52	158	3	L
175	52	62	3	L
52	120	167	1	R
52	120	56	1	R
52	120	122	1	R
52	120	84	1	R
120	56	154	3	L
120	56	4	1	R
120	56	73	3	L
56	4	96	1	R
56	4	40	1	R
56	4	93	1	R
56	4	36	1	R
4	40	110	1	R
4	40	159	3	L
4	40	19	3	L
40	159	118	1	R
40	159	44	3	L
159	44	132	1	R
159	44	70	1	R
159	44	7	3	L
44	70	142	1	R
44	70	98	1	R
44	70	91	1	R
44	70	173	1	R
70	98	67	3	L
70	98	174	1	R
70	98	2	3	L
70	98	118	3	L
70	98	172	1	R
98	174	170	1	R
98	174	2	1	R
174	2	3	1	R
174	2	32	1	R
174	2	106	1	R
2	32	17	1	R
2	32	180	1	R
32	180	21	1	R
32	180	111	3	L
32	180	17	3	L
32	180	99	1	R
98	2	3	1	R
98	2	32	1	R
98	2	106	3	L
82	36	32	1	R
82	36	3	1	R
82	36	122	1	R
82	36	4	1	R
142	112	177	1	R
142	112	99	3	L
3	161	180	3	L
3	161	126	3	L
3	161	158	1	R
138	164	90	3	L
138	164	77	1	R
138	164	73	3	L
137	69	11	3	L
137	69	51	1	R
60	91	6	1	R
60	91	162	3	L
60	91	70	3	L
102	139	114	1	R
102	139	115	1	R
102	139	171	1	R
102	139	35	1	R
141	88	136	1	R
141	88	30	3	L
141	88	172	3	L
141	88	167	1	R
145	85	106	3	L
145	85	171	1	R
145	85	57	3	L
37	105	95	1	R
37	105	178	3	L
120	122	92	1	R
120	122	64	1	R
120	122	169	3	L
120	122	102	3	L
170	139	114	1	R
170	139	115	1	R
170	139	171	1	R
170	139	35	1	R
133	156	153	1	R
133	156	50	1	R
179	91	6	1	R
179	91	162	3	L
179	91	70	1	R
114	143	25	3	L
114	143	167	1	R
81	95	126	1	R
81	95	38	1	R
81	95	143	1	R
81	95	23	1	R
31	24	141	3	L
31	24	65	3	L
31	24	119	3	L
40	19	10	1	R
40	19	37	1	R
40	19	80	3	L
40	19	109	3	L
26	83	74	3	L
26	83	127	3	L
142	51	16	3	L
142	51	90	3	L
142	51	101	3	L
142	51	162	1	R
41	164	90	3	L
41	164	77	3	L
41	164	73	1	R
2	106	123	3	L
2	106	122	1	R
98	118	87	3	L
98	118	128	1	R
98	118	92	1	R
98	118	166	3	L
57	42	51	1	R
57	42	7	3	L
57	42	87	1	R
57	42	67	1	R
57	42	152	3	L
75	54	73	3	L
75	54	132	3	L
122	169	80	3	L
122	169	138	3	L
122	169	27	3	L
62	102	7	3	L
62	102	41	3	L
62	102	139	3	L
62	102	160	3	L
62	102	122	3	L
22	31	14	1	R
22	31	36	3	L
22	31	24	3	L
22	31	50	1	R
51	101	112	1	R
51	101	146	3	L
88	172	76	3	L
88	172	79	3	L
88	172	98	3	L
88	172	167	3	L
42	87	52	1	R
42	87	143	1	R
95	143	25	3	L
95	143	167	1	R
35	164	90	3	L
35	164	77	3	L
35	164	73	1	R
166	3	94	1	R
166	3	130	1	R
166	3	161	1	R
166	3	160	3	L
139	171	61	1	R
139	171	66	3	L
147	167	20	3	L
147	167	134	3	L
147	167	62	3	L
147	167	38	3	L
147	167	88	3	L
147	167	172	3	L
36	122	92	1	R
36	122	64	3	L
36	122	169	3	L
36	122	102	1	R
167	62	81	3	L
167	62	84	3	L
167	62	102	3	L
167	62	96	3	L
167	62	41	1	R
167	62	52	3	L
108	111	179	1	R
108	111	87	1	R
108	111	35	1	R
121	45	146	1	R
121	45	47	1	R
121	45	121	10000	U
121	45	133	1	R
45	121	143	3	L
45	121	100	3	L
45	121	45	10000	U
162	51	16	3	L
162	51	90	1	R
162	51	101	3	L
162	51	162	10000	U
51	162	49	3	L
51	162	93	1	R
51	162	51	10000	U
80	19	10	1	R
80	19	37	1	R
80	19	80	10000	U
80	19	109	1	R
19	80	121	1	R
19	80	28	3	L
19	80	19	10000	U
158	161	180	3	L
158	161	126	3	L
158	161	158	10000	U
161	158	165	1	R
161	158	109	1	R
161	158	161	10000	U
161	158	52	1	R
4	93	172	1	R
4	93	158	3	L
4	93	4	10000	U
93	4	96	1	R
93	4	40	1	R
93	4	93	10000	U
93	4	36	1	R
8	11	5	1	R
8	11	163	1	R
8	11	8	10000	U
8	11	86	1	R
11	8	111	1	R
11	8	140	3	L
11	8	11	10000	U
11	8	1	3	L
11	86	68	1	R
11	86	33	1	R
11	86	11	10000	U
11	86	116	1	R
86	11	5	3	L
86	11	163	1	R
86	11	8	3	L
86	11	86	10000	U
70	91	6	1	R
70	91	162	3	L
70	91	70	10000	U
91	70	142	1	R
91	70	98	3	L
91	70	91	10000	U
91	70	173	1	R
79	148	75	3	L
79	148	17	1	R
79	148	79	10000	U
79	148	52	1	R
148	79	59	1	R
148	79	22	3	L
148	79	148	10000	U
81	165	157	3	L
81	165	136	1	R
81	165	81	10000	U
165	81	53	1	R
165	81	35	3	L
165	81	95	1	R
165	81	165	10000	U
89	135	139	1	R
89	135	23	1	R
89	135	89	10000	U
89	135	67	3	L
89	135	138	1	R
135	89	47	3	L
135	89	67	1	R
135	89	135	10000	U
62	96	171	1	R
62	96	89	3	L
62	96	62	10000	U
96	62	81	3	L
96	62	84	1	R
96	62	102	3	L
96	62	96	10000	U
96	62	41	1	R
96	62	52	1	R
5	38	45	3	L
5	38	152	3	L
5	38	5	10000	U
5	38	167	3	L
38	5	130	1	R
38	5	101	3	L
38	5	38	10000	U
94	160	71	1	R
94	160	5	1	R
94	160	94	10000	U
94	160	102	3	L
94	160	67	1	R
94	160	3	1	R
160	94	98	3	L
160	94	147	3	L
160	94	160	10000	U
160	94	138	3	L
44	7	159	3	L
44	7	78	3	L
44	7	44	10000	U
7	44	132	1	R
7	44	70	1	R
7	44	7	10000	U
4	36	32	1	R
4	36	3	1	R
4	36	122	1	R
4	36	4	10000	U
36	4	96	1	R
36	4	40	3	L
36	4	93	3	L
36	4	36	10000	U
38	167	20	1	R
38	167	134	3	L
38	167	62	3	L
38	167	38	10000	U
38	167	88	3	L
38	167	172	3	L
167	38	45	1	R
167	38	152	3	L
167	38	5	1	R
167	38	167	10000	U
102	160	71	1	R
102	160	5	1	R
102	160	94	1	R
102	160	102	10000	U
102	160	67	1	R
102	160	3	1	R
160	102	7	3	L
160	102	41	3	L
160	102	139	3	L
160	102	160	10000	U
160	102	122	3	L
62	41	64	3	L
62	41	49	1	R
62	41	164	1	R
62	41	62	10000	U
62	41	84	1	R
41	62	81	3	L
41	62	84	3	L
41	62	102	3	L
41	62	96	3	L
41	62	41	10000	U
41	62	52	3	L
103	141	156	1	R
103	141	20	1	R
103	141	88	1	R
103	141	103	10000	U
141	103	101	3	L
141	103	71	3	L
141	103	141	10000	U
141	103	37	3	L
166	128	66	1	R
166	128	19	3	L
166	128	166	10000	U
128	166	97	1	R
128	166	104	1	R
128	166	3	1	R
128	166	128	10000	U
128	166	63	1	R
128	166	118	1	R
128	166	152	1	R
26	177	57	1	R
26	177	29	1	R
26	177	26	10000	U
177	26	72	1	R
177	26	6	3	L
177	26	83	3	L
177	26	177	10000	U
148	52	164	3	L
148	52	120	3	L
148	52	148	10000	U
148	52	158	3	L
148	52	62	1	R
52	148	75	3	L
52	148	17	1	R
52	148	79	3	L
52	148	52	10000	U
133	45	146	1	R
133	45	47	3	L
133	45	121	3	L
133	45	133	10000	U
45	133	91	3	L
45	133	14	3	L
45	133	156	3	L
45	133	45	10000	U
118	92	30	3	L
118	92	124	1	R
118	92	118	10000	U
118	92	129	1	R
92	118	87	3	L
92	118	128	3	L
92	118	92	10000	U
92	118	166	3	L
180	17	34	1	R
180	17	88	3	L
180	17	180	10000	U
17	180	21	1	R
17	180	111	1	R
17	180	17	10000	U
17	180	99	1	R
78	140	144	1	R
78	140	160	3	L
78	140	78	10000	U
140	78	122	3	L
140	78	11	3	L
140	78	140	10000	U
140	78	64	1	R
160	67	102	1	R
160	67	46	1	R
160	67	160	10000	U
160	67	135	1	R
160	67	42	3	L
67	160	71	1	R
67	160	5	1	R
67	160	94	3	L
67	160	102	3	L
67	160	67	10000	U
67	160	3	1	R
172	98	67	3	L
172	98	174	1	R
172	98	2	3	L
172	98	118	3	L
172	98	172	10000	U
98	172	76	3	L
98	172	79	3	L
98	172	98	10000	U
98	172	167	1	R
167	88	136	3	L
167	88	30	1	R
167	88	172	3	L
167	88	167	10000	U
88	167	20	1	R
88	167	134	1	R
88	167	62	3	L
88	167	38	1	R
88	167	88	10000	U
88	167	172	1	R
73	56	154	3	L
73	56	4	1	R
73	56	73	10000	U
56	73	137	3	L
56	73	154	1	R
56	73	56	10000	U
56	73	164	1	R
52	158	165	1	R
52	158	109	1	R
52	158	161	3	L
52	158	52	10000	U
158	52	164	3	L
158	52	120	3	L
158	52	148	1	R
158	52	158	10000	U
158	52	62	1	R
134	127	37	1	R
134	127	15	3	L
134	127	134	10000	U
127	134	119	1	R
127	134	76	1	R
127	134	127	10000	U
125	23	152	1	R
125	23	80	3	L
125	23	125	10000	U
125	23	95	3	L
23	125	168	1	R
23	125	170	1	R
23	125	23	10000	U
135	67	102	1	R
135	67	46	1	R
135	67	160	3	L
135	67	135	10000	U
135	67	42	3	L
67	135	139	1	R
67	135	23	1	R
67	135	89	1	R
67	135	67	10000	U
67	135	138	1	R
82	68	131	1	R
82	68	1	3	L
82	68	82	10000	U
68	82	23	1	R
68	82	21	1	R
68	82	36	1	R
68	82	68	10000	U
37	103	101	1	R
37	103	71	3	L
37	103	141	1	R
37	103	37	10000	U
103	37	27	3	L
103	37	58	3	L
103	37	105	3	L
103	37	103	10000	U
180	99	107	1	R
180	99	165	1	R
180	99	180	10000	U
99	180	21	3	L
99	180	111	3	L
99	180	17	3	L
99	180	99	10000	U
155	136	117	1	R
155	136	8	1	R
155	136	155	10000	U
136	155	29	3	L
136	155	113	3	L
136	155	136	10000	U
35	111	179	3	L
35	111	87	1	R
35	111	35	10000	U
111	35	88	3	L
111	35	102	1	R
111	35	164	1	R
111	35	111	10000	U
111	35	139	1	R
3	160	71	3	L
3	160	5	3	L
3	160	94	3	L
3	160	102	3	L
3	160	67	3	L
3	160	3	10000	U
160	3	94	1	R
160	3	130	1	R
160	3	161	1	R
160	3	160	10000	U
24	119	40	3	L
24	119	172	3	L
24	119	24	10000	U
119	24	141	1	R
119	24	65	1	R
119	24	119	10000	U
50	31	14	3	L
50	31	36	3	L
50	31	24	3	L
50	31	50	10000	U
31	50	125	1	R
31	50	13	1	R
31	50	31	10000	U
64	108	133	3	L
64	108	31	3	L
64	108	111	3	L
64	108	64	10000	U
108	64	9	1	R
108	64	129	1	R
108	64	108	10000	U
108	64	115	1	R
108	64	151	1	R
108	64	78	1	R
25	58	77	1	R
25	58	107	3	L
25	58	25	10000	U
58	25	13	3	L
58	25	59	1	R
58	25	58	10000	U
58	25	71	1	R
63	166	97	1	R
63	166	104	1	R
63	166	3	1	R
63	166	128	3	L
63	166	63	10000	U
63	166	118	1	R
63	166	152	3	L
166	63	134	1	R
166	63	83	1	R
166	63	166	10000	U
122	102	7	3	L
122	102	41	3	L
122	102	139	3	L
122	102	160	1	R
122	102	122	10000	U
102	122	92	3	L
102	122	64	1	R
102	122	169	1	R
102	122	102	10000	U
139	35	88	3	L
139	35	102	1	R
139	35	164	1	R
139	35	111	3	L
139	35	139	10000	U
35	139	114	1	R
35	139	115	1	R
35	139	171	3	L
35	139	35	10000	U
1	8	111	3	L
1	8	140	3	L
1	8	11	1	R
1	8	1	10000	U
8	1	56	0	O
8	1	103	0	O
8	1	8	0	O
113	18	28	1	R
113	18	85	1	R
113	18	113	10000	U
18	113	55	3	L
18	113	157	1	R
18	113	18	10000	U
173	70	142	3	L
173	70	98	3	L
173	70	91	3	L
173	70	173	10000	U
70	173	26	1	R
70	173	149	1	R
70	173	70	10000	U
16	150	22	1	R
16	150	176	1	R
16	150	16	10000	U
150	16	127	3	L
150	16	74	3	L
150	16	150	10000	U
150	16	33	3	L
115	64	9	1	R
115	64	129	1	R
115	64	108	3	L
115	64	115	10000	U
115	64	151	3	L
115	64	78	3	L
64	115	149	1	R
64	115	179	1	R
64	115	64	10000	U
66	20	104	3	L
66	20	114	3	L
66	20	66	10000	U
20	66	39	1	R
20	66	144	3	L
20	66	20	10000	U
73	164	90	3	L
73	164	77	3	L
73	164	73	10000	U
164	73	137	3	L
164	73	154	1	R
164	73	56	3	L
164	73	164	10000	U
19	109	155	1	R
19	109	151	1	R
19	109	19	10000	U
109	19	10	1	R
109	19	37	1	R
109	19	80	3	L
109	19	109	10000	U
67	42	51	3	L
67	42	7	1	R
67	42	87	3	L
67	42	67	10000	U
67	42	152	1	R
42	67	102	1	R
42	67	46	1	R
42	67	160	1	R
42	67	135	1	R
42	67	42	10000	U
64	151	147	3	L
64	151	153	3	L
64	151	64	10000	U
151	64	9	1	R
151	64	129	1	R
151	64	108	3	L
151	64	115	1	R
151	64	151	10000	U
151	64	78	3	L
132	21	100	3	L
132	21	119	3	L
132	21	132	10000	U
21	132	129	1	R
21	132	34	1	R
21	132	21	10000	U
64	78	122	3	L
64	78	11	3	L
64	78	140	3	L
64	78	64	10000	U
78	64	9	1	R
78	64	129	1	R
78	64	108	3	L
78	64	115	1	R
78	64	151	1	R
78	64	78	10000	U
138	135	139	1	R
138	135	23	1	R
138	135	89	3	L
138	135	67	3	L
138	135	138	10000	U
135	138	50	1	R
135	138	25	3	L
135	138	164	1	R
135	138	135	10000	U
135	138	94	3	L
172	167	20	1	R
172	167	134	1	R
172	167	62	3	L
172	167	38	1	R
172	167	88	3	L
172	167	172	10000	U
167	172	76	3	L
167	172	79	3	L
167	172	98	3	L
167	172	167	10000	U
85	57	36	3	L
85	57	24	3	L
85	57	42	1	R
85	57	85	10000	U
85	57	107	3	L
57	85	106	3	L
57	85	171	1	R
57	85	57	10000	U
71	25	13	3	L
71	25	59	1	R
71	25	58	3	L
71	25	71	10000	U
25	71	43	1	R
25	71	133	3	L
25	71	25	10000	U
27	169	80	3	L
27	169	138	3	L
27	169	27	10000	U
169	27	174	1	R
169	27	72	3	L
169	27	169	10000	U
116	86	68	1	R
116	86	33	1	R
116	86	11	3	L
116	86	116	10000	U
86	116	69	3	L
86	116	92	3	L
86	116	86	10000	U
48	178	46	3	L
48	178	112	3	L
48	178	48	10000	U
178	48	79	1	R
178	48	54	3	L
178	48	178	10000	U
120	84	65	1	R
120	84	150	1	R
120	84	120	10000	U
120	84	41	1	R
84	120	167	1	R
84	120	56	3	L
84	120	122	3	L
84	120	84	10000	U
52	62	81	3	L
52	62	84	1	R
52	62	102	3	L
52	62	96	3	L
52	62	41	1	R
52	62	52	10000	U
62	52	164	3	L
62	52	120	3	L
62	52	148	3	L
62	52	158	3	L
62	52	62	10000	U
166	118	87	1	R
166	118	128	1	R
166	118	92	1	R
166	118	166	10000	U
118	166	97	3	L
118	166	104	3	L
118	166	3	3	L
118	166	128	3	L
118	166	63	3	L
118	166	118	10000	U
118	166	152	3	L
23	95	126	3	L
23	95	38	3	L
23	95	143	3	L
23	95	23	10000	U
95	23	152	1	R
95	23	80	3	L
95	23	125	1	R
95	23	95	10000	U
166	152	15	1	R
166	152	16	1	R
166	152	166	10000	U
166	152	42	1	R
152	166	97	1	R
152	166	104	1	R
152	166	3	1	R
152	166	128	3	L
152	166	63	1	R
152	166	118	1	R
152	166	152	10000	U
33	16	127	1	R
33	16	74	1	R
33	16	150	1	R
33	16	33	10000	U
16	33	161	3	L
16	33	106	3	L
16	33	16	10000	U
92	129	158	3	L
92	129	117	1	R
92	129	92	10000	U
129	92	30	1	R
129	92	124	3	L
129	92	118	3	L
129	92	129	10000	U
107	57	36	1	R
107	57	24	1	R
107	57	42	3	L
107	57	85	1	R
107	57	107	10000	U
57	107	60	3	L
57	107	142	1	R
57	107	57	10000	U
138	94	98	3	L
138	94	147	3	L
138	94	160	1	R
138	94	138	10000	U
94	138	50	1	R
94	138	25	3	L
94	138	164	1	R
94	138	135	1	R
94	138	94	10000	U
131	90	78	1	R
131	90	164	1	R
131	90	131	10000	U
90	131	8	3	L
90	131	110	1	R
90	131	90	10000	U
75	53	4	3	L
75	53	60	3	L
75	53	75	10000	U
53	75	169	3	L
53	75	61	3	L
53	75	54	1	R
53	75	53	10000	U
42	152	15	3	L
42	152	16	1	R
42	152	166	3	L
42	152	42	10000	U
152	42	51	1	R
152	42	7	1	R
152	42	87	1	R
152	42	67	3	L
152	42	152	10000	U
41	84	65	3	L
41	84	150	3	L
41	84	120	3	L
41	84	41	10000	U
84	41	64	3	L
84	41	49	1	R
84	41	164	1	R
84	41	62	3	L
84	41	84	10000	U
