Name:			p19
#Vehicles:		25
Capacity:		290
Depot:			1
#Nodes:			200
#Edges:			80
#Arcs:			420
#Required-N:	0
#Required-E:	80
#Required-A:	168
#Nb-Turns:		1812

----------NODES----------
INDEX	QTY	IS-REQUIRED	X	Y
1	0	0	134.35	148.45
2	0	0	150.64	181.30
3	0	0	97.19	137.36
4	0	0	49.11	151.98
5	0	0	106.8	130.33
6	0	0	52.99	168.75
7	0	0	141.39	27.34
8	0	0	37.34	137.71
9	0	0	73.0	164.81
10	0	0	94.20	18.89
11	0	0	72.40	37.35
12	0	0	98.89	121.25
13	0	0	50.99	108.21
14	0	0	163.98	101.55
15	0	0	70.70	140.82
16	0	0	177.65	104.72
17	0	0	85.88	41.87
18	0	0	16.61	142.92
19	0	0	55.16	42.95
20	0	0	196.9	31.0
21	0	0	113.19	155.61
22	0	0	69.61	75.69
23	0	0	111.0	103.59
24	0	0	173.8	34.65
25	0	0	220.58	128.62
26	0	0	107.19	74.70
27	0	0	94.98	62.91
28	0	0	105.68	196.12
29	0	0	71.42	95.12
30	0	0	140.57	73.62
31	0	0	137.10	73.77
32	0	0	133.3	134.78
33	0	0	100.86	172.39
34	0	0	217.67	136.64
35	0	0	108.17	184.78
36	0	0	120.80	160.7
37	0	0	170.88	78.17
38	0	0	204.55	167.14
39	0	0	22.59	128.4
40	0	0	44.65	174.73
41	0	0	123.92	198.94
42	0	0	89.11	182.48
43	0	0	185.39	106.25
44	0	0	119.12	15.86
45	0	0	96.61	92.20
46	0	0	165.59	165.50
47	0	0	130.16	182.37
48	0	0	119.0	182.23
49	0	0	118.64	171.14
50	0	0	99.1	128.3
51	0	0	68.0	188.49
52	0	0	129.45	68.74
53	0	0	124.63	27.89
54	0	0	23.62	58.71
55	0	0	84.21	68.72
56	0	0	155.92	89.87
57	0	0	88.83	204.26
58	0	0	37.52	65.34
59	0	0	117.49	97.16
60	0	0	61.51	94.47
61	0	0	146.27	99.41
62	0	0	30.77	79.35
63	0	0	124.75	56.4
64	0	0	18.3	103.23
65	0	0	131.55	166.64
66	0	0	103.77	141.29
67	0	0	103.92	85.60
68	0	0	150.98	68.17
69	0	0	48.67	125.64
70	0	0	185.30	119.6
71	0	0	68.21	89.61
72	0	0	82.52	125.50
73	0	0	25.45	137.14
74	0	0	156.85	137.56
75	0	0	108.47	138.40
76	0	0	183.61	92.20
77	0	0	134.17	122.66
78	0	0	22.6	74.12
79	0	0	80.81	18.41
80	0	0	82.2	156.57
81	0	0	74.52	179.51
82	0	0	151.74	150.12
83	0	0	130.87	91.61
84	0	0	74.23	83.31
85	0	0	98.4	69.78
86	0	0	44.95	63.30
87	0	0	92.5	191.37
88	0	0	72.86	186.30
89	0	0	61.77	71.13
90	0	0	70.56	47.50
91	0	0	79.12	80.10
92	0	0	191.55	112.98
93	0	0	90.28	55.57
94	0	0	52.87	80.19
95	0	0	4.40	68.99
96	0	0	56.39	144.46
97	0	0	135.51	44.83
98	0	0	184.29	71.39
99	0	0	127.6	8.12
100	0	0	107.22	78.12
101	0	0	105.19	95.39
102	0	0	97.75	137.73
103	0	0	101.79	152.77
104	0	0	93.77	103.37
105	0	0	128.24	96.45
106	0	0	39.81	121.99
107	0	0	150.87	128.13
108	0	0	97.74	81.85
109	0	0	120.72	97.96
110	0	0	171.86	84.87
111	0	0	177.54	159.85
112	0	0	169.78	195.75
113	0	0	8.23	122.41
114	0	0	93.80	126.96
115	0	0	149.83	123.15
116	0	0	87.51	76.87
117	0	0	144.26	86.12
118	0	0	33.91	189.11
119	0	0	61.79	130.18
120	0	0	85.38	83.36
121	0	0	129.34	83.49
122	0	0	58.24	119.76
123	0	0	78.40	206.31
124	0	0	156.92	173.68
125	0	0	122.99	50.62
126	0	0	120.60	118.8
127	0	0	0.55	149.36
128	0	0	50.84	61.82
129	0	0	76.46	59.8
130	0	0	122.78	125.10
131	0	0	88.51	134.10
132	0	0	141.16	139.17
133	0	0	86.27	99.47
134	0	0	125.45	135.59
135	0	0	125.87	19.57
136	0	0	142.94	57.72
137	0	0	75.29	121.6
138	0	0	109.9	34.9
139	0	0	49.36	86.70
140	0	0	42.85	157.58
141	0	0	153.56	199.24
142	0	0	143.11	145.4
143	0	0	67.69	103.51
144	0	0	56.40	128.90
145	0	0	121.60	80.87
146	0	0	112.20	59.65
147	0	0	93.43	118.70
148	0	0	111.47	125.24
149	0	0	131.91	157.76
150	0	0	101.51	101.86
151	0	0	73.48	71.35
152	0	0	137.8	116.83
153	0	0	60.88	110.61
154	0	0	115.23	45.81
155	0	0	162.0	141.24
156	0	0	205.44	93.36
157	0	0	169.55	152.6
158	0	0	114.33	90.5
159	0	0	88.1	162.6
160	0	0	61.76	103.6
161	0	0	86.69	0.55
162	0	0	79.69	97.9
163	0	0	63.44	29.76
164	0	0	96.27	161.50
165	0	0	64.44	147.64
166	0	0	94.25	44.14
167	0	0	118.0	65.43
168	0	0	70.75	144.13
169	0	0	17.70	93.29
170	0	0	110.76	50.50
171	0	0	57.58	35.9
172	0	0	155.76	39.30
173	0	0	66.97	157.34
174	0	0	101.13	213.5
175	0	0	36.64	159.78
176	0	0	148.15	15.9
177	0	0	174.37	51.97
178	0	0	157.7	59.49
179	0	0	17.92	114.0
180	0	0	75.89	109.32
181	0	0	48.3	94.25
182	0	0	63.37	186.77
183	0	0	146.29	32.83
184	0	0	152.9	109.32
185	0	0	136.56	191.69
186	0	0	136.40	82.98
187	0	0	109.22	162.56
188	0	0	43.53	50.35
189	0	0	47.34	39.9
190	0	0	83.6	130.11
191	0	0	80.61	60.78
192	0	0	33.57	151.47
193	0	0	85.32	112.3
194	0	0	195.77	115.20
195	0	0	40.2	94.43
196	0	0	153.28	82.39
197	0	0	0.55	116.2
198	0	0	20.65	85.32
199	0	0	121.87	84.93
200	0	0	212.65	94.61

----------EDGES----------
INDEX-I	INDEX-J	QTY	IS-REQUIRED	TR-COST
42	75	35	1	83
131	72	7	1	35
1	21	45	1	26
59	23	31	1	56
106	77	20	1	89
76	199	23	1	63
58	86	12	1	10
49	148	46	1	43
103	3	32	1	21
15	122	6	1	29
110	92	22	1	31
187	61	33	1	68
182	88	31	1	11
172	37	40	1	34
60	162	20	1	24
165	42	9	1	52
122	85	32	1	56
75	15	18	1	40
45	66	43	1	46
150	68	38	1	61
167	37	39	1	60
144	164	18	1	50
2	141	44	1	40
18	181	26	1	53
119	121	32	1	63
88	4	44	1	46
158	93	39	1	39
59	100	25	1	41
128	188	50	1	17
115	159	12	1	68
101	14	21	1	43
74	89	28	1	88
179	188	15	1	113
135	5	9	1	86
70	1	8	1	47
110	186	30	1	36
34	155	22	1	64
155	66	9	1	52
71	137	19	1	43
33	96	49	1	79
126	32	11	1	48
56	132	31	1	53
199	93	25	1	49
193	66	31	1	43
104	100	20	1	61
164	111	34	1	65
171	133	36	1	69
71	139	41	1	18
12	30	47	1	82
90	91	22	1	46
108	120	23	1	14
116	100	36	1	19
63	198	29	1	111
80	120	16	1	74
61	16	5	1	40
84	153	10	1	26
142	149	49	1	35
169	121	39	1	87
125	149	24	1	91
115	52	42	1	72
80	29	41	1	61
191	84	35	1	27
52	159	20	1	96
164	81	45	1	98
53	17	33	1	37
98	7	17	1	59
199	164	18	1	63
109	23	44	1	16
150	26	16	1	22
103	75	33	1	78
49	182	43	1	96
163	77	16	1	108
77	36	13	1	40
41	195	11	1	93
187	145	42	1	67
196	145	22	1	34
97	105	41	1	56
111	112	21	1	44
131	15	13	1	19
31	19	31	1	77

-----------ARCS----------
INDEX-I	INDEX-J	QTY	IS-REQUIRED	TR-COST
155	38	0	0	46
38	194	16	1	68
194	32	0	0	65
32	113	0	0	82
113	197	5	1	12
197	169	34	1	31
169	62	30	1	21
62	116	0	0	47
116	191	0	0	38
191	45	0	0	35
45	103	0	0	71
103	22	0	0	71
22	181	0	0	31
181	129	34	1	48
129	7	0	0	79
7	176	0	0	23
176	183	0	0	19
183	125	0	0	31
125	143	28	1	69
143	134	19	1	54
134	126	0	0	25
126	82	29	1	68
82	66	0	0	47
66	37	16	1	77
37	142	6	1	105
142	158	0	0	70
158	89	45	1	65
89	195	0	0	87
195	95	0	0	55
95	60	0	0	83
60	109	0	0	49
109	107	0	0	66
107	87	0	0	96
87	57	0	0	103
57	153	0	0	74
153	73	44	1	46
73	140	11	1	45
140	164	0	0	60
164	1	0	0	56
1	3	0	0	32
3	119	0	0	51
119	147	0	0	40
147	150	22	1	18
150	84	14	1	38
84	71	0	0	11
71	162	0	0	13
162	78	45	1	51
78	8	0	0	55
8	168	0	0	29
168	137	0	0	27
137	105	0	0	51
105	145	0	0	21
145	172	0	0	61
172	135	43	1	39
135	61	15	1	67
61	117	13	1	17
117	26	0	0	35
26	52	0	0	27
52	30	0	0	15
30	47	17	1	92
47	81	0	0	57
81	33	0	0	90
33	56	0	0	88
56	16	0	0	35
16	157	44	1	56
157	43	0	0	47
43	76	0	0	22
76	196	0	0	31
196	184	0	0	45
184	90	0	0	90
90	154	39	1	46
154	136	30	1	30
136	177	8	1	33
177	138	29	1	67
138	93	0	0	81
93	55	21	1	21
55	27	35	1	14
27	146	32	1	22
146	85	44	1	24
85	133	32	1	38
133	48	50	1	78
48	2	49	1	95
2	36	33	1	34
36	131	0	0	33
131	123	0	0	69
123	118	27	1	53
118	42	0	0	82
42	29	0	0	96
29	96	0	0	63
96	174	0	0	75
174	187	0	0	48
187	40	22	1	97
40	152	10	1	78
152	189	0	0	115
189	171	50	1	14
171	110	0	0	91
110	11	37	1	80
11	159	28	1	93
159	41	0	0	81
41	141	0	0	29
141	124	0	0	42
124	88	0	0	62
88	50	15	1	62
50	23	32	1	27
23	28	22	1	68
28	112	0	0	75
112	132	48	1	59
132	114	0	0	39
114	173	0	0	39
173	179	0	0	73
179	9	38	1	72
9	51	0	0	23
51	185	33	1	69
185	80	6	1	62
80	46	0	0	72
46	98	27	1	73
98	24	25	1	41
24	53	0	0	44
53	79	0	0	51
79	83	0	0	91
83	170	10	1	50
170	17	0	0	36
17	151	35	1	27
151	91	0	0	11
91	63	0	0	61
63	20	32	1	67
20	115	49	1	105
115	148	0	0	38
148	65	0	0	47
65	127	0	0	114
127	198	0	0	124
198	180	18	1	53
180	4	0	0	52
4	21	0	0	48
21	12	11	1	37
12	163	0	0	82
163	199	0	0	79
199	75	0	0	73
75	101	7	1	93
101	44	0	0	86
44	94	0	0	93
94	160	0	0	27
160	6	42	1	62
6	102	21	1	47
102	130	31	1	33
130	100	0	0	43
100	14	23	1	54
14	200	0	0	44
200	25	0	0	51
25	111	0	0	55
111	34	8	1	68
34	92	0	0	45
92	70	12	1	13
70	156	0	0	35
156	77	22	1	89
77	122	7	1	89
122	5	0	0	56
5	49	0	0	51
49	104	0	0	71
104	108	40	1	21
108	67	0	0	9
67	166	39	1	37
166	10	18	1	86
10	193	0	0	93
193	186	39	1	44
186	167	0	0	45
167	72	38	1	52
72	190	44	1	6
190	106	0	0	63
106	54	0	0	83
54	58	16	1	20
58	192	43	1	85
192	39	0	0	33
39	139	20	1	50
139	64	0	0	36
64	175	27	1	60
175	165	0	0	28
165	15	0	0	9
15	68	0	0	73
68	178	40	1	12
178	99	7	1	101
99	97	0	0	84
97	121	10	1	92
121	31	0	0	15
31	86	0	0	95
86	120	0	0	39
120	128	0	0	36
128	144	0	0	58
144	188	0	0	74
188	161	35	1	72
161	19	0	0	56
19	13	23	1	54
13	18	0	0	83
18	182	0	0	59
182	69	0	0	65
69	35	0	0	67
35	149	0	0	35
149	59	24	1	52
59	74	0	0	73
74	155	41	1	8
63	167	48	1	13
167	77	45	1	56
77	50	39	1	77
50	39	15	1	71
39	5	5	1	80
5	122	0	0	56
122	62	0	0	63
62	93	0	0	60
93	86	35	1	86
86	128	0	0	9
128	99	0	0	107
99	135	0	0	13
135	78	0	0	84
78	95	46	1	20
95	153	0	0	85
153	72	22	1	30
72	114	15	1	27
114	13	0	0	39
13	40	18	1	66
40	119	25	1	72
119	127	23	1	60
127	54	29	1	91
54	181	0	0	52
181	143	21	1	22
143	15	6	1	34
15	182	0	0	55
182	6	0	0	36
6	96	17	1	41
96	137	0	0	28
137	131	0	0	20
131	147	0	0	15
147	125	0	0	61
125	171	0	0	72
171	84	0	0	57
84	183	0	0	61
183	172	0	0	13
172	98	29	1	56
98	110	0	0	21
110	111	41	1	67
111	103	0	0	71
103	192	45	1	77
192	165	22	1	29
165	81	46	1	31
81	46	31	1	89
46	2	0	0	28
2	149	0	0	38
149	130	37	1	39
130	32	0	0	44
32	186	0	0	57
186	44	0	0	58
44	10	23	1	61
10	161	0	0	23
161	176	0	0	64
176	100	14	1	84
100	53	34	1	53
53	178	0	0	50
178	79	22	1	101
79	60	45	1	62
60	69	0	0	30
69	169	0	0	84
169	80	0	0	79
80	64	0	0	88
64	27	0	0	81
27	56	0	0	56
56	97	0	0	52
97	22	46	1	59
22	152	0	0	81
152	43	0	0	48
43	37	0	0	32
37	141	35	1	87
141	112	0	0	22
112	49	0	0	76
49	57	35	1	52
57	36	0	0	60
36	155	0	0	74
155	70	0	0	51
70	68	0	0	57
68	85	0	0	49
85	116	0	0	17
116	29	0	0	25
29	17	0	0	98
17	154	0	0	80
154	180	0	0	57
180	75	37	1	38
75	74	0	0	46
74	52	0	0	87
52	58	0	0	75
58	73	0	0	64
73	4	30	1	28
4	8	0	0	23
8	113	0	0	35
113	140	0	0	69
140	55	0	0	75
55	26	0	0	33
26	129	0	0	34
129	162	17	1	38
162	148	41	1	32
148	105	24	1	49
105	65	48	1	80
65	126	36	1	52
126	107	35	1	29
107	76	0	0	55
76	194	0	0	31
194	14	0	0	34
14	132	0	0	51
132	28	0	0	106
28	88	12	1	39
88	168	0	0	46
168	3	0	0	23
3	102	0	0	1
102	66	0	0	8
66	87	43	1	43
87	51	0	0	35
51	175	50	1	53
175	160	24	1	66
160	109	22	1	45
109	82	0	0	53
82	1	20	1	28
1	134	26	1	25
134	157	28	1	49
157	48	38	1	54
48	159	10	1	36
159	173	16	1	23
173	189	50	1	98
189	164	45	1	102
164	42	0	0	23
42	35	0	0	30
35	47	42	1	55
47	21	0	0	33
21	16	30	1	67
16	177	0	0	50
177	20	0	0	76
20	156	0	0	88
156	30	0	0	65
30	31	0	0	5
31	34	0	0	98
34	115	0	0	94
115	191	11	1	101
191	166	0	0	29
166	7	6	1	96
7	108	7	1	67
108	138	28	1	41
138	151	0	0	63
151	195	0	0	33
195	179	0	0	31
179	101	40	1	90
101	120	0	0	21
120	18	0	0	82
18	193	49	1	88
193	144	7	1	30
144	118	0	0	52
118	187	24	1	105
187	190	0	0	40
190	59	0	0	62
59	158	29	1	9
158	94	0	0	65
94	71	0	0	23
71	91	0	0	20
91	145	32	1	35
145	24	30	1	70
24	200	20	1	77
200	92	5	1	40
92	124	0	0	58
124	184	0	0	71
184	23	0	0	39
23	67	0	0	17
67	170	0	0	41
170	121	27	1	63
121	25	0	0	86
25	38	0	0	87
38	185	0	0	92
185	61	0	0	73
61	45	0	0	48
45	89	0	0	47
89	139	5	1	27
139	188	36	1	39
188	19	29	1	17
19	11	44	1	21
11	90	0	0	29
90	106	29	1	67
106	41	42	1	89
41	174	9	1	37
174	9	0	0	69
9	150	0	0	45
150	199	0	0	25
199	136	0	0	30
136	196	0	0	32
196	117	0	0	11
117	83	0	0	15
83	146	0	0	59
146	142	0	0	69
142	123	38	1	75
123	33	0	0	47
33	12	0	0	44
12	104	11	1	19
104	133	26	1	11
133	198	0	0	67
198	197	0	0	71
197	163	26	1	99
163	63	0	0	86
140	173	16	1	29
84	7	38	1	78
126	100	25	1	61
167	54	0	0	76
114	101	5	1	32
157	1	0	0	40
106	58	0	0	96
126	162	0	0	34
13	162	0	0	45
83	109	0	0	12
134	101	0	0	55
72	102	23	1	27
65	185	0	0	103
190	96	0	0	77
87	106	0	0	95
10	26	50	1	44
143	55	11	1	37
27	152	0	0	75
158	170	24	1	40
91	137	47	1	32

----------TURNS----------
INDEX-I	INDEX-J INDEX-K	COST TYPE
155	38	194	1	R
155	38	185	1	R
38	194	32	3	L
38	194	14	3	L
194	32	113	1	R
194	32	186	3	L
194	32	126	3	L
32	113	197	3	L
32	113	140	1	R
113	197	169	3	L
113	197	163	3	L
197	169	62	1	R
197	169	80	1	R
197	169	121	1	R
169	62	116	3	L
169	62	93	3	L
62	116	191	1	R
62	116	29	1	R
62	116	100	1	R
116	191	45	1	R
116	191	166	1	R
116	191	84	1	R
191	45	103	3	L
191	45	89	3	L
191	45	66	3	L
45	103	22	1	R
45	103	192	1	R
45	103	3	3	L
45	103	75	1	R
103	22	181	3	L
103	22	152	3	L
22	181	129	1	R
22	181	143	3	L
22	181	18	1	R
181	129	7	3	L
181	129	162	1	R
129	7	176	3	L
129	7	108	3	L
129	7	98	3	L
7	176	183	3	L
7	176	100	3	L
176	183	125	3	L
176	183	172	3	L
183	125	143	1	R
183	125	171	1	R
183	125	149	1	R
125	143	134	1	R
125	143	15	3	L
125	143	55	3	L
143	134	126	1	R
143	134	157	3	L
143	134	101	3	L
134	126	82	1	R
134	126	107	3	L
134	126	100	1	R
134	126	162	1	R
134	126	32	3	L
126	82	66	3	L
126	82	1	1	R
82	66	37	3	L
82	66	87	1	R
82	66	45	3	L
82	66	155	3	L
82	66	193	3	L
66	37	142	1	R
66	37	141	1	R
66	37	172	3	L
66	37	167	1	R
37	142	158	3	L
37	142	123	3	L
37	142	149	3	L
142	158	89	1	R
142	158	94	3	L
142	158	170	3	L
142	158	93	3	L
158	89	195	1	R
158	89	139	3	L
158	89	74	1	R
89	195	95	3	L
89	195	179	1	R
89	195	41	1	R
195	95	60	3	L
195	95	153	3	L
95	60	109	1	R
95	60	69	3	L
95	60	162	1	R
60	109	107	1	R
60	109	82	1	R
60	109	23	1	R
109	107	87	1	R
109	107	76	3	L
107	87	57	1	R
107	87	51	1	R
107	87	106	1	R
87	57	153	1	R
87	57	36	1	R
57	153	73	1	R
57	153	72	1	R
57	153	84	1	R
153	73	140	3	L
153	73	4	3	L
73	140	164	3	L
73	140	55	1	R
73	140	173	3	L
140	164	1	3	L
140	164	42	3	L
140	164	144	3	L
140	164	111	3	L
140	164	81	3	L
140	164	199	3	L
164	1	3	0	O
164	1	134	0	O
164	1	21	0	O
164	1	70	0	O
1	3	119	3	L
1	3	102	3	L
1	3	103	1	R
3	119	147	3	L
3	119	127	3	L
3	119	121	3	L
119	147	150	1	R
119	147	125	1	R
147	150	84	1	R
147	150	199	1	R
147	150	68	1	R
147	150	26	1	R
150	84	71	1	R
150	84	183	1	R
150	84	7	1	R
150	84	153	3	L
150	84	191	3	L
84	71	162	1	R
84	71	91	3	L
84	71	137	1	R
84	71	139	1	R
71	162	78	3	L
71	162	148	3	L
71	162	60	3	L
162	78	8	3	L
162	78	95	1	R
78	8	168	3	L
78	8	113	1	R
8	168	137	1	R
8	168	3	3	L
168	137	105	1	R
168	137	131	3	L
168	137	71	1	R
137	105	145	3	L
137	105	65	1	R
137	105	97	1	R
105	145	172	3	L
105	145	24	3	L
105	145	187	3	L
105	145	196	3	L
145	172	135	1	R
145	172	98	3	L
145	172	37	1	R
172	135	61	1	R
172	135	78	1	R
172	135	5	1	R
135	61	117	3	L
135	61	45	3	L
135	61	187	3	L
135	61	16	3	L
61	117	26	3	L
61	117	83	1	R
117	26	52	3	L
117	26	129	3	L
117	26	150	3	L
26	52	30	3	L
26	52	58	1	R
26	52	115	3	L
26	52	159	3	L
52	30	47	3	L
52	30	31	3	L
52	30	12	3	L
30	47	81	1	R
30	47	21	3	L
47	81	33	1	R
47	81	46	1	R
47	81	164	1	R
81	33	56	1	R
81	33	12	1	R
81	33	96	3	L
33	56	16	1	R
33	56	97	3	L
33	56	132	3	L
56	16	157	1	R
56	16	177	1	R
56	16	61	1	R
16	157	43	1	R
16	157	48	1	R
16	157	1	1	R
157	43	76	3	L
157	43	37	3	L
43	76	196	3	L
43	76	194	3	L
43	76	199	3	L
76	196	184	1	R
76	196	117	1	R
76	196	145	3	L
196	184	90	1	R
196	184	23	1	R
184	90	154	3	L
184	90	106	3	L
184	90	91	3	L
90	154	136	3	L
90	154	180	3	L
154	136	177	3	L
154	136	196	3	L
136	177	138	1	R
136	177	20	1	R
177	138	93	1	R
177	138	151	1	R
138	93	55	1	R
138	93	86	3	L
138	93	158	1	R
138	93	199	1	R
93	55	27	3	L
93	55	26	1	R
55	27	146	1	R
55	27	56	3	L
55	27	152	3	L
27	146	85	1	R
27	146	142	1	R
146	85	133	1	R
146	85	116	3	L
146	85	122	1	R
85	133	48	1	R
85	133	198	1	R
85	133	171	3	L
133	48	2	1	R
133	48	159	3	L
48	2	36	1	R
48	2	149	1	R
48	2	141	1	R
2	36	131	1	R
2	36	155	1	R
2	36	77	3	L
36	131	123	1	R
36	131	147	3	L
36	131	72	3	L
36	131	15	1	R
131	123	118	3	L
131	123	33	1	R
123	118	42	3	L
123	118	187	3	L
118	42	29	3	L
118	42	35	3	L
118	42	75	1	R
118	42	165	1	R
42	29	96	3	L
42	29	17	3	L
42	29	80	3	L
29	96	174	3	L
29	96	137	3	L
29	96	33	3	L
96	174	187	1	R
96	174	9	1	R
174	187	40	1	R
174	187	190	1	R
174	187	61	1	R
174	187	145	1	R
187	40	152	3	L
187	40	119	1	R
40	152	189	3	L
40	152	43	1	R
152	189	171	1	R
152	189	164	1	R
189	171	110	1	R
189	171	84	1	R
189	171	133	3	L
171	110	11	3	L
171	110	111	3	L
171	110	92	1	R
171	110	186	3	L
110	11	159	1	R
110	11	90	3	L
11	159	41	3	L
11	159	173	3	L
11	159	115	1	R
11	159	52	1	R
159	41	141	3	L
159	41	174	3	L
159	41	195	3	L
41	141	124	3	L
41	141	112	3	L
41	141	2	1	R
141	124	88	1	R
141	124	184	1	R
124	88	50	3	L
124	88	168	3	L
124	88	182	1	R
124	88	4	3	L
88	50	23	3	L
88	50	39	1	R
50	23	28	3	L
50	23	67	1	R
50	23	59	3	L
50	23	109	3	L
23	28	112	1	R
23	28	88	1	R
28	112	132	1	R
28	112	49	1	R
28	112	111	1	R
112	132	114	3	L
112	132	28	1	R
112	132	56	1	R
132	114	173	3	L
132	114	13	3	L
132	114	101	3	L
114	173	179	1	R
114	173	189	1	R
173	179	9	1	R
173	179	101	1	R
173	179	188	1	R
179	9	51	3	L
179	9	150	3	L
9	51	185	3	L
9	51	175	3	L
51	185	80	3	L
51	185	61	3	L
185	80	46	3	L
185	80	64	3	L
185	80	120	3	L
185	80	29	1	R
80	46	98	1	R
80	46	2	3	L
46	98	24	1	R
46	98	110	1	R
46	98	7	1	R
98	24	53	1	R
98	24	200	1	R
24	53	79	3	L
24	53	178	1	R
24	53	17	1	R
53	79	83	3	L
53	79	60	1	R
79	83	170	3	L
79	83	146	3	L
79	83	109	1	R
83	170	17	3	L
83	170	121	1	R
170	17	151	3	L
170	17	154	3	L
170	17	53	3	L
17	151	91	1	R
17	151	195	3	L
151	91	63	3	L
151	91	145	3	L
151	91	137	3	L
151	91	90	3	L
91	63	20	1	R
91	63	167	3	L
91	63	198	3	L
63	20	115	1	R
63	20	156	1	R
20	115	148	3	L
20	115	191	1	R
20	115	159	3	L
20	115	52	1	R
115	148	65	1	R
115	148	105	3	L
115	148	49	1	R
148	65	127	3	L
148	65	126	1	R
148	65	185	3	L
65	127	198	1	R
65	127	54	1	R
127	198	180	1	R
127	198	197	3	L
127	198	63	1	R
198	180	4	1	R
198	180	75	3	L
180	4	21	1	R
180	4	8	3	L
180	4	88	3	L
4	21	12	3	L
4	21	16	1	R
4	21	1	1	R
21	12	163	3	L
21	12	104	1	R
21	12	30	3	L
12	163	199	1	R
12	163	63	1	R
12	163	77	1	R
163	199	75	3	L
163	199	136	3	L
163	199	76	1	R
163	199	93	3	L
163	199	164	1	R
199	75	101	3	L
199	75	74	3	L
199	75	42	3	L
199	75	15	3	L
199	75	103	3	L
75	101	44	1	R
75	101	120	3	L
75	101	14	3	L
101	44	94	1	R
101	44	10	1	R
44	94	160	3	L
44	94	71	3	L
94	160	6	3	L
94	160	109	3	L
160	6	102	3	L
160	6	96	3	L
6	102	130	1	R
6	102	66	3	L
102	130	100	1	R
102	130	32	1	R
130	100	14	1	R
130	100	53	3	L
130	100	59	3	L
130	100	104	1	R
130	100	116	3	L
100	14	200	1	R
100	14	132	1	R
100	14	101	1	R
14	200	25	3	L
14	200	92	3	L
200	25	111	1	R
200	25	38	1	R
25	111	34	1	R
25	111	103	3	L
25	111	164	1	R
25	111	112	1	R
111	34	92	1	R
111	34	115	1	R
111	34	155	1	R
34	92	70	1	R
34	92	124	1	R
34	92	110	3	L
92	70	156	3	L
92	70	68	1	R
92	70	1	3	L
70	156	77	3	L
70	156	30	1	R
156	77	122	1	R
156	77	50	1	R
156	77	106	3	L
156	77	163	3	L
156	77	36	3	L
77	122	5	3	L
77	122	62	3	L
77	122	15	1	R
77	122	85	1	R
122	5	49	1	R
122	5	122	10000	U
122	5	135	3	L
5	49	104	3	L
5	49	57	1	R
5	49	148	1	R
5	49	182	1	R
49	104	108	3	L
49	104	133	3	L
49	104	100	3	L
104	108	67	3	L
104	108	138	1	R
104	108	120	3	L
108	67	166	3	L
108	67	170	1	R
67	166	10	3	L
67	166	7	3	L
166	10	193	3	L
166	10	161	3	L
166	10	26	3	L
10	193	186	3	L
10	193	144	3	L
10	193	66	3	L
193	186	167	3	L
193	186	44	3	L
193	186	110	1	R
186	167	72	1	R
186	167	77	1	R
186	167	54	1	R
186	167	37	3	L
167	72	190	1	R
167	72	114	3	L
167	72	102	1	R
167	72	131	1	R
72	190	106	1	R
72	190	59	1	R
72	190	96	1	R
190	106	54	3	L
190	106	41	1	R
190	106	58	1	R
190	106	77	1	R
106	54	58	3	L
106	54	181	3	L
54	58	192	3	L
54	58	73	3	L
54	58	86	1	R
58	192	39	1	R
58	192	165	3	L
192	39	139	1	R
192	39	5	1	R
39	139	64	1	R
39	139	188	3	L
39	139	71	1	R
139	64	175	1	R
139	64	27	1	R
64	175	165	3	L
64	175	160	1	R
175	165	15	1	R
175	165	81	1	R
175	165	42	3	L
165	15	68	1	R
165	15	182	1	R
165	15	122	1	R
165	15	75	3	L
165	15	131	1	R
15	68	178	3	L
15	68	85	3	L
15	68	150	3	L
68	178	99	3	L
68	178	79	3	L
178	99	97	3	L
178	99	135	1	R
99	97	121	3	L
99	97	22	3	L
99	97	105	3	L
97	121	31	3	L
97	121	25	1	R
97	121	119	1	R
97	121	169	1	R
121	31	86	3	L
121	31	34	3	L
121	31	19	3	L
31	86	120	1	R
31	86	128	3	L
31	86	58	3	L
86	120	128	1	R
86	120	18	1	R
86	120	108	1	R
86	120	80	1	R
120	128	144	3	L
120	128	99	3	L
120	128	188	3	L
128	144	188	1	R
128	144	118	1	R
128	144	164	3	L
144	188	161	3	L
144	188	19	3	L
144	188	128	1	R
144	188	179	3	L
188	161	19	3	L
188	161	176	3	L
161	19	13	1	R
161	19	11	3	L
161	19	31	3	L
19	13	18	1	R
19	13	40	1	R
19	13	162	1	R
13	18	182	1	R
13	18	193	3	L
13	18	181	1	R
18	182	69	1	R
18	182	6	1	R
18	182	88	1	R
18	182	49	1	R
182	69	35	3	L
182	69	169	3	L
69	35	149	3	L
69	35	47	1	R
35	149	59	3	L
35	149	130	3	L
35	149	142	1	R
35	149	125	3	L
149	59	74	3	L
149	59	158	1	R
149	59	23	3	L
149	59	100	1	R
59	74	155	3	L
59	74	52	3	L
59	74	89	3	L
74	155	38	3	L
74	155	70	3	L
74	155	34	3	L
74	155	66	3	L
63	167	72	3	L
63	167	77	3	L
63	167	54	3	L
63	167	37	1	R
167	77	122	1	R
167	77	50	1	R
167	77	106	1	R
167	77	163	1	R
167	77	36	1	R
77	50	23	3	L
77	50	39	1	R
50	39	139	1	R
50	39	5	1	R
39	5	49	1	R
39	5	122	1	R
39	5	135	1	R
5	122	5	10000	U
5	122	62	1	R
5	122	15	1	R
5	122	85	1	R
122	62	116	3	L
122	62	93	3	L
62	93	55	1	R
62	93	86	3	L
62	93	158	1	R
62	93	199	1	R
93	86	120	1	R
93	86	128	3	L
93	86	58	3	L
86	128	144	3	L
86	128	99	3	L
86	128	188	1	R
128	99	97	3	L
128	99	135	1	R
99	135	61	1	R
99	135	78	1	R
99	135	5	1	R
135	78	8	3	L
135	78	95	1	R
78	95	60	1	R
78	95	153	1	R
95	153	73	3	L
95	153	72	1	R
95	153	84	1	R
153	72	190	1	R
153	72	114	3	L
153	72	102	1	R
153	72	131	1	R
72	114	173	1	R
72	114	13	1	R
72	114	101	1	R
114	13	18	1	R
114	13	40	1	R
114	13	162	1	R
13	40	152	3	L
13	40	119	1	R
40	119	147	1	R
40	119	127	3	L
40	119	121	3	L
119	127	198	3	L
119	127	54	3	L
127	54	58	3	L
127	54	181	1	R
54	181	129	1	R
54	181	143	1	R
54	181	18	1	R
181	143	134	1	R
181	143	15	3	L
181	143	55	3	L
143	15	68	3	L
143	15	182	1	R
143	15	122	3	L
143	15	75	3	L
143	15	131	3	L
15	182	69	3	L
15	182	6	3	L
15	182	88	3	L
15	182	49	1	R
182	6	102	3	L
182	6	96	1	R
6	96	174	1	R
6	96	137	3	L
6	96	33	1	R
96	137	105	3	L
96	137	131	3	L
96	137	71	3	L
137	131	123	3	L
137	131	147	3	L
137	131	72	3	L
137	131	15	3	L
131	147	150	3	L
131	147	125	3	L
147	125	143	1	R
147	125	171	1	R
147	125	149	1	R
125	171	110	1	R
125	171	84	1	R
125	171	133	1	R
171	84	71	1	R
171	84	183	1	R
171	84	7	1	R
171	84	153	3	L
171	84	191	3	L
84	183	125	1	R
84	183	172	3	L
183	172	135	1	R
183	172	98	3	L
183	172	37	1	R
172	98	24	1	R
172	98	110	1	R
172	98	7	1	R
98	110	11	1	R
98	110	111	1	R
98	110	92	1	R
98	110	186	1	R
110	111	34	1	R
110	111	103	1	R
110	111	164	1	R
110	111	112	1	R
111	103	22	3	L
111	103	192	1	R
111	103	3	3	L
111	103	75	1	R
103	192	39	1	R
103	192	165	3	L
192	165	15	3	L
192	165	81	1	R
192	165	42	3	L
165	81	33	1	R
165	81	46	1	R
165	81	164	3	L
81	46	98	1	R
81	46	2	3	L
46	2	36	3	L
46	2	149	3	L
46	2	141	3	L
2	149	59	1	R
2	149	130	1	R
2	149	142	1	R
2	149	125	1	R
149	130	100	1	R
149	130	32	1	R
130	32	113	1	R
130	32	186	3	L
130	32	126	3	L
32	186	167	3	L
32	186	44	1	R
32	186	110	1	R
186	44	94	3	L
186	44	10	1	R
44	10	193	1	R
44	10	161	1	R
44	10	26	1	R
10	161	19	3	L
10	161	176	1	R
161	176	183	1	R
161	176	100	3	L
176	100	14	1	R
176	100	53	3	L
176	100	59	3	L
176	100	104	1	R
176	100	116	3	L
100	53	79	1	R
100	53	178	3	L
100	53	17	3	L
53	178	99	1	R
53	178	79	1	R
178	79	83	3	L
178	79	60	1	R
79	60	109	1	R
79	60	69	3	L
79	60	162	1	R
60	69	35	3	L
60	69	169	3	L
69	169	62	3	L
69	169	80	1	R
69	169	121	3	L
169	80	46	1	R
169	80	64	1	R
169	80	120	3	L
169	80	29	1	R
80	64	175	3	L
80	64	27	3	L
64	27	146	1	R
64	27	56	3	L
64	27	152	3	L
27	56	16	3	L
27	56	97	3	L
27	56	132	3	L
56	97	121	3	L
56	97	22	3	L
56	97	105	3	L
97	22	181	3	L
97	22	152	3	L
22	152	189	1	R
22	152	43	1	R
152	43	76	1	R
152	43	37	3	L
43	37	142	1	R
43	37	141	1	R
43	37	172	3	L
43	37	167	1	R
37	141	124	1	R
37	141	112	1	R
37	141	2	3	L
141	112	132	1	R
141	112	49	1	R
141	112	111	1	R
112	49	104	3	L
112	49	57	1	R
112	49	148	1	R
112	49	182	1	R
49	57	153	1	R
49	57	36	1	R
57	36	131	1	R
57	36	155	1	R
57	36	77	1	R
36	155	38	1	R
36	155	70	3	L
36	155	34	3	L
36	155	66	3	L
155	70	156	3	L
155	70	68	1	R
155	70	1	1	R
70	68	178	3	L
70	68	85	3	L
70	68	150	3	L
68	85	133	3	L
68	85	116	1	R
68	85	122	3	L
85	116	191	1	R
85	116	29	1	R
85	116	100	1	R
116	29	96	3	L
116	29	17	3	L
116	29	80	3	L
29	17	151	1	R
29	17	154	1	R
29	17	53	1	R
17	154	136	1	R
17	154	180	3	L
154	180	4	3	L
154	180	75	1	R
180	75	101	1	R
180	75	74	3	L
180	75	42	1	R
180	75	15	1	R
180	75	103	3	L
75	74	155	3	L
75	74	52	3	L
75	74	89	3	L
74	52	30	3	L
74	52	58	1	R
74	52	115	3	L
74	52	159	1	R
52	58	192	1	R
52	58	73	1	R
52	58	86	1	R
58	73	140	3	L
58	73	4	3	L
73	4	21	1	R
73	4	8	3	L
73	4	88	3	L
4	8	168	3	L
4	8	113	1	R
8	113	197	3	L
8	113	140	1	R
113	140	164	3	L
113	140	55	1	R
113	140	173	1	R
140	55	27	3	L
140	55	26	1	R
55	26	52	3	L
55	26	129	3	L
55	26	150	1	R
26	129	7	3	L
26	129	162	3	L
129	162	78	1	R
129	162	148	1	R
129	162	60	1	R
162	148	65	3	L
162	148	105	1	R
162	148	49	3	L
148	105	145	3	L
148	105	65	1	R
148	105	97	1	R
105	65	127	1	R
105	65	126	1	R
105	65	185	1	R
65	126	82	1	R
65	126	107	3	L
65	126	100	1	R
65	126	162	1	R
65	126	32	1	R
126	107	87	1	R
126	107	76	3	L
107	76	196	3	L
107	76	194	3	L
107	76	199	3	L
76	194	32	3	L
76	194	14	1	R
194	14	200	3	L
194	14	132	1	R
194	14	101	1	R
14	132	114	3	L
14	132	28	1	R
14	132	56	1	R
132	28	112	1	R
132	28	88	1	R
28	88	50	1	R
28	88	168	1	R
28	88	182	3	L
28	88	4	1	R
88	168	137	1	R
88	168	3	3	L
168	3	119	3	L
168	3	102	3	L
168	3	103	1	R
3	102	130	3	L
3	102	66	1	R
102	66	37	3	L
102	66	87	1	R
102	66	45	3	L
102	66	155	3	L
102	66	193	3	L
66	87	57	3	L
66	87	51	1	R
66	87	106	3	L
87	51	185	1	R
87	51	175	1	R
51	175	165	3	L
51	175	160	1	R
175	160	6	1	R
175	160	109	1	R
160	109	107	1	R
160	109	82	3	L
160	109	23	1	R
109	82	66	1	R
109	82	1	1	R
82	1	3	0	O
82	1	134	0	O
82	1	21	0	O
82	1	70	0	O
1	134	126	1	R
1	134	157	1	R
1	134	101	1	R
134	157	43	3	L
134	157	48	1	R
134	157	1	1	R
157	48	2	1	R
157	48	159	3	L
48	159	41	3	L
48	159	173	3	L
48	159	115	3	L
48	159	52	3	L
159	173	179	3	L
159	173	189	3	L
173	189	171	1	R
173	189	164	1	R
189	164	1	1	R
189	164	42	1	R
189	164	144	1	R
189	164	111	1	R
189	164	81	1	R
189	164	199	3	L
164	42	29	1	R
164	42	35	1	R
164	42	75	1	R
164	42	165	1	R
42	35	149	1	R
42	35	47	3	L
35	47	81	1	R
35	47	21	3	L
47	21	12	3	L
47	21	16	3	L
47	21	1	3	L
21	16	157	1	R
21	16	177	1	R
21	16	61	1	R
16	177	138	1	R
16	177	20	1	R
177	20	115	1	R
177	20	156	1	R
20	156	77	1	R
20	156	30	1	R
156	30	47	1	R
156	30	31	3	L
156	30	12	1	R
30	31	86	3	L
30	31	34	3	L
30	31	19	3	L
31	34	92	1	R
31	34	115	1	R
31	34	155	1	R
34	115	148	1	R
34	115	191	1	R
34	115	159	3	L
34	115	52	1	R
115	191	45	3	L
115	191	166	1	R
115	191	84	1	R
191	166	10	1	R
191	166	7	1	R
166	7	176	3	L
166	7	108	3	L
166	7	98	3	L
7	108	67	1	R
7	108	138	3	L
7	108	120	1	R
108	138	93	3	L
108	138	151	3	L
138	151	91	3	L
138	151	195	1	R
151	195	95	3	L
151	195	179	1	R
151	195	41	3	L
195	179	9	1	R
195	179	101	1	R
195	179	188	1	R
179	101	44	1	R
179	101	120	3	L
179	101	14	3	L
101	120	128	1	R
101	120	18	3	L
101	120	108	1	R
101	120	80	3	L
120	18	182	1	R
120	18	193	3	L
120	18	181	3	L
18	193	186	3	L
18	193	144	3	L
18	193	66	3	L
193	144	188	1	R
193	144	118	3	L
193	144	164	1	R
144	118	42	1	R
144	118	187	1	R
118	187	40	1	R
118	187	190	1	R
118	187	61	1	R
118	187	145	3	L
187	190	106	1	R
187	190	59	1	R
187	190	96	1	R
190	59	74	3	L
190	59	158	1	R
190	59	23	3	L
190	59	100	1	R
59	158	89	1	R
59	158	94	1	R
59	158	170	1	R
59	158	93	1	R
158	94	160	3	L
158	94	71	1	R
94	71	162	1	R
94	71	91	3	L
94	71	137	3	L
94	71	139	1	R
71	91	63	1	R
71	91	145	1	R
71	91	137	1	R
71	91	90	1	R
91	145	172	3	L
91	145	24	3	L
91	145	187	1	R
91	145	196	1	R
145	24	53	1	R
145	24	200	3	L
24	200	25	1	R
24	200	92	1	R
200	92	70	1	R
200	92	124	3	L
200	92	110	3	L
92	124	88	3	L
92	124	184	1	R
124	184	90	1	R
124	184	23	1	R
184	23	28	3	L
184	23	67	1	R
184	23	59	3	L
184	23	109	1	R
23	67	166	3	L
23	67	170	3	L
67	170	17	3	L
67	170	121	1	R
170	121	31	3	L
170	121	25	1	R
170	121	119	1	R
170	121	169	1	R
121	25	111	1	R
121	25	38	1	R
25	38	194	1	R
25	38	185	1	R
38	185	80	3	L
38	185	61	1	R
185	61	117	3	L
185	61	45	1	R
185	61	187	3	L
185	61	16	1	R
61	45	103	1	R
61	45	89	1	R
61	45	66	1	R
45	89	195	1	R
45	89	139	3	L
45	89	74	1	R
89	139	64	3	L
89	139	188	1	R
89	139	71	3	L
139	188	161	1	R
139	188	19	1	R
139	188	128	1	R
139	188	179	1	R
188	19	13	3	L
188	19	11	1	R
188	19	31	1	R
19	11	159	3	L
19	11	90	3	L
11	90	154	3	L
11	90	106	3	L
11	90	91	3	L
90	106	54	3	L
90	106	41	3	L
90	106	58	3	L
90	106	77	3	L
106	41	141	3	L
106	41	174	3	L
106	41	195	1	R
41	174	187	1	R
41	174	9	3	L
174	9	51	3	L
174	9	150	1	R
9	150	84	1	R
9	150	199	1	R
9	150	68	1	R
9	150	26	1	R
150	199	75	3	L
150	199	136	3	L
150	199	76	1	R
150	199	93	3	L
150	199	164	1	R
199	136	177	1	R
199	136	196	3	L
136	196	184	1	R
136	196	117	3	L
136	196	145	3	L
196	117	26	3	L
196	117	83	3	L
117	83	170	3	L
117	83	146	3	L
117	83	109	3	L
83	146	85	1	R
83	146	142	1	R
146	142	158	3	L
146	142	123	3	L
146	142	149	3	L
142	123	118	3	L
142	123	33	1	R
123	33	56	1	R
123	33	12	1	R
123	33	96	1	R
33	12	163	1	R
33	12	104	3	L
33	12	30	1	R
12	104	108	3	L
12	104	133	3	L
12	104	100	3	L
104	133	48	3	L
104	133	198	3	L
104	133	171	3	L
133	198	180	1	R
133	198	197	3	L
133	198	63	1	R
198	197	169	3	L
198	197	163	3	L
197	163	199	1	R
197	163	63	1	R
197	163	77	1	R
163	63	20	1	R
163	63	167	1	R
163	63	198	1	R
140	173	179	3	L
140	173	189	3	L
84	7	176	3	L
84	7	108	3	L
84	7	98	3	L
126	100	14	1	R
126	100	53	1	R
126	100	59	3	L
126	100	104	1	R
126	100	116	3	L
167	54	58	3	L
167	54	181	1	R
114	101	44	1	R
114	101	120	1	R
114	101	14	1	R
157	1	3	0	O
157	1	134	0	O
157	1	21	0	O
157	1	70	0	O
106	58	192	3	L
106	58	73	1	R
106	58	86	1	R
126	162	78	1	R
126	162	148	1	R
126	162	60	3	L
13	162	78	1	R
13	162	148	3	L
13	162	60	3	L
83	109	107	1	R
83	109	82	3	L
83	109	23	3	L
134	101	44	3	L
134	101	120	3	L
134	101	14	3	L
72	102	130	1	R
72	102	66	3	L
65	185	80	3	L
65	185	61	1	R
190	96	174	1	R
190	96	137	3	L
190	96	33	1	R
87	106	54	3	L
87	106	41	1	R
87	106	58	3	L
87	106	77	1	R
10	26	52	3	L
10	26	129	3	L
10	26	150	1	R
143	55	27	3	L
143	55	26	1	R
27	152	189	3	L
27	152	43	3	L
158	170	17	3	L
158	170	121	1	R
91	137	105	1	R
91	137	131	3	L
91	137	71	1	R
42	75	101	3	L
42	75	74	3	L
42	75	42	10000	U
42	75	15	1	R
42	75	103	3	L
75	42	29	3	L
75	42	35	3	L
75	42	75	10000	U
75	42	165	3	L
131	72	190	1	R
131	72	114	1	R
131	72	102	1	R
131	72	131	10000	U
72	131	123	1	R
72	131	147	1	R
72	131	72	10000	U
72	131	15	1	R
1	21	12	3	L
1	21	16	3	L
1	21	1	10000	U
21	1	3	0	O
21	1	134	0	O
21	1	21	0	O
21	1	70	0	O
59	23	28	3	L
59	23	67	3	L
59	23	59	10000	U
59	23	109	3	L
23	59	74	3	L
23	59	158	1	R
23	59	23	10000	U
23	59	100	1	R
106	77	122	1	R
106	77	50	1	R
106	77	106	10000	U
106	77	163	1	R
106	77	36	3	L
77	106	54	3	L
77	106	41	3	L
77	106	58	3	L
77	106	77	10000	U
76	199	75	3	L
76	199	136	3	L
76	199	76	10000	U
76	199	93	3	L
76	199	164	1	R
199	76	196	3	L
199	76	194	3	L
199	76	199	10000	U
58	86	120	1	R
58	86	128	1	R
58	86	58	10000	U
86	58	192	3	L
86	58	73	3	L
86	58	86	10000	U
49	148	65	1	R
49	148	105	1	R
49	148	49	10000	U
148	49	104	3	L
148	49	57	1	R
148	49	148	10000	U
148	49	182	3	L
103	3	119	1	R
103	3	102	3	L
103	3	103	10000	U
3	103	22	1	R
3	103	192	1	R
3	103	3	10000	U
3	103	75	1	R
15	122	5	3	L
15	122	62	3	L
15	122	15	10000	U
15	122	85	3	L
122	15	68	1	R
122	15	182	1	R
122	15	122	10000	U
122	15	75	3	L
122	15	131	1	R
110	92	70	1	R
110	92	124	1	R
110	92	110	10000	U
92	110	11	3	L
92	110	111	3	L
92	110	92	10000	U
92	110	186	3	L
187	61	117	1	R
187	61	45	1	R
187	61	187	10000	U
187	61	16	1	R
61	187	40	3	L
61	187	190	3	L
61	187	61	10000	U
61	187	145	3	L
182	88	50	3	L
182	88	168	3	L
182	88	182	10000	U
182	88	4	3	L
88	182	69	1	R
88	182	6	1	R
88	182	88	10000	U
88	182	49	1	R
172	37	142	1	R
172	37	141	1	R
172	37	172	10000	U
172	37	167	1	R
37	172	135	1	R
37	172	98	3	L
37	172	37	10000	U
60	162	78	1	R
60	162	148	1	R
60	162	60	10000	U
162	60	109	3	L
162	60	69	3	L
162	60	162	10000	U
165	42	29	3	L
165	42	35	3	L
165	42	75	1	R
165	42	165	10000	U
42	165	15	1	R
42	165	81	3	L
42	165	42	10000	U
122	85	133	1	R
122	85	116	3	L
122	85	122	10000	U
85	122	5	3	L
85	122	62	3	L
85	122	15	1	R
85	122	85	10000	U
75	15	68	1	R
75	15	182	3	L
75	15	122	1	R
75	15	75	10000	U
75	15	131	1	R
15	75	101	3	L
15	75	74	3	L
15	75	42	3	L
15	75	15	10000	U
15	75	103	3	L
45	66	37	1	R
45	66	87	3	L
45	66	45	10000	U
45	66	155	1	R
45	66	193	1	R
66	45	103	3	L
66	45	89	1	R
66	45	66	10000	U
150	68	178	3	L
150	68	85	3	L
150	68	150	10000	U
68	150	84	1	R
68	150	199	1	R
68	150	68	10000	U
68	150	26	1	R
167	37	142	3	L
167	37	141	3	L
167	37	172	3	L
167	37	167	10000	U
37	167	72	1	R
37	167	77	1	R
37	167	54	1	R
37	167	37	10000	U
144	164	1	1	R
144	164	42	1	R
144	164	144	10000	U
144	164	111	3	L
144	164	81	3	L
144	164	199	3	L
164	144	188	1	R
164	144	118	1	R
164	144	164	10000	U
2	141	124	3	L
2	141	112	1	R
2	141	2	10000	U
141	2	36	3	L
141	2	149	1	R
141	2	141	10000	U
18	181	129	3	L
18	181	143	3	L
18	181	18	10000	U
181	18	182	1	R
181	18	193	3	L
181	18	181	10000	U
119	121	31	3	L
119	121	25	3	L
119	121	119	10000	U
119	121	169	3	L
121	119	147	1	R
121	119	127	3	L
121	119	121	10000	U
88	4	21	1	R
88	4	8	3	L
88	4	88	10000	U
4	88	50	3	L
4	88	168	3	L
4	88	182	1	R
4	88	4	10000	U
158	93	55	1	R
158	93	86	3	L
158	93	158	10000	U
158	93	199	3	L
93	158	89	1	R
93	158	94	1	R
93	158	170	1	R
93	158	93	10000	U
59	100	14	1	R
59	100	53	1	R
59	100	59	10000	U
59	100	104	1	R
59	100	116	1	R
100	59	74	3	L
100	59	158	3	L
100	59	23	3	L
100	59	100	10000	U
128	188	161	3	L
128	188	19	3	L
128	188	128	10000	U
128	188	179	3	L
188	128	144	1	R
188	128	99	1	R
188	128	188	10000	U
115	159	41	3	L
115	159	173	3	L
115	159	115	10000	U
115	159	52	3	L
159	115	148	1	R
159	115	191	1	R
159	115	159	10000	U
159	115	52	1	R
101	14	200	3	L
101	14	132	1	R
101	14	101	10000	U
14	101	44	1	R
14	101	120	1	R
14	101	14	10000	U
74	89	195	3	L
74	89	139	3	L
74	89	74	10000	U
89	74	155	3	L
89	74	52	1	R
89	74	89	10000	U
179	188	161	3	L
179	188	19	3	L
179	188	128	1	R
179	188	179	10000	U
188	179	9	3	L
188	179	101	3	L
188	179	188	10000	U
135	5	49	1	R
135	5	122	1	R
135	5	135	10000	U
5	135	61	3	L
5	135	78	3	L
5	135	5	10000	U
70	1	3	0	O
70	1	134	0	O
70	1	21	0	O
70	1	70	0	O
1	70	156	3	L
1	70	68	1	R
1	70	1	10000	U
110	186	167	3	L
110	186	44	3	L
110	186	110	10000	U
186	110	11	3	L
186	110	111	1	R
186	110	92	1	R
186	110	186	10000	U
34	155	38	1	R
34	155	70	1	R
34	155	34	10000	U
34	155	66	1	R
155	34	92	3	L
155	34	115	3	L
155	34	155	10000	U
155	66	37	3	L
155	66	87	1	R
155	66	45	3	L
155	66	155	10000	U
155	66	193	1	R
66	155	38	1	R
66	155	70	1	R
66	155	34	3	L
66	155	66	10000	U
71	137	105	1	R
71	137	131	3	L
71	137	71	10000	U
137	71	162	3	L
137	71	91	1	R
137	71	137	10000	U
137	71	139	3	L
33	96	174	1	R
33	96	137	3	L
33	96	33	10000	U
96	33	56	1	R
96	33	12	1	R
96	33	96	10000	U
126	32	113	1	R
126	32	186	1	R
126	32	126	10000	U
32	126	82	3	L
32	126	107	1	R
32	126	100	3	L
32	126	162	3	L
32	126	32	10000	U
56	132	114	3	L
56	132	28	3	L
56	132	56	10000	U
132	56	16	1	R
132	56	97	1	R
132	56	132	10000	U
199	93	55	1	R
199	93	86	3	L
199	93	158	1	R
199	93	199	10000	U
93	199	75	3	L
93	199	136	3	L
93	199	76	1	R
93	199	93	10000	U
93	199	164	1	R
193	66	37	3	L
193	66	87	1	R
193	66	45	3	L
193	66	155	3	L
193	66	193	10000	U
66	193	186	1	R
66	193	144	1	R
66	193	66	10000	U
104	100	14	3	L
104	100	53	3	L
104	100	59	3	L
104	100	104	10000	U
104	100	116	3	L
100	104	108	1	R
100	104	133	1	R
100	104	100	10000	U
164	111	34	3	L
164	111	103	3	L
164	111	164	10000	U
164	111	112	1	R
111	164	1	1	R
111	164	42	1	R
111	164	144	1	R
111	164	111	10000	U
111	164	81	1	R
111	164	199	3	L
171	133	48	1	R
171	133	198	1	R
171	133	171	10000	U
133	171	110	3	L
133	171	84	3	L
133	171	133	10000	U
71	139	64	1	R
71	139	188	1	R
71	139	71	10000	U
139	71	162	1	R
139	71	91	1	R
139	71	137	1	R
139	71	139	10000	U
12	30	47	3	L
12	30	31	3	L
12	30	12	10000	U
30	12	163	1	R
30	12	104	3	L
30	12	30	10000	U
90	91	63	1	R
90	91	145	1	R
90	91	137	1	R
90	91	90	10000	U
91	90	154	3	L
91	90	106	3	L
91	90	91	10000	U
108	120	128	3	L
108	120	18	1	R
108	120	108	10000	U
108	120	80	1	R
120	108	67	1	R
120	108	138	1	R
120	108	120	10000	U
116	100	14	1	R
116	100	53	1	R
116	100	59	3	L
116	100	104	1	R
116	100	116	10000	U
100	116	191	3	L
100	116	29	1	R
100	116	100	10000	U
63	198	180	1	R
63	198	197	3	L
63	198	63	10000	U
198	63	20	1	R
198	63	167	3	L
198	63	198	10000	U
80	120	128	3	L
80	120	18	3	L
80	120	108	3	L
80	120	80	10000	U
120	80	46	1	R
120	80	64	1	R
120	80	120	10000	U
120	80	29	1	R
61	16	157	1	R
61	16	177	1	R
61	16	61	10000	U
16	61	117	3	L
16	61	45	3	L
16	61	187	3	L
16	61	16	10000	U
84	153	73	3	L
84	153	72	3	L
84	153	84	10000	U
153	84	71	1	R
153	84	183	1	R
153	84	7	1	R
153	84	153	10000	U
153	84	191	3	L
142	149	59	3	L
142	149	130	3	L
142	149	142	10000	U
142	149	125	3	L
149	142	158	1	R
149	142	123	1	R
149	142	149	10000	U
169	121	31	3	L
169	121	25	1	R
169	121	119	1	R
169	121	169	10000	U
121	169	62	3	L
121	169	80	1	R
121	169	121	10000	U
125	149	59	3	L
125	149	130	1	R
125	149	142	1	R
125	149	125	10000	U
149	125	143	3	L
149	125	171	1	R
149	125	149	10000	U
115	52	30	3	L
115	52	58	1	R
115	52	115	10000	U
115	52	159	1	R
52	115	148	3	L
52	115	191	3	L
52	115	159	3	L
52	115	52	10000	U
80	29	96	3	L
80	29	17	1	R
80	29	80	10000	U
29	80	46	3	L
29	80	64	3	L
29	80	120	3	L
29	80	29	10000	U
191	84	71	1	R
191	84	183	1	R
191	84	7	1	R
191	84	153	1	R
191	84	191	10000	U
84	191	45	3	L
84	191	166	1	R
84	191	84	10000	U
52	159	41	3	L
52	159	173	3	L
52	159	115	1	R
52	159	52	10000	U
159	52	30	3	L
159	52	58	1	R
159	52	115	3	L
159	52	159	10000	U
164	81	33	1	R
164	81	46	1	R
164	81	164	10000	U
81	164	1	1	R
81	164	42	1	R
81	164	144	1	R
81	164	111	3	L
81	164	81	10000	U
81	164	199	3	L
53	17	151	3	L
53	17	154	1	R
53	17	53	10000	U
17	53	79	3	L
17	53	178	1	R
17	53	17	10000	U
98	7	176	1	R
98	7	108	1	R
98	7	98	10000	U
7	98	24	1	R
7	98	110	1	R
7	98	7	10000	U
199	164	1	1	R
199	164	42	1	R
199	164	144	1	R
199	164	111	1	R
199	164	81	1	R
199	164	199	10000	U
164	199	75	3	L
164	199	136	3	L
164	199	76	3	L
164	199	93	3	L
164	199	164	10000	U
109	23	28	1	R
109	23	67	3	L
109	23	59	1	R
109	23	109	10000	U
23	109	107	3	L
23	109	82	1	R
23	109	23	10000	U
150	26	52	3	L
150	26	129	3	L
150	26	150	10000	U
26	150	84	3	L
26	150	199	1	R
26	150	68	3	L
26	150	26	10000	U
103	75	101	1	R
103	75	74	3	L
103	75	42	1	R
103	75	15	1	R
103	75	103	10000	U
75	103	22	3	L
75	103	192	3	L
75	103	3	3	L
75	103	75	10000	U
49	182	69	3	L
49	182	6	3	L
49	182	88	3	L
49	182	49	10000	U
182	49	104	3	L
182	49	57	1	R
182	49	148	1	R
182	49	182	10000	U
163	77	122	1	R
163	77	50	1	R
163	77	106	3	L
163	77	163	10000	U
163	77	36	3	L
77	163	199	1	R
77	163	63	1	R
77	163	77	10000	U
77	36	131	3	L
77	36	155	3	L
77	36	77	10000	U
36	77	122	1	R
36	77	50	1	R
36	77	106	1	R
36	77	163	1	R
36	77	36	10000	U
41	195	95	3	L
41	195	179	1	R
41	195	41	10000	U
195	41	141	3	L
195	41	174	3	L
195	41	195	10000	U
187	145	172	3	L
187	145	24	3	L
187	145	187	10000	U
187	145	196	3	L
145	187	40	1	R
145	187	190	1	R
145	187	61	1	R
145	187	145	10000	U
196	145	172	3	L
196	145	24	3	L
196	145	187	1	R
196	145	196	10000	U
145	196	184	1	R
145	196	117	3	L
145	196	145	10000	U
97	105	145	3	L
97	105	65	3	L
97	105	97	10000	U
105	97	121	1	R
105	97	22	1	R
105	97	105	10000	U
111	112	132	1	R
111	112	49	1	R
111	112	111	10000	U
112	111	34	3	L
112	111	103	3	L
112	111	164	3	L
112	111	112	10000	U
131	15	68	1	R
131	15	182	1	R
131	15	122	3	L
131	15	75	3	L
131	15	131	10000	U
15	131	123	3	L
15	131	147	3	L
15	131	72	3	L
15	131	15	10000	U
31	19	13	1	R
31	19	11	3	L
31	19	31	10000	U
19	31	86	3	L
19	31	34	3	L
19	31	19	10000	U
