Name:			p20
#Vehicles:		19
Capacity:		580
Depot:			1
#Nodes:			200
#Edges:			80
#Arcs:			420
#Required-N:	0
#Required-E:	80
#Required-A:	294
#Nb-Turns:		1823

----------NODES----------
INDEX	QTY	IS-REQUIRED	X	Y
1	0	0	133.98	43.34
2	0	0	78.34	111.59
3	0	0	114.12	76.15
4	0	0	81.3	68.34
5	0	0	6.29	73.71
6	0	0	155.44	81.60
7	0	0	34.90	160.83
8	0	0	81.20	45.3
9	0	0	125.5	60.29
10	0	0	95.66	163.50
11	0	0	109.27	164.62
12	0	0	77.22	74.46
13	0	0	119.31	107.71
14	0	0	205.80	94.0
15	0	0	162.59	158.64
16	0	0	87.79	4.54
17	0	0	41.97	132.85
18	0	0	218.21	143.13
19	0	0	113.57	182.80
20	0	0	31.83	135.25
21	0	0	109.19	47.52
22	0	0	134.8	128.17
23	0	0	34.66	85.20
24	0	0	97.97	180.49
25	0	0	108.71	110.64
26	0	0	119.18	139.23
27	0	0	113.26	101.75
28	0	0	64.56	3.48
29	0	0	64.25	28.78
30	0	0	152.10	164.86
31	0	0	152.93	168.42
32	0	0	150.95	125.68
33	0	0	113.45	108.38
34	0	0	165.51	106.15
35	0	0	137.40	81.16
36	0	0	76.5	79.11
37	0	0	183.85	70.70
38	0	0	191.53	128.1
39	0	0	83.70	159.42
40	0	0	126.96	39.18
41	0	0	176.41	27.56
42	0	0	158.9	51.19
43	0	0	162.12	55.39
44	0	0	132.63	203.98
45	0	0	53.62	110.40
46	0	0	64.29	135.43
47	0	0	139.38	67.22
48	0	0	158.48	26.87
49	0	0	31.22	24.0
50	0	0	17.2	98.91
51	0	0	130.28	83.75
52	0	0	143.78	154.81
53	0	0	141.68	167.90
54	0	0	79.15	175.76
55	0	0	119.6	113.61
56	0	0	108.3	31.72
57	0	0	71.71	11.44
58	0	0	92.75	171.62
59	0	0	98.72	144.49
60	0	0	149.57	85.24
61	0	0	89.98	111.80
62	0	0	89.57	79.69
63	0	0	78.96	161.92
64	0	0	102.85	185.56
65	0	0	44.94	36.62
66	0	0	120.28	76.11
67	0	0	40.98	100.22
68	0	0	129.40	108.33
69	0	0	170.15	73.13
70	0	0	182.45	86.23
71	0	0	68.28	95.73
72	0	0	134.96	97.9
73	0	0	107.8	82.38
74	0	0	167.57	88.55
75	0	0	129.68	45.83
76	0	0	145.21	72.24
77	0	0	48.56	178.59
78	0	0	54.0	49.96
79	0	0	182.74	142.64
80	0	0	20.53	153.88
81	0	0	167.14	136.40
82	0	0	118.37	28.75
83	0	0	92.60	97.32
84	0	0	77.6	92.99
85	0	0	87.87	61.73
86	0	0	218.86	154.48
87	0	0	150.9	53.52
88	0	0	52.67	29.3
89	0	0	49.50	169.56
90	0	0	86.26	142.67
91	0	0	50.28	98.91
92	0	0	180.77	75.16
93	0	0	125.24	129.59
94	0	0	66.73	117.66
95	0	0	66.58	36.54
96	0	0	112.16	54.72
97	0	0	148.82	62.29
98	0	0	77.30	206.0
99	0	0	109.91	136.77
100	0	0	154.24	119.32
101	0	0	179.46	112.27
102	0	0	114.51	76.85
103	0	0	48.46	138.70
104	0	0	61.58	81.79
105	0	0	23.12	99.14
106	0	0	159.67	140.16
107	0	0	123.48	39.72
108	0	0	42.41	93.86
109	0	0	96.47	87.53
110	0	0	93.69	208.79
111	0	0	131.20	153.42
112	0	0	134.52	26.27
113	0	0	84.28	27.20
114	0	0	160.61	89.3
115	0	0	49.84	56.53
116	0	0	73.74	51.40
117	0	0	100.62	102.46
118	0	0	198.95	140.95
119	0	0	84.96	18.77
120	0	0	199.69	125.58
121	0	0	142.66	173.44
122	0	0	21.37	111.88
123	0	0	145.30	139.50
124	0	0	122.53	20.49
125	0	0	72.65	122.94
126	0	0	107.32	61.89
127	0	0	35.4	60.31
128	0	0	214.74	158.23
129	0	0	87.32	128.92
130	0	0	144.81	89.1
131	0	0	96.85	58.99
132	0	0	185.24	54.37
133	0	0	70.34	78.11
134	0	0	133.91	63.76
135	0	0	104.12	127.96
136	0	0	66.38	67.97
137	0	0	78.14	65.36
138	0	0	49.61	126.50
139	0	0	68.93	190.24
140	0	0	145.26	43.86
141	0	0	148.73	19.45
142	0	0	79.59	104.34
143	0	0	134.45	137.95
144	0	0	190.46	194.65
145	0	0	25.77	119.13
146	0	0	102.21	80.83
147	0	0	88.10	49.97
148	0	0	41.12	73.86
149	0	0	117.30	99.89
150	0	0	75.73	48.22
151	0	0	41.53	104.59
152	0	0	197.60	65.80
153	0	0	132.76	75.25
154	0	0	59.85	92.9
155	0	0	170.97	93.35
156	0	0	159.85	122.9
157	0	0	143.94	10.52
158	0	0	92.23	147.70
159	0	0	184.11	46.79
160	0	0	91.4	121.52
161	0	0	104.97	146.59
162	0	0	75.20	87.83
163	0	0	0.54	86.34
164	0	0	177.41	38.93
165	0	0	156.71	162.51
166	0	0	77.70	103.13
167	0	0	91.28	161.50
168	0	0	98.17	54.83
169	0	0	76.68	70.77
170	0	0	64.5	142.98
171	0	0	146.16	102.27
172	0	0	74.23	146.27
173	0	0	168.49	53.77
174	0	0	195.61	40.42
175	0	0	142.4	148.25
176	0	0	55.61	161.85
177	0	0	43.25	48.94
178	0	0	137.7	112.87
179	0	0	66.62	59.53
180	0	0	92.45	27.60
181	0	0	116.97	149.26
182	0	0	191.7	106.22
183	0	0	63.86	150.26
184	0	0	56.93	64.56
185	0	0	77.30	140.85
186	0	0	136.89	189.50
187	0	0	185.34	91.10
188	0	0	109.95	198.14
189	0	0	155.80	108.82
190	0	0	139.36	98.6
191	0	0	56.36	85.58
192	0	0	122.55	166.37
193	0	0	173.10	209.4
194	0	0	179.64	79.98
195	0	0	34.57	72.99
196	0	0	102.23	90.86
197	0	0	76.80	33.37
198	0	0	47.96	0.55
199	0	0	55.17	40.65
200	0	0	171.34	115.84

----------EDGES----------
INDEX-I	INDEX-J	QTY	IS-REQUIRED	TR-COST
109	127	27	1	78
103	189	50	1	108
92	173	9	1	27
4	45	45	1	38
161	93	45	1	39
118	38	11	1	43
194	79	9	1	68
2	54	5	1	85
33	131	21	1	50
104	84	25	1	22
34	33	43	1	54
135	36	42	1	68
73	178	20	1	47
153	40	5	1	51
10	39	26	1	16
105	78	47	1	64
118	41	46	1	91
32	22	29	1	29
23	36	33	1	39
9	153	47	1	62
47	189	12	1	105
138	181	26	1	57
84	191	13	1	27
115	137	23	1	32
78	10	7	1	92
127	51	42	1	83
12	71	9	1	26
83	177	12	1	74
111	178	28	1	48
47	8	13	1	72
46	115	30	1	92
51	72	44	1	16
123	52	6	1	18
163	88	28	1	89
101	72	38	1	43
172	35	47	1	58
135	27	34	1	27
40	107	42	1	5
37	35	41	1	73
169	12	44	1	5
117	90	10	1	49
22	79	27	1	73
155	92	30	1	40
97	112	25	1	40
36	3	27	1	49
54	139	45	1	43
122	90	15	1	70
104	177	17	1	84
122	151	17	1	27
7	160	44	1	106
178	153	13	1	35
95	56	24	1	39
103	17	13	1	10
191	2	15	1	45
170	139	43	1	50
111	187	15	1	68
25	149	7	1	51
42	56	41	1	48
199	179	16	1	64
149	60	30	1	42
96	75	49	1	24
125	124	36	1	109
67	158	23	1	63
66	161	5	1	55
102	62	13	1	26
70	164	50	1	51
75	194	41	1	69
33	192	37	1	55
142	166	41	1	3
50	145	25	1	42
171	112	24	1	62
25	117	40	1	12
109	162	48	1	28
83	161	49	1	57
141	131	15	1	48
171	69	18	1	39
64	37	43	1	96
68	176	19	1	76
133	13	30	1	43
84	117	50	1	23

-----------ARCS----------
INDEX-I	INDEX-J	QTY	IS-REQUIRED	TR-COST
155	38	16	1	46
38	194	0	0	68
194	32	0	0	65
32	113	5	1	82
113	197	0	0	12
197	169	34	1	31
169	62	30	1	21
62	116	0	0	47
116	191	34	1	38
191	45	28	1	35
45	103	19	1	71
103	22	0	0	71
22	181	0	0	31
181	129	0	0	48
129	7	29	1	79
7	176	16	1	23
176	183	6	1	19
183	125	45	1	31
125	143	44	1	69
143	134	11	1	54
134	126	22	1	25
126	82	0	0	68
82	66	0	0	47
66	37	14	1	77
37	142	45	1	105
142	158	0	0	70
158	89	43	1	65
89	195	15	1	87
195	95	13	1	55
95	60	17	1	83
60	109	44	1	49
109	107	39	1	66
107	87	30	1	96
87	57	8	1	103
57	153	0	0	74
153	73	29	1	46
73	140	21	1	45
140	164	35	1	60
164	1	32	1	56
1	3	44	1	32
3	119	32	1	51
119	147	50	1	40
147	150	0	0	18
150	84	0	0	38
84	71	49	1	11
71	162	0	0	13
162	78	33	1	51
78	8	27	1	55
8	168	0	0	29
168	137	0	0	27
137	105	22	1	51
105	145	0	0	21
145	172	10	1	61
172	135	50	1	39
135	61	0	0	67
61	117	0	0	17
117	26	0	0	35
26	52	37	1	27
52	30	28	1	15
30	47	0	0	92
47	81	0	0	57
81	33	0	0	90
33	56	15	1	88
56	16	0	0	35
16	157	0	0	56
157	43	32	1	47
43	76	22	1	22
76	196	0	0	31
196	184	0	0	45
184	90	48	1	90
90	154	38	1	46
154	136	33	1	30
136	177	6	1	33
177	138	0	0	67
138	93	0	0	81
93	55	0	0	21
55	27	0	0	14
27	146	27	1	22
146	85	25	1	24
85	133	10	1	38
133	48	35	1	78
48	2	32	1	95
2	36	0	0	34
36	131	49	1	33
131	123	18	1	69
123	118	0	0	53
118	42	11	1	82
42	29	7	1	96
29	96	0	0	63
96	174	0	0	75
174	187	0	0	48
187	40	0	0	97
40	152	42	1	78
152	189	21	1	115
189	171	31	1	14
171	110	0	0	91
110	11	0	0	80
11	159	23	1	93
159	41	8	1	81
41	141	12	1	29
141	124	22	1	42
124	88	7	1	62
88	50	40	1	62
50	23	39	1	27
23	28	18	1	68
28	112	0	0	75
112	132	0	0	59
132	114	0	0	39
114	173	39	1	39
173	179	38	1	73
179	9	44	1	72
9	51	16	1	23
51	185	43	1	69
185	80	20	1	62
80	46	27	1	72
46	98	0	0	73
98	24	0	0	41
24	53	40	1	44
53	79	0	0	51
79	83	7	1	91
83	170	10	1	50
170	17	35	1	36
17	151	23	1	27
151	91	0	0	11
91	63	24	1	61
63	20	41	1	67
20	115	48	1	105
115	148	45	1	38
148	65	39	1	47
65	127	0	0	114
127	198	0	0	124
198	180	15	1	53
180	4	0	0	52
4	21	5	1	48
21	12	35	1	37
12	163	46	1	82
163	199	22	1	79
199	75	15	1	73
75	101	0	0	93
101	44	0	0	86
44	94	18	1	93
94	160	25	1	27
160	6	23	1	62
6	102	29	1	47
102	130	21	1	33
130	100	6	1	43
100	14	0	0	54
14	200	17	1	44
200	25	29	1	51
25	111	41	1	55
111	34	45	1	68
34	92	22	1	45
92	70	46	1	13
70	156	31	1	35
156	77	37	1	89
77	122	0	0	89
122	5	23	1	56
5	49	0	0	51
49	104	0	0	71
104	108	14	1	21
108	67	34	1	9
67	166	22	1	37
166	10	45	1	86
10	193	46	1	93
193	186	35	1	44
186	167	0	0	45
167	72	35	1	52
72	190	37	1	6
190	106	30	1	63
106	54	0	0	83
54	58	17	1	20
58	192	41	1	85
192	39	0	0	33
39	139	24	1	50
139	64	48	1	36
64	175	36	1	60
175	165	35	1	28
165	15	0	0	9
15	68	12	1	73
68	178	43	1	12
178	99	0	0	101
99	97	0	0	84
97	121	0	0	92
121	31	50	1	15
31	86	24	1	95
86	120	22	1	39
120	128	0	0	36
128	144	0	0	58
144	188	20	1	74
188	161	26	1	72
161	19	28	1	56
19	13	38	1	54
13	18	10	1	83
18	182	16	1	59
182	69	50	1	65
69	35	45	1	67
35	149	42	1	35
149	59	0	0	52
59	74	0	0	73
74	155	30	1	8
63	167	11	1	13
167	77	6	1	56
77	50	0	0	77
50	39	7	1	71
39	5	28	1	80
5	122	40	1	56
122	62	49	1	63
62	93	0	0	60
93	86	0	0	86
86	128	7	1	9
128	99	0	0	107
99	135	0	0	13
135	78	24	1	84
78	95	29	1	20
95	153	32	1	85
153	72	30	1	30
72	114	0	0	27
114	13	0	0	39
13	40	0	0	66
40	119	20	1	72
119	127	5	1	60
127	54	27	1	91
54	181	5	1	52
181	143	36	1	22
143	15	0	0	34
15	182	29	1	55
182	6	44	1	36
6	96	0	0	41
96	137	29	1	28
137	131	0	0	20
131	147	0	0	15
147	125	0	0	61
125	171	0	0	72
171	84	42	1	57
84	183	9	1	61
183	172	38	1	13
172	98	11	1	56
98	110	26	1	21
110	111	26	1	67
111	103	0	0	71
103	192	16	1	77
192	165	38	1	29
165	81	25	1	31
81	46	5	1	89
46	2	23	1	28
2	149	50	1	38
149	130	11	1	39
130	32	0	0	44
32	186	24	1	57
186	44	47	1	58
44	10	35	1	61
10	161	7	1	23
161	176	45	1	64
176	100	0	0	84
100	53	31	1	53
53	178	0	0	50
178	79	20	1	101
79	60	23	1	62
60	69	12	1	30
69	169	46	1	84
169	80	32	1	79
80	64	6	1	88
64	27	22	1	81
27	56	33	1	56
56	97	31	1	52
97	22	40	1	59
22	152	0	0	81
152	43	0	0	48
43	37	20	1	32
37	141	9	1	87
141	112	32	1	22
112	49	18	1	76
49	57	43	1	52
57	36	38	1	60
36	155	39	1	74
155	70	18	1	51
70	68	0	0	57
68	85	44	1	49
85	116	0	0	17
116	29	0	0	25
29	17	26	1	98
17	154	32	1	80
154	180	44	1	57
180	75	39	1	38
75	74	25	1	46
74	52	50	1	87
52	58	12	1	75
58	73	21	1	64
73	4	28	1	28
4	8	15	1	23
8	113	9	1	35
113	140	8	1	69
140	55	30	1	75
55	26	0	0	33
26	129	0	0	34
129	162	0	0	38
162	148	0	0	32
148	105	22	1	49
105	65	9	1	80
65	126	19	1	52
126	107	49	1	29
107	76	0	0	55
76	194	11	1	31
194	14	31	1	34
14	132	25	1	51
132	28	31	1	106
28	88	20	1	39
88	168	34	1	46
168	3	36	1	23
3	102	41	1	1
102	66	0	0	8
66	87	0	0	43
87	51	47	1	35
51	175	0	0	53
175	160	22	1	66
160	109	23	1	45
109	82	0	0	53
82	1	36	1	28
1	134	0	0	25
134	157	29	1	49
157	48	0	0	54
48	159	16	1	36
159	173	5	1	23
173	189	0	0	98
189	164	10	1	102
164	42	0	0	23
42	35	49	1	30
35	47	39	1	55
47	21	24	1	33
21	16	42	1	67
16	177	0	0	50
177	20	0	0	76
20	156	0	0	88
156	30	0	0	65
30	31	0	0	5
31	34	41	1	98
34	115	35	1	94
115	191	0	0	101
191	166	0	0	29
166	7	20	1	96
7	108	45	1	67
108	138	33	1	41
138	151	17	1	63
151	195	18	1	33
195	179	44	1	31
179	101	16	1	90
101	120	33	1	21
120	18	0	0	82
18	193	43	1	88
193	144	16	1	30
144	118	13	1	52
118	187	0	0	105
187	190	0	0	40
190	59	11	1	62
59	158	42	1	9
158	94	22	1	65
94	71	41	1	23
71	91	21	1	20
91	145	0	0	35
145	24	0	0	70
24	200	0	0	77
200	92	13	1	40
92	124	0	0	58
124	184	31	1	71
184	23	38	1	39
23	67	31	1	17
67	170	16	1	41
170	121	16	1	63
121	25	0	0	86
25	38	36	1	87
38	185	0	0	92
185	61	11	1	73
61	45	15	1	48
45	89	34	1	47
89	139	45	1	27
139	188	29	1	39
188	19	25	1	17
19	11	29	1	21
11	90	13	1	29
90	106	34	1	67
106	41	23	1	89
41	174	35	1	37
174	9	41	1	69
9	150	31	1	45
150	199	29	1	25
199	136	0	0	30
136	196	0	0	32
196	117	0	0	11
117	83	6	1	15
83	146	13	1	59
146	142	0	0	69
142	123	15	1	75
123	33	11	1	47
33	12	15	1	44
12	104	21	1	19
104	133	48	1	11
133	198	32	1	67
198	197	5	1	71
197	163	19	1	99
163	63	34	1	86
140	173	32	1	29
84	7	46	1	78
126	100	14	1	61
167	54	37	1	76
114	101	0	0	32
157	1	12	1	40
106	58	39	1	96
126	162	43	1	34
13	162	16	1	45
83	109	22	1	12
134	101	0	0	55
72	102	38	1	27
65	185	40	1	103
190	96	0	0	77
87	106	37	1	95
10	26	10	1	44
143	55	42	1	37
27	152	14	1	75
158	170	0	0	40
91	137	29	1	32

----------TURNS----------
INDEX-I	INDEX-J INDEX-K	COST TYPE
155	38	194	1	R
155	38	185	1	R
155	38	118	1	R
38	194	32	3	L
38	194	14	3	L
38	194	79	1	R
38	194	75	3	L
194	32	113	1	R
194	32	186	3	L
194	32	22	1	R
32	113	197	3	L
32	113	140	1	R
113	197	169	3	L
113	197	163	3	L
197	169	62	1	R
197	169	80	1	R
197	169	12	3	L
169	62	116	3	L
169	62	93	3	L
169	62	102	3	L
62	116	191	1	R
62	116	29	1	R
116	191	45	1	R
116	191	166	1	R
116	191	84	1	R
116	191	2	3	L
191	45	103	3	L
191	45	89	3	L
191	45	4	3	L
45	103	22	1	R
45	103	192	1	R
45	103	189	1	R
45	103	17	1	R
103	22	181	3	L
103	22	152	3	L
103	22	32	3	L
103	22	79	3	L
22	181	129	1	R
22	181	143	3	L
22	181	138	3	L
181	129	7	3	L
181	129	162	1	R
129	7	176	3	L
129	7	108	3	L
129	7	160	3	L
7	176	183	3	L
7	176	100	3	L
7	176	68	3	L
176	183	125	3	L
176	183	172	3	L
183	125	143	1	R
183	125	171	1	R
183	125	124	1	R
125	143	134	1	R
125	143	15	3	L
125	143	55	3	L
143	134	126	1	R
143	134	157	3	L
143	134	101	3	L
134	126	82	1	R
134	126	107	3	L
134	126	100	1	R
134	126	162	1	R
126	82	66	3	L
126	82	1	1	R
82	66	37	3	L
82	66	87	1	R
82	66	161	3	L
66	37	142	1	R
66	37	141	1	R
66	37	35	1	R
66	37	64	1	R
37	142	158	3	L
37	142	123	3	L
37	142	166	3	L
142	158	89	1	R
142	158	94	3	L
142	158	170	3	L
142	158	67	3	L
158	89	195	1	R
158	89	139	3	L
89	195	95	3	L
89	195	179	1	R
195	95	60	3	L
195	95	153	3	L
195	95	56	1	R
95	60	109	1	R
95	60	69	3	L
95	60	149	1	R
60	109	107	1	R
60	109	82	1	R
60	109	127	3	L
60	109	162	3	L
109	107	87	1	R
109	107	76	3	L
109	107	40	1	R
107	87	57	1	R
107	87	51	1	R
107	87	106	1	R
87	57	153	1	R
87	57	36	1	R
57	153	73	1	R
57	153	72	1	R
57	153	40	3	L
57	153	9	1	R
57	153	178	1	R
153	73	140	3	L
153	73	4	3	L
153	73	178	3	L
73	140	164	3	L
73	140	55	1	R
73	140	173	3	L
140	164	1	3	L
140	164	42	3	L
140	164	70	3	L
164	1	3	0	O
164	1	134	0	O
1	3	119	3	L
1	3	102	3	L
1	3	36	3	L
3	119	147	3	L
3	119	127	3	L
119	147	150	1	R
119	147	125	1	R
147	150	84	1	R
147	150	199	1	R
150	84	71	1	R
150	84	183	1	R
150	84	7	1	R
150	84	104	1	R
150	84	191	3	L
150	84	117	1	R
84	71	162	1	R
84	71	91	3	L
84	71	12	3	L
71	162	78	3	L
71	162	148	3	L
71	162	109	3	L
162	78	8	3	L
162	78	95	1	R
162	78	105	3	L
162	78	10	1	R
78	8	168	3	L
78	8	113	1	R
78	8	47	3	L
8	168	137	1	R
8	168	3	3	L
168	137	105	1	R
168	137	131	3	L
168	137	115	3	L
137	105	145	3	L
137	105	65	1	R
137	105	78	1	R
105	145	172	3	L
105	145	24	3	L
105	145	50	3	L
145	172	135	1	R
145	172	98	3	L
145	172	35	3	L
172	135	61	1	R
172	135	78	1	R
172	135	36	1	R
172	135	27	1	R
135	61	117	3	L
135	61	45	3	L
61	117	26	3	L
61	117	83	1	R
61	117	90	3	L
61	117	25	1	R
61	117	84	3	L
117	26	52	3	L
117	26	129	3	L
26	52	30	3	L
26	52	58	1	R
26	52	123	1	R
52	30	47	3	L
52	30	31	3	L
30	47	81	1	R
30	47	21	3	L
30	47	189	3	L
30	47	8	3	L
47	81	33	1	R
47	81	46	1	R
81	33	56	1	R
81	33	12	1	R
81	33	131	1	R
81	33	34	1	R
81	33	192	3	L
33	56	16	1	R
33	56	97	3	L
33	56	95	3	L
33	56	42	3	L
56	16	157	1	R
56	16	177	1	R
16	157	43	1	R
16	157	48	1	R
16	157	1	1	R
157	43	76	3	L
157	43	37	3	L
43	76	196	3	L
43	76	194	3	L
76	196	184	1	R
76	196	117	1	R
196	184	90	1	R
196	184	23	1	R
184	90	154	3	L
184	90	106	3	L
184	90	117	1	R
184	90	122	3	L
90	154	136	3	L
90	154	180	3	L
154	136	177	3	L
154	136	196	3	L
136	177	138	1	R
136	177	20	1	R
136	177	83	1	R
136	177	104	1	R
177	138	93	1	R
177	138	151	1	R
177	138	181	1	R
138	93	55	1	R
138	93	86	3	L
138	93	161	1	R
93	55	27	3	L
93	55	26	1	R
55	27	146	1	R
55	27	56	3	L
55	27	152	3	L
55	27	135	3	L
27	146	85	1	R
27	146	142	1	R
146	85	133	1	R
146	85	116	3	L
85	133	48	1	R
85	133	198	1	R
85	133	13	1	R
133	48	2	1	R
133	48	159	3	L
48	2	36	1	R
48	2	149	1	R
48	2	54	1	R
48	2	191	1	R
2	36	131	1	R
2	36	155	1	R
2	36	135	1	R
2	36	23	1	R
2	36	3	3	L
36	131	123	1	R
36	131	147	3	L
36	131	33	3	L
36	131	141	3	L
131	123	118	3	L
131	123	33	1	R
131	123	52	3	L
123	118	42	3	L
123	118	187	3	L
123	118	38	3	L
123	118	41	3	L
118	42	29	3	L
118	42	35	3	L
118	42	56	1	R
42	29	96	3	L
42	29	17	3	L
29	96	174	3	L
29	96	137	3	L
29	96	75	3	L
96	174	187	1	R
96	174	9	1	R
174	187	40	1	R
174	187	190	1	R
174	187	111	1	R
187	40	152	3	L
187	40	119	1	R
187	40	153	1	R
187	40	107	1	R
40	152	189	3	L
40	152	43	1	R
152	189	171	1	R
152	189	164	1	R
152	189	103	1	R
152	189	47	3	L
189	171	110	1	R
189	171	84	1	R
189	171	112	3	L
189	171	69	1	R
171	110	11	3	L
171	110	111	3	L
110	11	159	1	R
110	11	90	3	L
11	159	41	3	L
11	159	173	3	L
159	41	141	3	L
159	41	174	3	L
159	41	118	3	L
41	141	124	3	L
41	141	112	3	L
41	141	131	3	L
141	124	88	1	R
141	124	184	1	R
141	124	125	1	R
124	88	50	3	L
124	88	168	3	L
124	88	163	3	L
88	50	23	3	L
88	50	39	1	R
88	50	145	1	R
50	23	28	3	L
50	23	67	1	R
50	23	36	3	L
23	28	112	1	R
23	28	88	1	R
28	112	132	1	R
28	112	49	1	R
28	112	97	1	R
28	112	171	3	L
112	132	114	3	L
112	132	28	1	R
132	114	173	3	L
132	114	13	3	L
132	114	101	3	L
114	173	179	1	R
114	173	189	1	R
114	173	92	1	R
173	179	9	1	R
173	179	101	1	R
173	179	199	1	R
179	9	51	3	L
179	9	150	3	L
179	9	153	3	L
9	51	185	3	L
9	51	175	3	L
9	51	127	3	L
9	51	72	3	L
51	185	80	3	L
51	185	61	3	L
185	80	46	3	L
185	80	64	3	L
80	46	98	1	R
80	46	2	3	L
80	46	115	1	R
46	98	24	1	R
46	98	110	1	R
98	24	53	1	R
98	24	200	1	R
24	53	79	3	L
24	53	178	1	R
53	79	83	3	L
53	79	60	1	R
53	79	194	3	L
53	79	22	1	R
79	83	170	3	L
79	83	146	3	L
79	83	109	1	R
79	83	177	3	L
79	83	161	3	L
83	170	17	3	L
83	170	121	1	R
83	170	139	1	R
170	17	151	3	L
170	17	154	3	L
170	17	103	3	L
17	151	91	1	R
17	151	195	3	L
17	151	122	3	L
151	91	63	3	L
151	91	145	3	L
151	91	137	3	L
91	63	20	1	R
91	63	167	3	L
63	20	115	1	R
63	20	156	1	R
20	115	148	3	L
20	115	191	1	R
20	115	137	1	R
20	115	46	1	R
115	148	65	1	R
115	148	105	3	L
148	65	127	3	L
148	65	126	1	R
148	65	185	3	L
65	127	198	1	R
65	127	54	1	R
65	127	109	1	R
65	127	51	1	R
127	198	180	1	R
127	198	197	3	L
198	180	4	1	R
198	180	75	3	L
180	4	21	1	R
180	4	8	3	L
180	4	45	3	L
4	21	12	3	L
4	21	16	1	R
21	12	163	3	L
21	12	104	1	R
21	12	71	3	L
21	12	169	3	L
12	163	199	1	R
12	163	63	1	R
12	163	88	1	R
163	199	75	3	L
163	199	136	3	L
163	199	179	3	L
199	75	101	3	L
199	75	74	3	L
199	75	96	1	R
199	75	194	3	L
75	101	44	1	R
75	101	120	3	L
75	101	72	3	L
101	44	94	1	R
101	44	10	1	R
44	94	160	3	L
44	94	71	3	L
94	160	6	3	L
94	160	109	3	L
94	160	7	3	L
160	6	102	3	L
160	6	96	3	L
6	102	130	1	R
6	102	66	3	L
6	102	62	3	L
102	130	100	1	R
102	130	32	1	R
130	100	14	1	R
130	100	53	3	L
100	14	200	1	R
100	14	132	1	R
14	200	25	3	L
14	200	92	3	L
200	25	111	1	R
200	25	38	1	R
200	25	149	3	L
200	25	117	1	R
25	111	34	1	R
25	111	103	3	L
25	111	178	1	R
25	111	187	1	R
111	34	92	1	R
111	34	115	1	R
111	34	33	3	L
34	92	70	1	R
34	92	124	1	R
34	92	173	3	L
34	92	155	3	L
92	70	156	3	L
92	70	68	1	R
92	70	164	1	R
70	156	77	3	L
70	156	30	1	R
156	77	122	1	R
156	77	50	1	R
77	122	5	3	L
77	122	62	3	L
77	122	90	1	R
77	122	151	3	L
122	5	49	1	R
122	5	122	10000	U
5	49	104	3	L
5	49	57	1	R
49	104	108	3	L
49	104	133	3	L
49	104	84	3	L
49	104	177	3	L
104	108	67	3	L
104	108	138	1	R
108	67	166	3	L
108	67	170	1	R
108	67	158	1	R
67	166	10	3	L
67	166	7	3	L
67	166	142	1	R
166	10	193	3	L
166	10	161	3	L
166	10	26	3	L
166	10	39	1	R
166	10	78	3	L
10	193	186	3	L
10	193	144	3	L
193	186	167	3	L
193	186	44	3	L
186	167	72	1	R
186	167	77	1	R
186	167	54	1	R
167	72	190	1	R
167	72	114	3	L
167	72	102	1	R
167	72	51	1	R
167	72	101	1	R
72	190	106	1	R
72	190	59	1	R
72	190	96	1	R
190	106	54	3	L
190	106	41	1	R
190	106	58	1	R
106	54	58	3	L
106	54	181	3	L
106	54	2	3	L
106	54	139	3	L
54	58	192	3	L
54	58	73	3	L
58	192	39	1	R
58	192	165	3	L
58	192	33	1	R
192	39	139	1	R
192	39	5	1	R
192	39	10	3	L
39	139	64	1	R
39	139	188	3	L
39	139	54	1	R
39	139	170	1	R
139	64	175	1	R
139	64	27	1	R
139	64	37	1	R
64	175	165	3	L
64	175	160	1	R
175	165	15	1	R
175	165	81	1	R
165	15	68	1	R
165	15	182	1	R
15	68	178	3	L
15	68	85	3	L
15	68	176	1	R
68	178	99	3	L
68	178	79	3	L
68	178	73	3	L
68	178	111	1	R
68	178	153	1	R
178	99	97	3	L
178	99	135	1	R
99	97	121	3	L
99	97	22	3	L
99	97	112	3	L
97	121	31	3	L
97	121	25	1	R
121	31	86	3	L
121	31	34	3	L
31	86	120	1	R
31	86	128	3	L
86	120	128	1	R
86	120	18	1	R
120	128	144	3	L
120	128	99	3	L
128	144	188	1	R
128	144	118	1	R
144	188	161	3	L
144	188	19	3	L
188	161	19	3	L
188	161	176	3	L
188	161	93	3	L
188	161	66	3	L
188	161	83	3	L
161	19	13	1	R
161	19	11	3	L
19	13	18	1	R
19	13	40	1	R
19	13	162	1	R
19	13	133	3	L
13	18	182	1	R
13	18	193	3	L
18	182	69	1	R
18	182	6	1	R
182	69	35	3	L
182	69	169	3	L
182	69	171	1	R
69	35	149	3	L
69	35	47	1	R
69	35	172	1	R
69	35	37	1	R
35	149	59	3	L
35	149	130	3	L
35	149	25	1	R
35	149	60	3	L
149	59	74	3	L
149	59	158	1	R
59	74	155	3	L
59	74	52	3	L
74	155	38	3	L
74	155	70	3	L
74	155	92	3	L
63	167	72	3	L
63	167	77	3	L
63	167	54	3	L
167	77	122	1	R
167	77	50	1	R
77	50	23	3	L
77	50	39	1	R
77	50	145	1	R
50	39	139	1	R
50	39	5	1	R
50	39	10	3	L
39	5	49	1	R
39	5	122	1	R
5	122	5	10000	U
5	122	62	1	R
5	122	90	1	R
5	122	151	1	R
122	62	116	3	L
122	62	93	3	L
122	62	102	1	R
62	93	55	1	R
62	93	86	3	L
62	93	161	1	R
93	86	120	1	R
93	86	128	3	L
86	128	144	3	L
86	128	99	3	L
128	99	97	3	L
128	99	135	1	R
99	135	61	1	R
99	135	78	1	R
99	135	36	1	R
99	135	27	1	R
135	78	8	3	L
135	78	95	1	R
135	78	105	3	L
135	78	10	3	L
78	95	60	1	R
78	95	153	1	R
78	95	56	1	R
95	153	73	3	L
95	153	72	1	R
95	153	40	3	L
95	153	9	1	R
95	153	178	1	R
153	72	190	1	R
153	72	114	3	L
153	72	102	1	R
153	72	51	1	R
153	72	101	1	R
72	114	173	1	R
72	114	13	1	R
72	114	101	1	R
114	13	18	1	R
114	13	40	1	R
114	13	162	1	R
114	13	133	1	R
13	40	152	3	L
13	40	119	1	R
13	40	153	1	R
13	40	107	3	L
40	119	147	1	R
40	119	127	3	L
119	127	198	3	L
119	127	54	3	L
119	127	109	3	L
119	127	51	3	L
127	54	58	3	L
127	54	181	1	R
127	54	2	1	R
127	54	139	1	R
54	181	129	1	R
54	181	143	1	R
54	181	138	1	R
181	143	134	1	R
181	143	15	3	L
181	143	55	3	L
143	15	68	3	L
143	15	182	1	R
15	182	69	3	L
15	182	6	3	L
182	6	102	3	L
182	6	96	1	R
6	96	174	1	R
6	96	137	3	L
6	96	75	3	L
96	137	105	3	L
96	137	131	3	L
96	137	115	1	R
137	131	123	3	L
137	131	147	3	L
137	131	33	3	L
137	131	141	3	L
131	147	150	3	L
131	147	125	3	L
147	125	143	1	R
147	125	171	1	R
147	125	124	3	L
125	171	110	1	R
125	171	84	1	R
125	171	112	1	R
125	171	69	3	L
171	84	71	1	R
171	84	183	1	R
171	84	7	1	R
171	84	104	3	L
171	84	191	3	L
171	84	117	1	R
84	183	125	1	R
84	183	172	3	L
183	172	135	1	R
183	172	98	3	L
183	172	35	3	L
172	98	24	1	R
172	98	110	1	R
98	110	11	1	R
98	110	111	1	R
110	111	34	1	R
110	111	103	1	R
110	111	178	1	R
110	111	187	1	R
111	103	22	3	L
111	103	192	1	R
111	103	189	1	R
111	103	17	1	R
103	192	39	1	R
103	192	165	3	L
103	192	33	1	R
192	165	15	3	L
192	165	81	1	R
165	81	33	1	R
165	81	46	1	R
81	46	98	1	R
81	46	2	3	L
81	46	115	1	R
46	2	36	3	L
46	2	149	3	L
46	2	54	3	L
46	2	191	1	R
2	149	59	1	R
2	149	130	1	R
2	149	25	1	R
2	149	60	1	R
149	130	100	1	R
149	130	32	1	R
130	32	113	1	R
130	32	186	3	L
130	32	22	1	R
32	186	167	3	L
32	186	44	1	R
186	44	94	3	L
186	44	10	1	R
44	10	193	1	R
44	10	161	1	R
44	10	26	1	R
44	10	39	1	R
44	10	78	1	R
10	161	19	3	L
10	161	176	1	R
10	161	93	1	R
10	161	66	1	R
10	161	83	1	R
161	176	183	1	R
161	176	100	3	L
161	176	68	3	L
176	100	14	1	R
176	100	53	3	L
100	53	79	1	R
100	53	178	3	L
53	178	99	1	R
53	178	79	1	R
53	178	73	1	R
53	178	111	3	L
53	178	153	3	L
178	79	83	3	L
178	79	60	1	R
178	79	194	3	L
178	79	22	1	R
79	60	109	1	R
79	60	69	3	L
79	60	149	1	R
60	69	35	3	L
60	69	169	3	L
60	69	171	1	R
69	169	62	3	L
69	169	80	1	R
69	169	12	3	L
169	80	46	1	R
169	80	64	1	R
80	64	175	3	L
80	64	27	3	L
80	64	37	1	R
64	27	146	1	R
64	27	56	3	L
64	27	152	3	L
64	27	135	3	L
27	56	16	3	L
27	56	97	3	L
27	56	95	3	L
27	56	42	3	L
56	97	121	3	L
56	97	22	3	L
56	97	112	3	L
97	22	181	3	L
97	22	152	3	L
97	22	32	3	L
97	22	79	3	L
22	152	189	1	R
22	152	43	1	R
152	43	76	1	R
152	43	37	3	L
43	37	142	1	R
43	37	141	1	R
43	37	35	1	R
43	37	64	1	R
37	141	124	1	R
37	141	112	1	R
37	141	131	1	R
141	112	132	1	R
141	112	49	1	R
141	112	97	1	R
141	112	171	1	R
112	49	104	3	L
112	49	57	1	R
49	57	153	1	R
49	57	36	1	R
57	36	131	1	R
57	36	155	1	R
57	36	135	3	L
57	36	23	1	R
57	36	3	1	R
36	155	38	1	R
36	155	70	3	L
36	155	92	3	L
155	70	156	3	L
155	70	68	1	R
155	70	164	1	R
70	68	178	3	L
70	68	85	3	L
70	68	176	1	R
68	85	133	3	L
68	85	116	1	R
85	116	191	1	R
85	116	29	1	R
116	29	96	3	L
116	29	17	3	L
29	17	151	1	R
29	17	154	1	R
29	17	103	3	L
17	154	136	1	R
17	154	180	3	L
154	180	4	3	L
154	180	75	1	R
180	75	101	1	R
180	75	74	3	L
180	75	96	1	R
180	75	194	1	R
75	74	155	3	L
75	74	52	3	L
74	52	30	3	L
74	52	58	1	R
74	52	123	3	L
52	58	192	1	R
52	58	73	1	R
58	73	140	3	L
58	73	4	3	L
58	73	178	1	R
73	4	21	1	R
73	4	8	3	L
73	4	45	3	L
4	8	168	3	L
4	8	113	1	R
4	8	47	3	L
8	113	197	3	L
8	113	140	1	R
113	140	164	3	L
113	140	55	1	R
113	140	173	1	R
140	55	27	3	L
140	55	26	1	R
55	26	52	3	L
55	26	129	3	L
26	129	7	3	L
26	129	162	3	L
129	162	78	1	R
129	162	148	1	R
129	162	109	1	R
162	148	65	3	L
162	148	105	1	R
148	105	145	3	L
148	105	65	1	R
148	105	78	1	R
105	65	127	1	R
105	65	126	1	R
105	65	185	1	R
65	126	82	1	R
65	126	107	3	L
65	126	100	1	R
65	126	162	1	R
126	107	87	1	R
126	107	76	3	L
126	107	40	1	R
107	76	196	3	L
107	76	194	3	L
76	194	32	3	L
76	194	14	1	R
76	194	79	3	L
76	194	75	3	L
194	14	200	3	L
194	14	132	1	R
14	132	114	3	L
14	132	28	1	R
132	28	112	1	R
132	28	88	1	R
28	88	50	1	R
28	88	168	1	R
28	88	163	1	R
88	168	137	1	R
88	168	3	3	L
168	3	119	3	L
168	3	102	3	L
168	3	36	3	L
3	102	130	3	L
3	102	66	1	R
3	102	62	1	R
102	66	37	3	L
102	66	87	1	R
102	66	161	3	L
66	87	57	3	L
66	87	51	1	R
66	87	106	3	L
87	51	185	1	R
87	51	175	1	R
87	51	127	1	R
87	51	72	1	R
51	175	165	3	L
51	175	160	1	R
175	160	6	1	R
175	160	109	1	R
175	160	7	1	R
160	109	107	1	R
160	109	82	3	L
160	109	127	1	R
160	109	162	1	R
109	82	66	1	R
109	82	1	1	R
82	1	3	0	O
82	1	134	0	O
1	134	126	1	R
1	134	157	1	R
1	134	101	1	R
134	157	43	3	L
134	157	48	1	R
134	157	1	1	R
157	48	2	1	R
157	48	159	3	L
48	159	41	3	L
48	159	173	3	L
159	173	179	3	L
159	173	189	3	L
159	173	92	3	L
173	189	171	1	R
173	189	164	1	R
173	189	103	3	L
173	189	47	3	L
189	164	1	1	R
189	164	42	1	R
189	164	70	1	R
164	42	29	1	R
164	42	35	1	R
164	42	56	1	R
42	35	149	1	R
42	35	47	3	L
42	35	172	3	L
42	35	37	3	L
35	47	81	1	R
35	47	21	3	L
35	47	189	1	R
35	47	8	1	R
47	21	12	3	L
47	21	16	3	L
21	16	157	1	R
21	16	177	1	R
16	177	138	1	R
16	177	20	1	R
16	177	83	1	R
16	177	104	1	R
177	20	115	1	R
177	20	156	1	R
20	156	77	1	R
20	156	30	1	R
156	30	47	1	R
156	30	31	3	L
30	31	86	3	L
30	31	34	3	L
31	34	92	1	R
31	34	115	1	R
31	34	33	3	L
34	115	148	1	R
34	115	191	1	R
34	115	137	1	R
34	115	46	1	R
115	191	45	3	L
115	191	166	1	R
115	191	84	1	R
115	191	2	3	L
191	166	10	1	R
191	166	7	1	R
191	166	142	1	R
166	7	176	3	L
166	7	108	3	L
166	7	160	1	R
7	108	67	1	R
7	108	138	3	L
108	138	93	3	L
108	138	151	3	L
108	138	181	3	L
138	151	91	3	L
138	151	195	1	R
138	151	122	1	R
151	195	95	3	L
151	195	179	1	R
195	179	9	1	R
195	179	101	1	R
195	179	199	1	R
179	101	44	1	R
179	101	120	3	L
179	101	72	3	L
101	120	128	1	R
101	120	18	3	L
120	18	182	1	R
120	18	193	3	L
18	193	186	3	L
18	193	144	3	L
193	144	188	1	R
193	144	118	3	L
144	118	42	1	R
144	118	187	1	R
144	118	38	3	L
144	118	41	1	R
118	187	40	1	R
118	187	190	1	R
118	187	111	3	L
187	190	106	1	R
187	190	59	1	R
187	190	96	1	R
190	59	74	3	L
190	59	158	1	R
59	158	89	1	R
59	158	94	1	R
59	158	170	1	R
59	158	67	1	R
158	94	160	3	L
158	94	71	1	R
94	71	162	1	R
94	71	91	3	L
94	71	12	3	L
71	91	63	1	R
71	91	145	1	R
71	91	137	1	R
91	145	172	3	L
91	145	24	3	L
91	145	50	3	L
145	24	53	1	R
145	24	200	3	L
24	200	25	1	R
24	200	92	1	R
200	92	70	1	R
200	92	124	3	L
200	92	173	3	L
200	92	155	1	R
92	124	88	3	L
92	124	184	1	R
92	124	125	3	L
124	184	90	1	R
124	184	23	1	R
184	23	28	3	L
184	23	67	1	R
184	23	36	3	L
23	67	166	3	L
23	67	170	3	L
23	67	158	3	L
67	170	17	3	L
67	170	121	1	R
67	170	139	1	R
170	121	31	3	L
170	121	25	1	R
121	25	111	1	R
121	25	38	1	R
121	25	149	3	L
121	25	117	1	R
25	38	194	1	R
25	38	185	1	R
25	38	118	1	R
38	185	80	3	L
38	185	61	1	R
185	61	117	3	L
185	61	45	1	R
61	45	103	1	R
61	45	89	1	R
61	45	4	1	R
45	89	195	1	R
45	89	139	3	L
89	139	64	3	L
89	139	188	1	R
89	139	54	3	L
89	139	170	3	L
139	188	161	1	R
139	188	19	1	R
188	19	13	3	L
188	19	11	1	R
19	11	159	3	L
19	11	90	3	L
11	90	154	3	L
11	90	106	3	L
11	90	117	3	L
11	90	122	3	L
90	106	54	3	L
90	106	41	3	L
90	106	58	3	L
106	41	141	3	L
106	41	174	3	L
106	41	118	3	L
41	174	187	1	R
41	174	9	3	L
174	9	51	3	L
174	9	150	1	R
174	9	153	1	R
9	150	84	1	R
9	150	199	1	R
150	199	75	3	L
150	199	136	3	L
150	199	179	3	L
199	136	177	1	R
199	136	196	3	L
136	196	184	1	R
136	196	117	3	L
196	117	26	3	L
196	117	83	3	L
196	117	90	3	L
196	117	25	1	R
196	117	84	3	L
117	83	170	3	L
117	83	146	3	L
117	83	109	3	L
117	83	177	3	L
117	83	161	3	L
83	146	85	1	R
83	146	142	1	R
146	142	158	3	L
146	142	123	3	L
146	142	166	3	L
142	123	118	3	L
142	123	33	1	R
142	123	52	3	L
123	33	56	1	R
123	33	12	1	R
123	33	131	1	R
123	33	34	1	R
123	33	192	1	R
33	12	163	1	R
33	12	104	3	L
33	12	71	1	R
33	12	169	1	R
12	104	108	3	L
12	104	133	3	L
12	104	84	3	L
12	104	177	3	L
104	133	48	3	L
104	133	198	3	L
104	133	13	3	L
133	198	180	1	R
133	198	197	3	L
198	197	169	3	L
198	197	163	3	L
197	163	199	1	R
197	163	63	1	R
197	163	88	1	R
163	63	20	1	R
163	63	167	1	R
140	173	179	3	L
140	173	189	3	L
140	173	92	3	L
84	7	176	3	L
84	7	108	3	L
84	7	160	3	L
126	100	14	1	R
126	100	53	1	R
167	54	58	3	L
167	54	181	1	R
167	54	2	3	L
167	54	139	3	L
114	101	44	1	R
114	101	120	1	R
114	101	72	1	R
157	1	3	0	O
157	1	134	0	O
106	58	192	3	L
106	58	73	1	R
126	162	78	1	R
126	162	148	1	R
126	162	109	1	R
13	162	78	1	R
13	162	148	3	L
13	162	109	1	R
83	109	107	1	R
83	109	82	3	L
83	109	127	1	R
83	109	162	1	R
134	101	44	3	L
134	101	120	3	L
134	101	72	3	L
72	102	130	1	R
72	102	66	3	L
72	102	62	3	L
65	185	80	3	L
65	185	61	1	R
190	96	174	1	R
190	96	137	3	L
190	96	75	3	L
87	106	54	3	L
87	106	41	1	R
87	106	58	3	L
10	26	52	3	L
10	26	129	3	L
143	55	27	3	L
143	55	26	1	R
27	152	189	3	L
27	152	43	3	L
158	170	17	3	L
158	170	121	1	R
158	170	139	3	L
91	137	105	1	R
91	137	131	3	L
91	137	115	3	L
109	127	198	3	L
109	127	54	1	R
109	127	109	10000	U
109	127	51	1	R
127	109	107	1	R
127	109	82	1	R
127	109	127	10000	U
127	109	162	1	R
103	189	171	1	R
103	189	164	1	R
103	189	103	10000	U
103	189	47	3	L
189	103	22	3	L
189	103	192	1	R
189	103	189	10000	U
189	103	17	1	R
92	173	179	1	R
92	173	189	3	L
92	173	92	10000	U
173	92	70	1	R
173	92	124	1	R
173	92	173	10000	U
173	92	155	3	L
4	45	103	3	L
4	45	89	1	R
4	45	4	10000	U
45	4	21	1	R
45	4	8	3	L
45	4	45	10000	U
161	93	55	1	R
161	93	86	3	L
161	93	161	10000	U
93	161	19	1	R
93	161	176	1	R
93	161	93	10000	U
93	161	66	1	R
93	161	83	1	R
118	38	194	3	L
118	38	185	3	L
118	38	118	10000	U
38	118	42	1	R
38	118	187	1	R
38	118	38	10000	U
38	118	41	1	R
194	79	83	1	R
194	79	60	1	R
194	79	194	10000	U
194	79	22	1	R
79	194	32	3	L
79	194	14	3	L
79	194	79	10000	U
79	194	75	3	L
2	54	58	3	L
2	54	181	1	R
2	54	2	10000	U
2	54	139	1	R
54	2	36	3	L
54	2	149	1	R
54	2	54	10000	U
54	2	191	1	R
33	131	123	1	R
33	131	147	3	L
33	131	33	10000	U
33	131	141	1	R
131	33	56	1	R
131	33	12	1	R
131	33	131	10000	U
131	33	34	1	R
131	33	192	3	L
104	84	71	3	L
104	84	183	3	L
104	84	7	3	L
104	84	104	10000	U
104	84	191	1	R
104	84	117	3	L
84	104	108	1	R
84	104	133	3	L
84	104	84	10000	U
84	104	177	1	R
34	33	56	3	L
34	33	12	3	L
34	33	131	3	L
34	33	34	10000	U
34	33	192	3	L
33	34	92	1	R
33	34	115	1	R
33	34	33	10000	U
135	36	131	1	R
135	36	155	1	R
135	36	135	10000	U
135	36	23	1	R
135	36	3	1	R
36	135	61	3	L
36	135	78	3	L
36	135	36	10000	U
36	135	27	1	R
73	178	99	3	L
73	178	79	3	L
73	178	73	10000	U
73	178	111	3	L
73	178	153	3	L
178	73	140	3	L
178	73	4	3	L
178	73	178	10000	U
153	40	152	3	L
153	40	119	3	L
153	40	153	10000	U
153	40	107	1	R
40	153	73	1	R
40	153	72	1	R
40	153	40	10000	U
40	153	9	1	R
40	153	178	1	R
10	39	139	1	R
10	39	5	1	R
10	39	10	10000	U
39	10	193	3	L
39	10	161	3	L
39	10	26	3	L
39	10	39	10000	U
39	10	78	3	L
105	78	8	3	L
105	78	95	1	R
105	78	105	10000	U
105	78	10	1	R
78	105	145	3	L
78	105	65	3	L
78	105	78	10000	U
118	41	141	3	L
118	41	174	3	L
118	41	118	10000	U
41	118	42	3	L
41	118	187	1	R
41	118	38	3	L
41	118	41	10000	U
32	22	181	1	R
32	22	152	1	R
32	22	32	10000	U
32	22	79	1	R
22	32	113	1	R
22	32	186	3	L
22	32	22	10000	U
23	36	131	3	L
23	36	155	3	L
23	36	135	3	L
23	36	23	10000	U
23	36	3	1	R
36	23	28	1	R
36	23	67	3	L
36	23	36	10000	U
9	153	73	3	L
9	153	72	1	R
9	153	40	3	L
9	153	9	10000	U
9	153	178	1	R
153	9	51	3	L
153	9	150	1	R
153	9	153	10000	U
47	189	171	1	R
47	189	164	1	R
47	189	103	1	R
47	189	47	10000	U
189	47	81	1	R
189	47	21	3	L
189	47	189	10000	U
189	47	8	3	L
138	181	129	1	R
138	181	143	1	R
138	181	138	10000	U
181	138	93	3	L
181	138	151	1	R
181	138	181	10000	U
84	191	45	3	L
84	191	166	1	R
84	191	84	10000	U
84	191	2	3	L
191	84	71	1	R
191	84	183	1	R
191	84	7	1	R
191	84	104	3	L
191	84	191	10000	U
191	84	117	1	R
115	137	105	3	L
115	137	131	1	R
115	137	115	10000	U
137	115	148	3	L
137	115	191	1	R
137	115	137	10000	U
137	115	46	1	R
78	10	193	3	L
78	10	161	1	R
78	10	26	1	R
78	10	39	1	R
78	10	78	10000	U
10	78	8	3	L
10	78	95	1	R
10	78	105	3	L
10	78	10	10000	U
127	51	185	3	L
127	51	175	1	R
127	51	127	10000	U
127	51	72	3	L
51	127	198	3	L
51	127	54	1	R
51	127	109	3	L
51	127	51	10000	U
12	71	162	3	L
12	71	91	3	L
12	71	12	10000	U
71	12	163	1	R
71	12	104	3	L
71	12	71	10000	U
71	12	169	1	R
83	177	138	1	R
83	177	20	1	R
83	177	83	10000	U
83	177	104	1	R
177	83	170	1	R
177	83	146	1	R
177	83	109	1	R
177	83	177	10000	U
177	83	161	1	R
111	178	99	1	R
111	178	79	1	R
111	178	73	1	R
111	178	111	10000	U
111	178	153	3	L
178	111	34	3	L
178	111	103	3	L
178	111	178	10000	U
178	111	187	1	R
47	8	168	3	L
47	8	113	1	R
47	8	47	10000	U
8	47	81	1	R
8	47	21	3	L
8	47	189	1	R
8	47	8	10000	U
46	115	148	3	L
46	115	191	3	L
46	115	137	3	L
46	115	46	10000	U
115	46	98	1	R
115	46	2	3	L
115	46	115	10000	U
51	72	190	3	L
51	72	114	1	R
51	72	102	3	L
51	72	51	10000	U
51	72	101	3	L
72	51	185	1	R
72	51	175	1	R
72	51	127	1	R
72	51	72	10000	U
123	52	30	1	R
123	52	58	3	L
123	52	123	10000	U
52	123	118	3	L
52	123	33	1	R
52	123	52	10000	U
163	88	50	1	R
163	88	168	1	R
163	88	163	10000	U
88	163	199	3	L
88	163	63	1	R
88	163	88	10000	U
101	72	190	3	L
101	72	114	1	R
101	72	102	3	L
101	72	51	1	R
101	72	101	10000	U
72	101	44	1	R
72	101	120	1	R
72	101	72	10000	U
172	35	149	3	L
172	35	47	1	R
172	35	172	10000	U
172	35	37	3	L
35	172	135	1	R
35	172	98	3	L
35	172	35	10000	U
135	27	146	1	R
135	27	56	1	R
135	27	152	1	R
135	27	135	10000	U
27	135	61	3	L
27	135	78	3	L
27	135	36	3	L
27	135	27	10000	U
40	107	87	1	R
40	107	76	3	L
40	107	40	10000	U
107	40	152	1	R
107	40	119	3	L
107	40	153	3	L
107	40	107	10000	U
37	35	149	3	L
37	35	47	1	R
37	35	172	1	R
37	35	37	10000	U
35	37	142	1	R
35	37	141	1	R
35	37	35	10000	U
35	37	64	3	L
169	12	163	3	L
169	12	104	3	L
169	12	71	3	L
169	12	169	10000	U
12	169	62	1	R
12	169	80	1	R
12	169	12	10000	U
117	90	154	3	L
117	90	106	3	L
117	90	117	10000	U
117	90	122	3	L
90	117	26	1	R
90	117	83	3	L
90	117	90	10000	U
90	117	25	3	L
90	117	84	3	L
22	79	83	3	L
22	79	60	1	R
22	79	194	3	L
22	79	22	10000	U
79	22	181	1	R
79	22	152	1	R
79	22	32	3	L
79	22	79	10000	U
155	92	70	3	L
155	92	124	1	R
155	92	173	1	R
155	92	155	10000	U
92	155	38	1	R
92	155	70	1	R
92	155	92	10000	U
97	112	132	1	R
97	112	49	3	L
97	112	97	10000	U
97	112	171	3	L
112	97	121	1	R
112	97	22	1	R
112	97	112	10000	U
36	3	119	3	L
36	3	102	3	L
36	3	36	10000	U
3	36	131	3	L
3	36	155	3	L
3	36	135	3	L
3	36	23	3	L
3	36	3	10000	U
54	139	64	3	L
54	139	188	1	R
54	139	54	10000	U
54	139	170	3	L
139	54	58	3	L
139	54	181	1	R
139	54	2	3	L
139	54	139	10000	U
122	90	154	3	L
122	90	106	3	L
122	90	117	1	R
122	90	122	10000	U
90	122	5	3	L
90	122	62	3	L
90	122	90	10000	U
90	122	151	3	L
104	177	138	1	R
104	177	20	1	R
104	177	83	3	L
104	177	104	10000	U
177	104	108	1	R
177	104	133	3	L
177	104	84	3	L
177	104	177	10000	U
122	151	91	1	R
122	151	195	3	L
122	151	122	10000	U
151	122	5	3	L
151	122	62	3	L
151	122	90	1	R
151	122	151	10000	U
7	160	6	3	L
7	160	109	1	R
7	160	7	10000	U
160	7	176	3	L
160	7	108	3	L
160	7	160	10000	U
178	153	73	3	L
178	153	72	3	L
178	153	40	3	L
178	153	9	3	L
178	153	178	10000	U
153	178	99	1	R
153	178	79	1	R
153	178	73	1	R
153	178	111	1	R
153	178	153	10000	U
95	56	16	1	R
95	56	97	1	R
95	56	95	10000	U
95	56	42	1	R
56	95	60	3	L
56	95	153	3	L
56	95	56	10000	U
103	17	151	1	R
103	17	154	1	R
103	17	103	10000	U
17	103	22	3	L
17	103	192	3	L
17	103	189	3	L
17	103	17	10000	U
191	2	36	3	L
191	2	149	3	L
191	2	54	3	L
191	2	191	10000	U
2	191	45	1	R
2	191	166	1	R
2	191	84	1	R
2	191	2	10000	U
170	139	64	1	R
170	139	188	1	R
170	139	54	1	R
170	139	170	10000	U
139	170	17	3	L
139	170	121	1	R
139	170	139	10000	U
111	187	40	1	R
111	187	190	1	R
111	187	111	10000	U
187	111	34	3	L
187	111	103	3	L
187	111	178	3	L
187	111	187	10000	U
25	149	59	3	L
25	149	130	3	L
25	149	25	10000	U
25	149	60	3	L
149	25	111	1	R
149	25	38	1	R
149	25	149	10000	U
149	25	117	1	R
42	56	16	1	R
42	56	97	1	R
42	56	95	3	L
42	56	42	10000	U
56	42	29	3	L
56	42	35	3	L
56	42	56	10000	U
199	179	9	3	L
199	179	101	3	L
199	179	199	10000	U
179	199	75	1	R
179	199	136	1	R
179	199	179	10000	U
149	60	109	3	L
149	60	69	1	R
149	60	149	10000	U
60	149	59	3	L
60	149	130	1	R
60	149	25	1	R
60	149	60	10000	U
96	75	101	3	L
96	75	74	3	L
96	75	96	10000	U
96	75	194	3	L
75	96	174	1	R
75	96	137	1	R
75	96	75	10000	U
125	124	88	3	L
125	124	184	1	R
125	124	125	10000	U
124	125	143	1	R
124	125	171	1	R
124	125	124	10000	U
67	158	89	1	R
67	158	94	1	R
67	158	170	3	L
67	158	67	10000	U
158	67	166	3	L
158	67	170	1	R
158	67	158	10000	U
66	161	19	1	R
66	161	176	3	L
66	161	93	3	L
66	161	66	10000	U
66	161	83	1	R
161	66	37	1	R
161	66	87	3	L
161	66	161	10000	U
102	62	116	3	L
102	62	93	3	L
102	62	102	10000	U
62	102	130	1	R
62	102	66	3	L
62	102	62	10000	U
70	164	1	1	R
70	164	42	1	R
70	164	70	10000	U
164	70	156	3	L
164	70	68	1	R
164	70	164	10000	U
75	194	32	3	L
75	194	14	3	L
75	194	79	1	R
75	194	75	10000	U
194	75	101	3	L
194	75	74	3	L
194	75	96	1	R
194	75	194	10000	U
33	192	39	1	R
33	192	165	3	L
33	192	33	10000	U
192	33	56	1	R
192	33	12	1	R
192	33	131	1	R
192	33	34	1	R
192	33	192	10000	U
142	166	10	3	L
142	166	7	3	L
142	166	142	10000	U
166	142	158	1	R
166	142	123	1	R
166	142	166	10000	U
50	145	172	3	L
50	145	24	1	R
50	145	50	10000	U
145	50	23	3	L
145	50	39	1	R
145	50	145	10000	U
171	112	132	1	R
171	112	49	1	R
171	112	97	1	R
171	112	171	10000	U
112	171	110	3	L
112	171	84	3	L
112	171	112	10000	U
112	171	69	3	L
25	117	26	1	R
25	117	83	1	R
25	117	90	1	R
25	117	25	10000	U
25	117	84	1	R
117	25	111	3	L
117	25	38	1	R
117	25	149	3	L
117	25	117	10000	U
109	162	78	3	L
109	162	148	3	L
109	162	109	10000	U
162	109	107	1	R
162	109	82	1	R
162	109	127	3	L
162	109	162	10000	U
83	161	19	1	R
83	161	176	3	L
83	161	93	3	L
83	161	66	3	L
83	161	83	10000	U
161	83	170	1	R
161	83	146	1	R
161	83	109	1	R
161	83	177	3	L
161	83	161	10000	U
141	131	123	1	R
141	131	147	3	L
141	131	33	3	L
141	131	141	10000	U
131	141	124	1	R
131	141	112	1	R
131	141	131	10000	U
171	69	35	3	L
171	69	169	3	L
171	69	171	10000	U
69	171	110	1	R
69	171	84	1	R
69	171	112	1	R
69	171	69	10000	U
64	37	142	1	R
64	37	141	1	R
64	37	35	1	R
64	37	64	10000	U
37	64	175	3	L
37	64	27	3	L
37	64	37	10000	U
68	176	183	1	R
68	176	100	1	R
68	176	68	10000	U
176	68	178	3	L
176	68	85	3	L
176	68	176	10000	U
133	13	18	1	R
133	13	40	1	R
133	13	162	1	R
133	13	133	10000	U
13	133	48	3	L
13	133	198	1	R
13	133	13	10000	U
84	117	26	1	R
84	117	83	3	L
84	117	90	1	R
84	117	25	3	L
84	117	84	10000	U
117	84	71	3	L
117	84	183	3	L
117	84	7	3	L
117	84	104	1	R
117	84	191	3	L
117	84	117	10000	U
