Name:			p21
#Vehicles:		25
Capacity:		580
Depot:			1
#Nodes:			200
#Edges:			80
#Arcs:			420
#Required-N:	0
#Required-E:	80
#Required-A:	420
#Nb-Turns:		1846

----------NODES----------
INDEX	QTY	IS-REQUIRED	X	Y
1	0	0	102.33	49.19
2	0	0	79.98	152.15
3	0	0	113.45	80.1
4	0	0	100.43	130.82
5	0	0	121.28	181.98
6	0	0	123.82	75.75
7	0	0	180.71	139.45
8	0	0	125.5	130.24
9	0	0	71.51	38.97
10	0	0	172.44	61.75
11	0	0	110.85	21.21
12	0	0	92.76	171.28
13	0	0	94.13	47.68
14	0	0	124.6	143.25
15	0	0	127.70	109.51
16	0	0	33.13	150.66
17	0	0	174.67	121.12
18	0	0	144.83	6.68
19	0	0	127.52	19.77
20	0	0	22.58	153.12
21	0	0	62.96	136.67
22	0	0	79.74	114.46
23	0	0	132.47	165.38
24	0	0	172.87	148.76
25	0	0	70.17	144.44
26	0	0	123.16	98.0
27	0	0	102.31	149.73
28	0	0	132.49	209.37
29	0	0	151.95	122.89
30	0	0	95.11	115.89
31	0	0	91.57	116.13
32	0	0	170.93	113.1
33	0	0	146.93	152.66
34	0	0	67.94	154.52
35	0	0	68.53	105.0
36	0	0	82.97	111.82
37	0	0	106.36	120.56
38	0	0	40.9	137.14
39	0	0	119.98	88.67
40	0	0	91.41	100.72
41	0	0	50.56	141.80
42	0	0	58.59	69.64
43	0	0	135.1	127.85
44	0	0	172.18	84.63
45	0	0	147.86	92.62
46	0	0	104.7	165.91
47	0	0	58.93	102.17
48	0	0	21.65	107.71
49	0	0	67.83	209.63
50	0	0	133.91	132.11
51	0	0	59.4	28.81
52	0	0	96.32	103.9
53	0	0	172.16	178.73
54	0	0	30.32	68.75
55	0	0	100.69	137.99
56	0	0	51.24	180.54
57	0	0	46.56	151.82
58	0	0	31.32	82.92
59	0	0	111.57	133.93
60	0	0	202.17	91.28
61	0	0	120.44	115.45
62	0	0	140.94	190.37
63	0	0	77.23	134.11
64	0	0	150.81	76.12
65	0	0	115.71	0.55
66	0	0	110.81	72.31
67	0	0	125.24	180.40
68	0	0	153.91	199.93
69	0	0	176.93	106.42
70	0	0	89.6	202.64
71	0	0	142.79	82.2
72	0	0	81.98	70.1
73	0	0	113.40	106.73
74	0	0	31.20	164.99
75	0	0	0.55	131.74
76	0	0	148.58	108.75
77	0	0	36.69	121.95
78	0	0	192.61	96.33
79	0	0	212.44	146.91
80	0	0	58.24	157.53
81	0	0	128.43	85.87
82	0	0	122.27	32.41
83	0	0	145.40	100.0
84	0	0	133.87	79.26
85	0	0	133.51	144.61
86	0	0	31.82	41.18
87	0	0	82.54	26.45
88	0	0	143.84	164.60
89	0	0	152.63	58.70
90	0	0	82.63	30.73
91	0	0	156.50	92.92
92	0	0	78.59	202.26
93	0	0	83.94	142.78
94	0	0	159.89	66.96
95	0	0	206.53	84.16
96	0	0	126.33	53.12
97	0	0	43.90	180.81
98	0	0	196.12	129.49
99	0	0	130.41	176.30
100	0	0	168.41	127.36
101	0	0	65.29	51.11
102	0	0	112.70	79.92
103	0	0	94.11	30.39
104	0	0	99.99	186.10
105	0	0	180.94	49.19
106	0	0	17.70	44.54
107	0	0	167.40	38.26
108	0	0	121.66	187.1
109	0	0	152.26	89.57
110	0	0	195.11	109.20
111	0	0	119.42	82.80
112	0	0	57.26	194.52
113	0	0	112.58	172.1
114	0	0	67.7	84.78
115	0	0	87.89	51.77
116	0	0	148.54	147.41
117	0	0	130.29	104.23
118	0	0	144.3	18.11
119	0	0	61.77	59.18
120	0	0	58.87	34.62
121	0	0	96.28	126.44
122	0	0	83.19	183.62
123	0	0	172.76	92.92
124	0	0	106.52	203.76
125	0	0	163.84	107.63
126	0	0	144.49	43.34
127	0	0	9.55	33.32
128	0	0	37.9	37.3
129	0	0	157.93	77.34
130	0	0	129.25	125.82
131	0	0	110.31	77.42
132	0	0	62.32	130.36
133	0	0	94.21	178.86
134	0	0	119.65	49.68
135	0	0	141.94	173.84
136	0	0	77.14	101.19
137	0	0	131.9	71.72
138	0	0	118.2	162.82
139	0	0	139.64	52.40
140	0	0	62.26	97.27
141	0	0	65.9	176.82
142	0	0	192.3	166.67
143	0	0	101.96	98.61
144	0	0	91.66	4.0
145	0	0	185.93	69.12
146	0	0	122.52	157.98
147	0	0	99.15	69.74
148	0	0	131.13	36.20
149	0	0	85.51	131.67
150	0	0	84.10	73.62
151	0	0	163.93	99.37
152	0	0	155.10	169.11
153	0	0	95.52	65.77
154	0	0	66.39	77.63
155	0	0	34.39	170.47
156	0	0	108.34	189.29
157	0	0	81.24	91.20
158	0	0	119.71	132.90
159	0	0	20.3	75.66
160	0	0	168.55	46.96
161	0	0	184.62	44.98
162	0	0	142.53	68.56
163	0	0	13.43	172.11
164	0	0	53.13	48.63
165	0	0	121.17	105.25
166	0	0	162.37	161.76
167	0	0	72.37	123.16
168	0	0	131.86	96.77
169	0	0	134.65	202.52
170	0	0	155.66	150.79
171	0	0	189.25	73.25
172	0	0	150.70	131.4
173	0	0	42.11	76.10
174	0	0	46.98	105.58
175	0	0	101.59	82.43
176	0	0	162.94	124.50
177	0	0	49.70	121.38
178	0	0	160.20	208.49
179	0	0	131.15	83.18
180	0	0	31.83	132.16
181	0	0	94.50	79.75
182	0	0	153.10	51.19
183	0	0	141.19	122.99
184	0	0	110.72	146.7
185	0	0	33.33	92.91
186	0	0	112.36	96.18
187	0	0	37.16	56.70
188	0	0	137.39	9.76
189	0	0	175.68	72.87
190	0	0	77.53	68.32
191	0	0	162.83	133.51
192	0	0	95.7	93.47
193	0	0	102.51	32.80
194	0	0	134.35	103.48
195	0	0	166.19	72.97
196	0	0	120.0	102.59
197	0	0	111.36	183.24
198	0	0	31.14	184.95
199	0	0	57.6	84.81
200	0	0	84.84	163.7

----------EDGES----------
INDEX-I	INDEX-J	QTY	IS-REQUIRED	TR-COST
35	41	35	1	34
136	167	7	1	28
33	98	17	1	58
59	183	28	1	51
124	53	16	1	64
166	40	9	1	83
60	64	40	1	63
55	122	14	1	40
168	139	38	1	35
84	196	44	1	28
123	170	10	1	69
9	29	35	1	94
115	47	41	1	51
194	99	26	1	69
37	120	5	1	77
19	181	31	1	50
170	62	38	1	47
65	153	9	1	82
16	25	40	1	62
24	174	20	1	91
67	100	5	1	64
71	194	13	1	19
175	52	9	1	22
194	125	36	1	64
59	20	21	1	75
31	134	23	1	74
73	183	35	1	23
76	139	22	1	65
96	45	41	1	52
129	189	13	1	18
133	141	11	1	29
191	85	19	1	33
25	41	15	1	36
71	79	18	1	80
85	138	42	1	38
99	156	26	1	25
32	134	16	1	73
44	124	31	1	108
192	40	29	1	11
106	173	50	1	50
115	127	25	1	88
18	118	34	1	13
36	52	28	1	22
93	119	9	1	74
140	100	50	1	104
15	183	22	1	24
21	114	36	1	47
3	89	37	1	43
174	77	26	1	22
20	74	25	1	96
43	183	46	1	9
5	67	20	1	5
45	189	27	1	40
27	22	50	1	40
34	25	6	1	13
71	6	43	1	29
111	6	16	1	9
70	5	30	1	33
143	59	8	1	43
73	186	6	1	11
53	99	38	1	51
74	114	15	1	80
130	85	21	1	16
59	99	48	1	57
102	45	22	1	51
91	30	6	1	62
121	81	18	1	71
88	76	33	1	74
71	121	33	1	60
50	43	42	1	5
26	114	26	1	53
81	179	47	1	5
200	63	20	1	27
45	131	49	1	36
137	182	5	1	60
130	83	13	1	36
122	46	20	1	83
88	113	30	1	57
53	14	39	1	51
171	60	35	1	25

-----------ARCS----------
INDEX-I	INDEX-J	QTY	IS-REQUIRED	TR-COST
155	38	16	1	46
38	194	5	1	68
194	32	34	1	65
32	113	30	1	82
113	197	34	1	12
197	169	28	1	31
169	62	19	1	21
62	116	29	1	47
116	191	16	1	38
191	45	6	1	35
45	103	45	1	71
103	22	44	1	71
22	181	11	1	31
181	129	22	1	48
129	7	14	1	79
7	176	45	1	23
176	183	43	1	19
183	125	15	1	31
125	143	13	1	69
143	134	17	1	54
134	126	44	1	25
126	82	39	1	68
82	66	30	1	47
66	37	8	1	77
37	142	29	1	105
142	158	21	1	70
158	89	35	1	65
89	195	32	1	87
195	95	44	1	55
95	60	32	1	83
60	109	50	1	49
109	107	49	1	66
107	87	33	1	96
87	57	27	1	103
57	153	22	1	74
153	73	10	1	46
73	140	50	1	45
140	164	37	1	60
164	1	28	1	56
1	3	15	1	32
3	119	32	1	51
119	147	22	1	40
147	150	48	1	18
150	84	38	1	38
84	71	33	1	11
71	162	6	1	13
162	78	27	1	51
78	8	25	1	55
8	168	10	1	29
168	137	35	1	27
137	105	32	1	51
105	145	49	1	21
145	172	18	1	61
172	135	11	1	39
135	61	7	1	67
61	117	42	1	17
117	26	21	1	35
26	52	31	1	27
52	30	23	1	15
30	47	8	1	92
47	81	12	1	57
81	33	22	1	90
33	56	7	1	88
56	16	40	1	35
16	157	39	1	56
157	43	18	1	47
43	76	39	1	22
76	196	38	1	31
196	184	44	1	45
184	90	16	1	90
90	154	43	1	46
154	136	20	1	30
136	177	27	1	33
177	138	40	1	67
138	93	7	1	81
93	55	10	1	21
55	27	35	1	14
27	146	23	1	22
146	85	24	1	24
85	133	41	1	38
133	48	48	1	78
48	2	45	1	95
2	36	39	1	34
36	131	15	1	33
131	123	5	1	69
123	118	35	1	53
118	42	46	1	82
42	29	22	1	96
29	96	15	1	63
96	174	18	1	75
174	187	25	1	48
187	40	23	1	97
40	152	29	1	78
152	189	21	1	115
189	171	6	1	14
171	110	17	1	91
110	11	29	1	80
11	159	41	1	93
159	41	45	1	81
41	141	22	1	29
141	124	46	1	42
124	88	31	1	62
88	50	37	1	62
50	23	23	1	27
23	28	14	1	68
28	112	34	1	75
112	132	22	1	59
132	114	45	1	39
114	173	46	1	39
173	179	35	1	73
179	9	35	1	72
9	51	37	1	23
51	185	30	1	69
185	80	17	1	62
80	46	41	1	72
46	98	24	1	73
98	24	48	1	41
24	53	36	1	44
53	79	35	1	51
79	83	12	1	91
83	170	43	1	50
170	17	50	1	36
17	151	24	1	27
151	91	22	1	11
91	63	20	1	61
63	20	26	1	67
20	115	28	1	105
115	148	38	1	38
148	65	10	1	47
65	127	16	1	114
127	198	50	1	124
198	180	45	1	53
180	4	42	1	52
4	21	30	1	48
21	12	11	1	37
12	163	6	1	82
163	199	7	1	79
199	75	28	1	73
75	101	40	1	93
101	44	49	1	86
44	94	7	1	93
94	160	24	1	27
160	6	29	1	62
6	102	32	1	47
102	130	30	1	33
130	100	20	1	43
100	14	5	1	54
14	200	27	1	44
200	25	5	1	51
25	111	36	1	55
111	34	29	1	68
34	92	44	1	45
92	70	29	1	13
70	156	42	1	35
156	77	9	1	89
77	122	38	1	89
122	5	11	1	56
5	49	26	1	51
49	104	26	1	71
104	108	16	1	21
108	67	38	1	9
67	166	25	1	37
166	10	5	1	86
10	193	23	1	93
193	186	50	1	44
186	167	11	1	45
167	72	24	1	52
72	190	47	1	6
190	106	35	1	63
106	54	7	1	83
54	58	45	1	20
58	192	31	1	85
192	39	20	1	33
39	139	23	1	50
139	64	12	1	36
64	175	46	1	60
175	165	32	1	28
165	15	6	1	9
15	68	22	1	73
68	178	33	1	12
178	99	31	1	101
99	97	40	1	84
97	121	20	1	92
121	31	9	1	15
31	86	32	1	95
86	120	18	1	39
120	128	43	1	36
128	144	38	1	58
144	188	39	1	74
188	161	18	1	72
161	19	44	1	56
19	13	26	1	54
13	18	32	1	83
18	182	44	1	59
182	69	39	1	65
69	35	25	1	67
35	149	50	1	35
149	59	12	1	52
59	74	21	1	73
74	155	28	1	8
63	167	15	1	13
167	77	9	1	56
77	50	8	1	77
50	39	30	1	71
39	5	22	1	80
5	122	9	1	56
122	62	19	1	63
62	93	49	1	60
93	86	11	1	86
86	128	31	1	9
128	99	25	1	107
99	135	31	1	13
135	78	20	1	84
78	95	34	1	20
95	153	36	1	85
153	72	41	1	30
72	114	47	1	27
114	13	22	1	39
13	40	23	1	66
40	119	36	1	72
119	127	29	1	60
127	54	16	1	91
54	181	5	1	52
181	143	10	1	22
143	15	49	1	34
15	182	39	1	55
182	6	24	1	36
6	96	42	1	41
96	137	41	1	28
137	131	35	1	20
131	147	20	1	15
147	125	45	1	61
125	171	33	1	72
171	84	17	1	57
84	183	18	1	61
183	172	44	1	13
172	98	16	1	56
98	110	33	1	21
110	111	43	1	67
111	103	16	1	71
103	192	13	1	77
192	165	11	1	29
165	81	42	1	31
81	46	22	1	89
46	2	41	1	28
2	149	21	1	38
149	130	13	1	39
130	32	31	1	44
32	186	38	1	57
186	44	31	1	58
44	10	16	1	61
10	161	16	1	23
161	176	36	1	64
176	100	11	1	84
100	53	15	1	53
53	178	34	1	50
178	79	45	1	101
79	60	29	1	62
60	69	25	1	30
69	169	29	1	84
169	80	13	1	79
80	64	34	1	88
64	27	23	1	81
27	56	35	1	56
56	97	41	1	52
97	22	31	1	59
22	152	29	1	81
152	43	6	1	48
43	37	13	1	32
37	141	15	1	87
141	112	11	1	22
112	49	15	1	76
49	57	21	1	52
57	36	48	1	60
36	155	32	1	74
155	70	5	1	51
70	68	19	1	57
68	85	34	1	49
85	116	32	1	17
116	29	46	1	25
29	17	14	1	98
17	154	37	1	80
154	180	12	1	57
180	75	39	1	38
75	74	43	1	46
74	52	16	1	87
52	58	22	1	75
58	73	38	1	64
73	4	40	1	28
4	8	37	1	23
8	113	10	1	35
113	140	42	1	69
140	55	14	1	75
55	26	29	1	33
26	129	27	1	34
129	162	50	1	38
162	148	9	1	32
148	105	45	1	49
105	65	45	1	80
65	126	11	1	52
126	107	9	1	29
107	76	5	1	55
76	194	21	1	31
194	14	25	1	34
14	132	43	1	51
132	28	42	1	106
28	88	20	1	39
88	168	5	1	46
168	3	26	1	23
3	102	47	1	1
102	66	46	1	8
66	87	29	1	43
87	51	33	1	35
51	175	47	1	53
175	160	12	1	66
160	109	26	1	45
109	82	13	1	53
82	1	23	1	28
1	134	7	1	25
134	157	42	1	49
157	48	9	1	54
48	159	12	1	36
159	173	28	1	23
173	189	13	1	98
189	164	30	1	102
164	42	44	1	23
42	35	6	1	30
35	47	28	1	55
47	21	38	1	33
21	16	47	1	67
16	177	34	1	50
177	20	42	1	76
20	156	41	1	88
156	30	44	1	65
30	31	10	1	5
31	34	27	1	98
34	115	30	1	94
115	191	25	1	101
191	166	27	1	29
166	7	45	1	96
7	108	15	1	67
108	138	17	1	41
138	151	17	1	63
151	195	44	1	33
195	179	13	1	31
179	101	24	1	90
101	120	13	1	21
120	18	15	1	82
18	193	43	1	88
193	144	15	1	30
144	118	7	1	52
118	187	41	1	105
187	190	16	1	40
190	59	30	1	62
59	158	49	1	9
158	94	36	1	65
94	71	23	1	23
71	91	5	1	20
91	145	13	1	35
145	24	50	1	70
24	200	41	1	77
200	92	37	1	40
92	124	41	1	58
124	184	25	1	71
184	23	24	1	39
23	67	40	1	17
67	170	48	1	41
170	121	49	1	63
121	25	15	1	86
25	38	18	1	87
38	185	43	1	92
185	61	19	1	73
61	45	30	1	48
45	89	50	1	47
89	139	12	1	27
139	188	39	1	39
188	19	23	1	17
19	11	14	1	21
11	90	49	1	29
90	106	15	1	67
106	41	18	1	89
41	174	45	1	37
174	9	6	1	69
9	150	30	1	45
150	199	18	1	25
199	136	44	1	30
136	196	15	1	32
196	117	30	1	11
117	83	38	1	15
83	146	17	1	59
146	142	29	1	69
142	123	28	1	75
123	33	49	1	47
33	12	13	1	44
12	104	43	1	19
104	133	17	1	11
133	198	49	1	67
198	197	40	1	71
197	163	15	1	99
163	63	7	1	86
140	173	47	1	29
84	7	48	1	78
126	100	21	1	61
167	54	27	1	76
114	101	47	1	32
157	1	23	1	40
106	58	9	1	96
126	162	19	1	34
13	162	32	1	45
83	109	47	1	12
134	101	24	1	55
72	102	46	1	27
65	185	42	1	103
190	96	19	1	77
87	106	19	1	95
10	26	9	1	44
143	55	6	1	37
27	152	23	1	75
158	170	35	1	40
91	137	40	1	32

----------TURNS----------
INDEX-I	INDEX-J INDEX-K	COST TYPE
155	38	194	1	R
155	38	185	1	R
38	194	32	3	L
38	194	14	3	L
38	194	99	3	L
38	194	71	3	L
38	194	125	3	L
194	32	113	1	R
194	32	186	3	L
194	32	134	3	L
32	113	197	3	L
32	113	140	1	R
32	113	88	3	L
113	197	169	3	L
113	197	163	3	L
197	169	62	1	R
197	169	80	1	R
169	62	116	3	L
169	62	93	3	L
169	62	170	3	L
62	116	191	1	R
62	116	29	1	R
116	191	45	1	R
116	191	166	1	R
116	191	85	1	R
191	45	103	3	L
191	45	89	3	L
191	45	96	3	L
191	45	189	1	R
191	45	102	3	L
191	45	131	3	L
45	103	22	1	R
45	103	192	1	R
103	22	181	3	L
103	22	152	3	L
103	22	27	3	L
22	181	129	1	R
22	181	143	3	L
22	181	19	3	L
181	129	7	3	L
181	129	162	1	R
181	129	189	1	R
129	7	176	3	L
129	7	108	3	L
7	176	183	3	L
7	176	100	3	L
176	183	125	3	L
176	183	172	3	L
176	183	59	1	R
176	183	73	1	R
176	183	15	1	R
176	183	43	1	R
183	125	143	1	R
183	125	171	1	R
183	125	194	1	R
125	143	134	1	R
125	143	15	3	L
125	143	55	3	L
125	143	59	3	L
143	134	126	1	R
143	134	157	3	L
143	134	101	3	L
143	134	31	1	R
143	134	32	1	R
134	126	82	1	R
134	126	107	3	L
134	126	100	1	R
134	126	162	1	R
126	82	66	3	L
126	82	1	1	R
82	66	37	3	L
82	66	87	1	R
66	37	142	1	R
66	37	141	1	R
66	37	120	3	L
37	142	158	3	L
37	142	123	3	L
142	158	89	1	R
142	158	94	3	L
142	158	170	3	L
158	89	195	1	R
158	89	139	3	L
158	89	3	1	R
89	195	95	3	L
89	195	179	1	R
195	95	60	3	L
195	95	153	3	L
95	60	109	1	R
95	60	69	3	L
95	60	64	1	R
95	60	171	1	R
60	109	107	1	R
60	109	82	1	R
109	107	87	1	R
109	107	76	3	L
107	87	57	1	R
107	87	51	1	R
107	87	106	1	R
87	57	153	1	R
87	57	36	1	R
57	153	73	1	R
57	153	72	1	R
57	153	65	1	R
153	73	140	3	L
153	73	4	3	L
153	73	183	1	R
153	73	186	3	L
73	140	164	3	L
73	140	55	1	R
73	140	173	3	L
73	140	100	3	L
140	164	1	3	L
140	164	42	3	L
164	1	3	0	O
164	1	134	0	O
1	3	119	3	L
1	3	102	3	L
1	3	89	3	L
3	119	147	3	L
3	119	127	3	L
3	119	93	3	L
119	147	150	1	R
119	147	125	1	R
147	150	84	1	R
147	150	199	1	R
150	84	71	1	R
150	84	183	1	R
150	84	7	1	R
150	84	196	1	R
84	71	162	1	R
84	71	91	3	L
84	71	194	3	L
84	71	79	3	L
84	71	6	1	R
84	71	121	1	R
71	162	78	3	L
71	162	148	3	L
162	78	8	3	L
162	78	95	1	R
78	8	168	3	L
78	8	113	1	R
8	168	137	1	R
8	168	3	3	L
8	168	139	3	L
168	137	105	1	R
168	137	131	3	L
168	137	182	1	R
137	105	145	3	L
137	105	65	1	R
105	145	172	3	L
105	145	24	3	L
145	172	135	1	R
145	172	98	3	L
172	135	61	1	R
172	135	78	1	R
135	61	117	3	L
135	61	45	3	L
61	117	26	3	L
61	117	83	1	R
117	26	52	3	L
117	26	129	3	L
117	26	114	1	R
26	52	30	3	L
26	52	58	1	R
26	52	175	3	L
26	52	36	3	L
52	30	47	3	L
52	30	31	3	L
52	30	91	3	L
30	47	81	1	R
30	47	21	3	L
30	47	115	1	R
47	81	33	1	R
47	81	46	1	R
47	81	121	1	R
47	81	179	1	R
81	33	56	1	R
81	33	12	1	R
81	33	98	1	R
33	56	16	1	R
33	56	97	3	L
56	16	157	1	R
56	16	177	1	R
56	16	25	1	R
16	157	43	1	R
16	157	48	1	R
16	157	1	1	R
157	43	76	3	L
157	43	37	3	L
157	43	183	3	L
157	43	50	3	L
43	76	196	3	L
43	76	194	3	L
43	76	139	3	L
43	76	88	3	L
76	196	184	1	R
76	196	117	1	R
76	196	84	1	R
196	184	90	1	R
196	184	23	1	R
184	90	154	3	L
184	90	106	3	L
90	154	136	3	L
90	154	180	3	L
154	136	177	3	L
154	136	196	3	L
154	136	167	3	L
136	177	138	1	R
136	177	20	1	R
177	138	93	1	R
177	138	151	1	R
177	138	85	1	R
138	93	55	1	R
138	93	86	3	L
138	93	119	3	L
93	55	27	3	L
93	55	26	1	R
93	55	122	1	R
55	27	146	1	R
55	27	56	3	L
55	27	152	3	L
55	27	22	1	R
27	146	85	1	R
27	146	142	1	R
146	85	133	1	R
146	85	116	3	L
146	85	191	3	L
146	85	138	3	L
146	85	130	1	R
85	133	48	1	R
85	133	198	1	R
85	133	141	3	L
133	48	2	1	R
133	48	159	3	L
48	2	36	1	R
48	2	149	1	R
2	36	131	1	R
2	36	155	1	R
2	36	52	1	R
36	131	123	1	R
36	131	147	3	L
36	131	45	1	R
131	123	118	3	L
131	123	33	1	R
131	123	170	3	L
123	118	42	3	L
123	118	187	3	L
123	118	18	1	R
118	42	29	3	L
118	42	35	3	L
42	29	96	3	L
42	29	17	3	L
42	29	9	3	L
29	96	174	3	L
29	96	137	3	L
29	96	45	3	L
96	174	187	1	R
96	174	9	1	R
96	174	24	1	R
96	174	77	1	R
174	187	40	1	R
174	187	190	1	R
187	40	152	3	L
187	40	119	1	R
187	40	166	3	L
187	40	192	1	R
40	152	189	3	L
40	152	43	1	R
152	189	171	1	R
152	189	164	1	R
152	189	129	3	L
152	189	45	1	R
189	171	110	1	R
189	171	84	1	R
189	171	60	1	R
171	110	11	3	L
171	110	111	3	L
110	11	159	1	R
110	11	90	3	L
11	159	41	3	L
11	159	173	3	L
159	41	141	3	L
159	41	174	3	L
159	41	35	3	L
159	41	25	1	R
41	141	124	3	L
41	141	112	3	L
41	141	133	3	L
141	124	88	1	R
141	124	184	1	R
141	124	53	1	R
141	124	44	1	R
124	88	50	3	L
124	88	168	3	L
124	88	76	3	L
124	88	113	3	L
88	50	23	3	L
88	50	39	1	R
88	50	43	1	R
50	23	28	3	L
50	23	67	1	R
23	28	112	1	R
23	28	88	1	R
28	112	132	1	R
28	112	49	1	R
112	132	114	3	L
112	132	28	1	R
132	114	173	3	L
132	114	13	3	L
132	114	101	3	L
132	114	21	3	L
132	114	74	3	L
132	114	26	3	L
114	173	179	1	R
114	173	189	1	R
114	173	106	1	R
173	179	9	1	R
173	179	101	1	R
173	179	81	3	L
179	9	51	3	L
179	9	150	3	L
179	9	29	3	L
9	51	185	3	L
9	51	175	3	L
51	185	80	3	L
51	185	61	3	L
185	80	46	3	L
185	80	64	3	L
80	46	98	1	R
80	46	2	3	L
80	46	122	1	R
46	98	24	1	R
46	98	110	1	R
46	98	33	3	L
98	24	53	1	R
98	24	200	1	R
98	24	174	1	R
24	53	79	3	L
24	53	178	1	R
24	53	124	1	R
24	53	99	3	L
24	53	14	1	R
53	79	83	3	L
53	79	60	1	R
53	79	71	3	L
79	83	170	3	L
79	83	146	3	L
79	83	109	1	R
79	83	130	3	L
83	170	17	3	L
83	170	121	1	R
83	170	123	1	R
83	170	62	1	R
170	17	151	3	L
170	17	154	3	L
17	151	91	1	R
17	151	195	3	L
151	91	63	3	L
151	91	145	3	L
151	91	137	3	L
151	91	30	3	L
91	63	20	1	R
91	63	167	3	L
91	63	200	1	R
63	20	115	1	R
63	20	156	1	R
63	20	59	1	R
63	20	74	1	R
20	115	148	3	L
20	115	191	1	R
20	115	47	3	L
20	115	127	1	R
115	148	65	1	R
115	148	105	3	L
148	65	127	3	L
148	65	126	1	R
148	65	185	3	L
148	65	153	3	L
65	127	198	1	R
65	127	54	1	R
65	127	115	3	L
127	198	180	1	R
127	198	197	3	L
198	180	4	1	R
198	180	75	3	L
180	4	21	1	R
180	4	8	3	L
4	21	12	3	L
4	21	16	1	R
4	21	114	3	L
21	12	163	3	L
21	12	104	1	R
12	163	199	1	R
12	163	63	1	R
163	199	75	3	L
163	199	136	3	L
199	75	101	3	L
199	75	74	3	L
75	101	44	1	R
75	101	120	3	L
101	44	94	1	R
101	44	10	1	R
101	44	124	1	R
44	94	160	3	L
44	94	71	3	L
94	160	6	3	L
94	160	109	3	L
160	6	102	3	L
160	6	96	3	L
160	6	71	3	L
160	6	111	1	R
6	102	130	1	R
6	102	66	3	L
6	102	45	3	L
102	130	100	1	R
102	130	32	1	R
102	130	85	1	R
102	130	83	1	R
130	100	14	1	R
130	100	53	3	L
130	100	67	1	R
130	100	140	1	R
100	14	200	1	R
100	14	132	1	R
100	14	53	1	R
14	200	25	3	L
14	200	92	3	L
14	200	63	1	R
200	25	111	1	R
200	25	38	1	R
200	25	16	1	R
200	25	41	3	L
200	25	34	3	L
25	111	34	1	R
25	111	103	3	L
25	111	6	3	L
111	34	92	1	R
111	34	115	1	R
111	34	25	1	R
34	92	70	1	R
34	92	124	1	R
92	70	156	3	L
92	70	68	1	R
92	70	5	1	R
70	156	77	3	L
70	156	30	1	R
70	156	99	1	R
156	77	122	1	R
156	77	50	1	R
156	77	174	3	L
77	122	5	3	L
77	122	62	3	L
77	122	55	1	R
77	122	46	1	R
122	5	49	1	R
122	5	122	10000	U
122	5	67	1	R
122	5	70	3	L
5	49	104	3	L
5	49	57	1	R
49	104	108	3	L
49	104	133	3	L
104	108	67	3	L
104	108	138	1	R
108	67	166	3	L
108	67	170	1	R
108	67	100	1	R
108	67	5	3	L
67	166	10	3	L
67	166	7	3	L
67	166	40	3	L
166	10	193	3	L
166	10	161	3	L
166	10	26	3	L
10	193	186	3	L
10	193	144	3	L
193	186	167	3	L
193	186	44	3	L
193	186	73	3	L
186	167	72	1	R
186	167	77	1	R
186	167	54	1	R
186	167	136	3	L
167	72	190	1	R
167	72	114	3	L
167	72	102	1	R
72	190	106	1	R
72	190	59	1	R
72	190	96	1	R
190	106	54	3	L
190	106	41	1	R
190	106	58	1	R
190	106	173	3	L
106	54	58	3	L
106	54	181	3	L
54	58	192	3	L
54	58	73	3	L
58	192	39	1	R
58	192	165	3	L
58	192	40	3	L
192	39	139	1	R
192	39	5	1	R
39	139	64	1	R
39	139	188	3	L
39	139	168	1	R
39	139	76	1	R
139	64	175	1	R
139	64	27	1	R
139	64	60	1	R
64	175	165	3	L
64	175	160	1	R
64	175	52	1	R
175	165	15	1	R
175	165	81	1	R
165	15	68	1	R
165	15	182	1	R
165	15	183	1	R
15	68	178	3	L
15	68	85	3	L
68	178	99	3	L
68	178	79	3	L
178	99	97	3	L
178	99	135	1	R
178	99	194	3	L
178	99	156	3	L
178	99	53	1	R
178	99	59	1	R
99	97	121	3	L
99	97	22	3	L
97	121	31	3	L
97	121	25	1	R
97	121	81	3	L
97	121	71	1	R
121	31	86	3	L
121	31	34	3	L
121	31	134	3	L
31	86	120	1	R
31	86	128	3	L
86	120	128	1	R
86	120	18	1	R
86	120	37	1	R
120	128	144	3	L
120	128	99	3	L
128	144	188	1	R
128	144	118	1	R
144	188	161	3	L
144	188	19	3	L
188	161	19	3	L
188	161	176	3	L
161	19	13	1	R
161	19	11	3	L
161	19	181	1	R
19	13	18	1	R
19	13	40	1	R
19	13	162	1	R
13	18	182	1	R
13	18	193	3	L
13	18	118	3	L
18	182	69	1	R
18	182	6	1	R
18	182	137	1	R
182	69	35	3	L
182	69	169	3	L
69	35	149	3	L
69	35	47	1	R
69	35	41	3	L
35	149	59	3	L
35	149	130	3	L
149	59	74	3	L
149	59	158	1	R
149	59	183	3	L
149	59	20	3	L
149	59	143	3	L
149	59	99	3	L
59	74	155	3	L
59	74	52	3	L
59	74	20	3	L
59	74	114	3	L
74	155	38	3	L
74	155	70	3	L
63	167	72	3	L
63	167	77	3	L
63	167	54	3	L
63	167	136	3	L
167	77	122	1	R
167	77	50	1	R
167	77	174	3	L
77	50	23	3	L
77	50	39	1	R
77	50	43	1	R
50	39	139	1	R
50	39	5	1	R
39	5	49	1	R
39	5	122	1	R
39	5	67	1	R
39	5	70	1	R
5	122	5	10000	U
5	122	62	1	R
5	122	55	1	R
5	122	46	1	R
122	62	116	3	L
122	62	93	3	L
122	62	170	3	L
62	93	55	1	R
62	93	86	3	L
62	93	119	1	R
93	86	120	1	R
93	86	128	3	L
86	128	144	3	L
86	128	99	3	L
128	99	97	3	L
128	99	135	1	R
128	99	194	3	L
128	99	156	3	L
128	99	53	1	R
128	99	59	1	R
99	135	61	1	R
99	135	78	1	R
135	78	8	3	L
135	78	95	1	R
78	95	60	1	R
78	95	153	1	R
95	153	73	3	L
95	153	72	1	R
95	153	65	3	L
153	72	190	1	R
153	72	114	3	L
153	72	102	1	R
72	114	173	1	R
72	114	13	1	R
72	114	101	1	R
72	114	21	1	R
72	114	74	1	R
72	114	26	3	L
114	13	18	1	R
114	13	40	1	R
114	13	162	1	R
13	40	152	3	L
13	40	119	1	R
13	40	166	1	R
13	40	192	1	R
40	119	147	1	R
40	119	127	3	L
40	119	93	1	R
119	127	198	3	L
119	127	54	3	L
119	127	115	3	L
127	54	58	3	L
127	54	181	1	R
54	181	129	1	R
54	181	143	1	R
54	181	19	1	R
181	143	134	1	R
181	143	15	3	L
181	143	55	3	L
181	143	59	3	L
143	15	68	3	L
143	15	182	1	R
143	15	183	3	L
15	182	69	3	L
15	182	6	3	L
15	182	137	1	R
182	6	102	3	L
182	6	96	1	R
182	6	71	3	L
182	6	111	1	R
6	96	174	1	R
6	96	137	3	L
6	96	45	1	R
96	137	105	3	L
96	137	131	3	L
96	137	182	3	L
137	131	123	3	L
137	131	147	3	L
137	131	45	3	L
131	147	150	3	L
131	147	125	3	L
147	125	143	1	R
147	125	171	1	R
147	125	194	3	L
125	171	110	1	R
125	171	84	1	R
125	171	60	1	R
171	84	71	1	R
171	84	183	1	R
171	84	7	1	R
171	84	196	1	R
84	183	125	1	R
84	183	172	3	L
84	183	59	1	R
84	183	73	3	L
84	183	15	1	R
84	183	43	1	R
183	172	135	1	R
183	172	98	3	L
172	98	24	1	R
172	98	110	1	R
172	98	33	3	L
98	110	11	1	R
98	110	111	1	R
110	111	34	1	R
110	111	103	1	R
110	111	6	3	L
111	103	22	3	L
111	103	192	1	R
103	192	39	1	R
103	192	165	3	L
103	192	40	3	L
192	165	15	3	L
192	165	81	1	R
165	81	33	1	R
165	81	46	1	R
165	81	121	1	R
165	81	179	1	R
81	46	98	1	R
81	46	2	3	L
81	46	122	1	R
46	2	36	3	L
46	2	149	3	L
2	149	59	1	R
2	149	130	1	R
149	130	100	1	R
149	130	32	1	R
149	130	85	1	R
149	130	83	3	L
130	32	113	1	R
130	32	186	3	L
130	32	134	3	L
32	186	167	3	L
32	186	44	1	R
32	186	73	1	R
186	44	94	3	L
186	44	10	1	R
186	44	124	3	L
44	10	193	1	R
44	10	161	1	R
44	10	26	1	R
10	161	19	3	L
10	161	176	1	R
161	176	183	1	R
161	176	100	3	L
176	100	14	1	R
176	100	53	3	L
176	100	67	1	R
176	100	140	1	R
100	53	79	1	R
100	53	178	3	L
100	53	124	3	L
100	53	99	1	R
100	53	14	3	L
53	178	99	1	R
53	178	79	1	R
178	79	83	3	L
178	79	60	1	R
178	79	71	1	R
79	60	109	1	R
79	60	69	3	L
79	60	64	1	R
79	60	171	3	L
60	69	35	3	L
60	69	169	3	L
69	169	62	3	L
69	169	80	1	R
169	80	46	1	R
169	80	64	1	R
80	64	175	3	L
80	64	27	3	L
80	64	60	3	L
64	27	146	1	R
64	27	56	3	L
64	27	152	3	L
64	27	22	1	R
27	56	16	3	L
27	56	97	3	L
56	97	121	3	L
56	97	22	3	L
97	22	181	3	L
97	22	152	3	L
97	22	27	3	L
22	152	189	1	R
22	152	43	1	R
152	43	76	1	R
152	43	37	3	L
152	43	183	3	L
152	43	50	1	R
43	37	142	1	R
43	37	141	1	R
43	37	120	3	L
37	141	124	1	R
37	141	112	1	R
37	141	133	1	R
141	112	132	1	R
141	112	49	1	R
112	49	104	3	L
112	49	57	1	R
49	57	153	1	R
49	57	36	1	R
57	36	131	1	R
57	36	155	1	R
57	36	52	3	L
36	155	38	1	R
36	155	70	3	L
155	70	156	3	L
155	70	68	1	R
155	70	5	1	R
70	68	178	3	L
70	68	85	3	L
68	85	133	3	L
68	85	116	1	R
68	85	191	1	R
68	85	138	1	R
68	85	130	3	L
85	116	191	1	R
85	116	29	1	R
116	29	96	3	L
116	29	17	3	L
116	29	9	1	R
29	17	151	1	R
29	17	154	1	R
17	154	136	1	R
17	154	180	3	L
154	180	4	3	L
154	180	75	1	R
180	75	101	1	R
180	75	74	3	L
75	74	155	3	L
75	74	52	3	L
75	74	20	3	L
75	74	114	3	L
74	52	30	3	L
74	52	58	1	R
74	52	175	1	R
74	52	36	1	R
52	58	192	1	R
52	58	73	1	R
58	73	140	3	L
58	73	4	3	L
58	73	183	3	L
58	73	186	1	R
73	4	21	1	R
73	4	8	3	L
4	8	168	3	L
4	8	113	1	R
8	113	197	3	L
8	113	140	1	R
8	113	88	3	L
113	140	164	3	L
113	140	55	1	R
113	140	173	1	R
113	140	100	1	R
140	55	27	3	L
140	55	26	1	R
140	55	122	3	L
55	26	52	3	L
55	26	129	3	L
55	26	114	1	R
26	129	7	3	L
26	129	162	3	L
26	129	189	1	R
129	162	78	1	R
129	162	148	1	R
162	148	65	3	L
162	148	105	1	R
148	105	145	3	L
148	105	65	1	R
105	65	127	1	R
105	65	126	1	R
105	65	185	1	R
105	65	153	1	R
65	126	82	1	R
65	126	107	3	L
65	126	100	1	R
65	126	162	1	R
126	107	87	1	R
126	107	76	3	L
107	76	196	3	L
107	76	194	3	L
107	76	139	3	L
107	76	88	3	L
76	194	32	3	L
76	194	14	1	R
76	194	99	3	L
76	194	71	3	L
76	194	125	3	L
194	14	200	3	L
194	14	132	1	R
194	14	53	3	L
14	132	114	3	L
14	132	28	1	R
132	28	112	1	R
132	28	88	1	R
28	88	50	1	R
28	88	168	1	R
28	88	76	1	R
28	88	113	1	R
88	168	137	1	R
88	168	3	3	L
88	168	139	3	L
168	3	119	3	L
168	3	102	3	L
168	3	89	3	L
3	102	130	3	L
3	102	66	1	R
3	102	45	3	L
102	66	37	3	L
102	66	87	1	R
66	87	57	3	L
66	87	51	1	R
66	87	106	3	L
87	51	185	1	R
87	51	175	1	R
51	175	165	3	L
51	175	160	1	R
51	175	52	1	R
175	160	6	1	R
175	160	109	1	R
160	109	107	1	R
160	109	82	3	L
109	82	66	1	R
109	82	1	1	R
82	1	3	0	O
82	1	134	0	O
1	134	126	1	R
1	134	157	1	R
1	134	101	1	R
1	134	31	1	R
1	134	32	1	R
134	157	43	3	L
134	157	48	1	R
134	157	1	1	R
157	48	2	1	R
157	48	159	3	L
48	159	41	3	L
48	159	173	3	L
159	173	179	3	L
159	173	189	3	L
159	173	106	3	L
173	189	171	1	R
173	189	164	1	R
173	189	129	3	L
173	189	45	1	R
189	164	1	1	R
189	164	42	1	R
164	42	29	1	R
164	42	35	1	R
42	35	149	1	R
42	35	47	3	L
42	35	41	1	R
35	47	81	1	R
35	47	21	3	L
35	47	115	1	R
47	21	12	3	L
47	21	16	3	L
47	21	114	3	L
21	16	157	1	R
21	16	177	1	R
21	16	25	1	R
16	177	138	1	R
16	177	20	1	R
177	20	115	1	R
177	20	156	1	R
177	20	59	1	R
177	20	74	1	R
20	156	77	1	R
20	156	30	1	R
20	156	99	1	R
156	30	47	1	R
156	30	31	3	L
156	30	91	1	R
30	31	86	3	L
30	31	34	3	L
30	31	134	3	L
31	34	92	1	R
31	34	115	1	R
31	34	25	1	R
34	115	148	1	R
34	115	191	1	R
34	115	47	3	L
34	115	127	1	R
115	191	45	3	L
115	191	166	1	R
115	191	85	3	L
191	166	10	1	R
191	166	7	1	R
191	166	40	1	R
166	7	176	3	L
166	7	108	3	L
7	108	67	1	R
7	108	138	3	L
108	138	93	3	L
108	138	151	3	L
108	138	85	3	L
138	151	91	3	L
138	151	195	1	R
151	195	95	3	L
151	195	179	1	R
195	179	9	1	R
195	179	101	1	R
195	179	81	3	L
179	101	44	1	R
179	101	120	3	L
101	120	128	1	R
101	120	18	3	L
101	120	37	3	L
120	18	182	1	R
120	18	193	3	L
120	18	118	3	L
18	193	186	3	L
18	193	144	3	L
193	144	188	1	R
193	144	118	3	L
144	118	42	1	R
144	118	187	1	R
144	118	18	1	R
118	187	40	1	R
118	187	190	1	R
187	190	106	1	R
187	190	59	1	R
187	190	96	1	R
190	59	74	3	L
190	59	158	1	R
190	59	183	3	L
190	59	20	1	R
190	59	143	1	R
190	59	99	3	L
59	158	89	1	R
59	158	94	1	R
59	158	170	1	R
158	94	160	3	L
158	94	71	1	R
94	71	162	1	R
94	71	91	3	L
94	71	194	3	L
94	71	79	3	L
94	71	6	1	R
94	71	121	1	R
71	91	63	1	R
71	91	145	1	R
71	91	137	1	R
71	91	30	1	R
91	145	172	3	L
91	145	24	3	L
145	24	53	1	R
145	24	200	3	L
145	24	174	3	L
24	200	25	1	R
24	200	92	1	R
24	200	63	3	L
200	92	70	1	R
200	92	124	3	L
92	124	88	3	L
92	124	184	1	R
92	124	53	3	L
92	124	44	3	L
124	184	90	1	R
124	184	23	1	R
184	23	28	3	L
184	23	67	1	R
23	67	166	3	L
23	67	170	3	L
23	67	100	3	L
23	67	5	3	L
67	170	17	3	L
67	170	121	1	R
67	170	123	1	R
67	170	62	1	R
170	121	31	3	L
170	121	25	1	R
170	121	81	3	L
170	121	71	1	R
121	25	111	1	R
121	25	38	1	R
121	25	16	1	R
121	25	41	3	L
121	25	34	3	L
25	38	194	1	R
25	38	185	1	R
38	185	80	3	L
38	185	61	1	R
185	61	117	3	L
185	61	45	1	R
61	45	103	1	R
61	45	89	1	R
61	45	96	3	L
61	45	189	3	L
61	45	102	1	R
61	45	131	3	L
45	89	195	1	R
45	89	139	3	L
45	89	3	1	R
89	139	64	3	L
89	139	188	1	R
89	139	168	3	L
89	139	76	3	L
139	188	161	1	R
139	188	19	1	R
188	19	13	3	L
188	19	11	1	R
188	19	181	3	L
19	11	159	3	L
19	11	90	3	L
11	90	154	3	L
11	90	106	3	L
90	106	54	3	L
90	106	41	3	L
90	106	58	3	L
90	106	173	3	L
106	41	141	3	L
106	41	174	3	L
106	41	35	1	R
106	41	25	1	R
41	174	187	1	R
41	174	9	3	L
41	174	24	3	L
41	174	77	1	R
174	9	51	3	L
174	9	150	1	R
174	9	29	1	R
9	150	84	1	R
9	150	199	1	R
150	199	75	3	L
150	199	136	3	L
199	136	177	1	R
199	136	196	3	L
199	136	167	1	R
136	196	184	1	R
136	196	117	3	L
136	196	84	3	L
196	117	26	3	L
196	117	83	3	L
117	83	170	3	L
117	83	146	3	L
117	83	109	3	L
117	83	130	3	L
83	146	85	1	R
83	146	142	1	R
146	142	158	3	L
146	142	123	3	L
142	123	118	3	L
142	123	33	1	R
142	123	170	3	L
123	33	56	1	R
123	33	12	1	R
123	33	98	1	R
33	12	163	1	R
33	12	104	3	L
12	104	108	3	L
12	104	133	3	L
104	133	48	3	L
104	133	198	3	L
104	133	141	1	R
133	198	180	1	R
133	198	197	3	L
198	197	169	3	L
198	197	163	3	L
197	163	199	1	R
197	163	63	1	R
163	63	20	1	R
163	63	167	1	R
163	63	200	1	R
140	173	179	3	L
140	173	189	3	L
140	173	106	3	L
84	7	176	3	L
84	7	108	3	L
126	100	14	1	R
126	100	53	1	R
126	100	67	1	R
126	100	140	1	R
167	54	58	3	L
167	54	181	1	R
114	101	44	1	R
114	101	120	1	R
157	1	3	0	O
157	1	134	0	O
106	58	192	3	L
106	58	73	1	R
126	162	78	1	R
126	162	148	1	R
13	162	78	1	R
13	162	148	3	L
83	109	107	1	R
83	109	82	3	L
134	101	44	3	L
134	101	120	3	L
72	102	130	1	R
72	102	66	3	L
72	102	45	1	R
65	185	80	3	L
65	185	61	1	R
190	96	174	1	R
190	96	137	3	L
190	96	45	1	R
87	106	54	3	L
87	106	41	1	R
87	106	58	3	L
87	106	173	3	L
10	26	52	3	L
10	26	129	3	L
10	26	114	1	R
143	55	27	3	L
143	55	26	1	R
143	55	122	3	L
27	152	189	3	L
27	152	43	3	L
158	170	17	3	L
158	170	121	1	R
158	170	123	3	L
158	170	62	3	L
91	137	105	1	R
91	137	131	3	L
91	137	182	1	R
35	41	141	3	L
35	41	174	3	L
35	41	35	10000	U
35	41	25	1	R
41	35	149	1	R
41	35	47	3	L
41	35	41	10000	U
136	167	72	1	R
136	167	77	1	R
136	167	54	1	R
136	167	136	10000	U
167	136	177	1	R
167	136	196	3	L
167	136	167	10000	U
33	98	24	1	R
33	98	110	1	R
33	98	33	10000	U
98	33	56	3	L
98	33	12	1	R
98	33	98	10000	U
59	183	125	1	R
59	183	172	1	R
59	183	59	10000	U
59	183	73	3	L
59	183	15	3	L
59	183	43	3	L
183	59	74	3	L
183	59	158	1	R
183	59	183	10000	U
183	59	20	1	R
183	59	143	1	R
183	59	99	3	L
124	53	79	3	L
124	53	178	1	R
124	53	124	10000	U
124	53	99	3	L
124	53	14	1	R
53	124	88	3	L
53	124	184	1	R
53	124	53	10000	U
53	124	44	1	R
166	40	152	3	L
166	40	119	1	R
166	40	166	10000	U
166	40	192	1	R
40	166	10	3	L
40	166	7	1	R
40	166	40	10000	U
60	64	175	1	R
60	64	27	1	R
60	64	60	10000	U
64	60	109	3	L
64	60	69	3	L
64	60	64	10000	U
64	60	171	1	R
55	122	5	3	L
55	122	62	3	L
55	122	55	10000	U
55	122	46	3	L
122	55	27	3	L
122	55	26	1	R
122	55	122	10000	U
168	139	64	1	R
168	139	188	1	R
168	139	168	10000	U
168	139	76	1	R
139	168	137	1	R
139	168	3	3	L
139	168	139	10000	U
84	196	184	3	L
84	196	117	3	L
84	196	84	10000	U
196	84	71	3	L
196	84	183	3	L
196	84	7	3	L
196	84	196	10000	U
123	170	17	3	L
123	170	121	1	R
123	170	123	10000	U
123	170	62	3	L
170	123	118	3	L
170	123	33	1	R
170	123	170	10000	U
9	29	96	3	L
9	29	17	3	L
9	29	9	10000	U
29	9	51	3	L
29	9	150	1	R
29	9	29	10000	U
115	47	81	3	L
115	47	21	3	L
115	47	115	10000	U
47	115	148	1	R
47	115	191	1	R
47	115	47	10000	U
47	115	127	1	R
194	99	97	3	L
194	99	135	1	R
194	99	194	10000	U
194	99	156	3	L
194	99	53	1	R
194	99	59	1	R
99	194	32	3	L
99	194	14	3	L
99	194	99	10000	U
99	194	71	3	L
99	194	125	3	L
37	120	128	3	L
37	120	18	3	L
37	120	37	10000	U
120	37	142	1	R
120	37	141	1	R
120	37	120	10000	U
19	181	129	1	R
19	181	143	1	R
19	181	19	10000	U
181	19	13	1	R
181	19	11	3	L
181	19	181	10000	U
170	62	116	3	L
170	62	93	3	L
170	62	170	10000	U
62	170	17	3	L
62	170	121	1	R
62	170	123	1	R
62	170	62	10000	U
65	153	73	3	L
65	153	72	1	R
65	153	65	10000	U
153	65	127	1	R
153	65	126	1	R
153	65	185	1	R
153	65	153	10000	U
16	25	111	3	L
16	25	38	1	R
16	25	16	10000	U
16	25	41	3	L
16	25	34	1	R
25	16	157	3	L
25	16	177	1	R
25	16	25	10000	U
24	174	187	1	R
24	174	9	1	R
24	174	24	10000	U
24	174	77	1	R
174	24	53	1	R
174	24	200	1	R
174	24	174	10000	U
67	100	14	1	R
67	100	53	3	L
67	100	67	10000	U
67	100	140	3	L
100	67	166	3	L
100	67	170	1	R
100	67	100	10000	U
100	67	5	3	L
71	194	32	1	R
71	194	14	3	L
71	194	99	1	R
71	194	71	10000	U
71	194	125	1	R
194	71	162	3	L
194	71	91	3	L
194	71	194	10000	U
194	71	79	3	L
194	71	6	3	L
194	71	121	3	L
175	52	30	3	L
175	52	58	1	R
175	52	175	10000	U
175	52	36	1	R
52	175	165	1	R
52	175	160	3	L
52	175	52	10000	U
194	125	143	1	R
194	125	171	1	R
194	125	194	10000	U
125	194	32	3	L
125	194	14	3	L
125	194	99	1	R
125	194	71	3	L
125	194	125	10000	U
59	20	115	1	R
59	20	156	1	R
59	20	59	10000	U
59	20	74	1	R
20	59	74	3	L
20	59	158	1	R
20	59	183	3	L
20	59	20	10000	U
20	59	143	3	L
20	59	99	3	L
31	134	126	3	L
31	134	157	3	L
31	134	101	3	L
31	134	31	10000	U
31	134	32	3	L
134	31	86	1	R
134	31	34	1	R
134	31	134	10000	U
73	183	125	1	R
73	183	172	3	L
73	183	59	1	R
73	183	73	10000	U
73	183	15	1	R
73	183	43	1	R
183	73	140	1	R
183	73	4	1	R
183	73	183	10000	U
183	73	186	3	L
76	139	64	1	R
76	139	188	1	R
76	139	168	3	L
76	139	76	10000	U
139	76	196	3	L
139	76	194	3	L
139	76	139	10000	U
139	76	88	1	R
96	45	103	1	R
96	45	89	1	R
96	45	96	10000	U
96	45	189	3	L
96	45	102	1	R
96	45	131	1	R
45	96	174	1	R
45	96	137	3	L
45	96	45	10000	U
129	189	171	1	R
129	189	164	1	R
129	189	129	10000	U
129	189	45	1	R
189	129	7	1	R
189	129	162	3	L
189	129	189	10000	U
133	141	124	1	R
133	141	112	1	R
133	141	133	10000	U
141	133	48	1	R
141	133	198	1	R
141	133	141	10000	U
191	85	133	3	L
191	85	116	1	R
191	85	191	10000	U
191	85	138	3	L
191	85	130	3	L
85	191	45	3	L
85	191	166	1	R
85	191	85	10000	U
25	41	141	3	L
25	41	174	3	L
25	41	35	3	L
25	41	25	10000	U
41	25	111	1	R
41	25	38	1	R
41	25	16	1	R
41	25	41	10000	U
41	25	34	3	L
71	79	83	3	L
71	79	60	1	R
71	79	71	10000	U
79	71	162	3	L
79	71	91	1	R
79	71	194	1	R
79	71	79	10000	U
79	71	6	3	L
79	71	121	3	L
85	138	93	1	R
85	138	151	1	R
85	138	85	10000	U
138	85	133	3	L
138	85	116	1	R
138	85	191	1	R
138	85	138	10000	U
138	85	130	3	L
99	156	77	3	L
99	156	30	3	L
99	156	99	10000	U
156	99	97	3	L
156	99	135	1	R
156	99	194	1	R
156	99	156	10000	U
156	99	53	1	R
156	99	59	1	R
32	134	126	3	L
32	134	157	3	L
32	134	101	3	L
32	134	31	1	R
32	134	32	10000	U
134	32	113	1	R
134	32	186	1	R
134	32	134	10000	U
44	124	88	3	L
44	124	184	1	R
44	124	53	3	L
44	124	44	10000	U
124	44	94	1	R
124	44	10	1	R
124	44	124	10000	U
192	40	152	3	L
192	40	119	3	L
192	40	166	3	L
192	40	192	10000	U
40	192	39	3	L
40	192	165	1	R
40	192	40	10000	U
106	173	179	3	L
106	173	189	3	L
106	173	106	10000	U
173	106	54	1	R
173	106	41	1	R
173	106	58	1	R
173	106	173	10000	U
115	127	198	1	R
115	127	54	1	R
115	127	115	10000	U
127	115	148	3	L
127	115	191	3	L
127	115	47	3	L
127	115	127	10000	U
18	118	42	3	L
18	118	187	3	L
18	118	18	10000	U
118	18	182	1	R
118	18	193	1	R
118	18	118	10000	U
36	52	30	3	L
36	52	58	1	R
36	52	175	3	L
36	52	36	10000	U
52	36	131	1	R
52	36	155	1	R
52	36	52	10000	U
93	119	147	1	R
93	119	127	3	L
93	119	93	10000	U
119	93	55	1	R
119	93	86	3	L
119	93	119	10000	U
140	100	14	1	R
140	100	53	3	L
140	100	67	1	R
140	100	140	10000	U
100	140	164	3	L
100	140	55	1	R
100	140	173	3	L
100	140	100	10000	U
15	183	125	1	R
15	183	172	1	R
15	183	59	1	R
15	183	73	3	L
15	183	15	10000	U
15	183	43	1	R
183	15	68	1	R
183	15	182	1	R
183	15	183	10000	U
21	114	173	3	L
21	114	13	3	L
21	114	101	1	R
21	114	21	10000	U
21	114	74	3	L
21	114	26	3	L
114	21	12	1	R
114	21	16	1	R
114	21	114	10000	U
3	89	195	3	L
3	89	139	3	L
3	89	3	10000	U
89	3	119	1	R
89	3	102	1	R
89	3	89	10000	U
174	77	122	1	R
174	77	50	1	R
174	77	174	10000	U
77	174	187	3	L
77	174	9	3	L
77	174	24	3	L
77	174	77	10000	U
20	74	155	3	L
20	74	52	1	R
20	74	20	10000	U
20	74	114	3	L
74	20	115	3	L
74	20	156	3	L
74	20	59	3	L
74	20	74	10000	U
43	183	125	1	R
43	183	172	1	R
43	183	59	1	R
43	183	73	3	L
43	183	15	3	L
43	183	43	10000	U
183	43	76	1	R
183	43	37	3	L
183	43	183	10000	U
183	43	50	1	R
5	67	166	3	L
5	67	170	1	R
5	67	100	1	R
5	67	5	10000	U
67	5	49	3	L
67	5	122	3	L
67	5	67	10000	U
67	5	70	3	L
45	189	171	1	R
45	189	164	1	R
45	189	129	3	L
45	189	45	10000	U
189	45	103	1	R
189	45	89	3	L
189	45	96	1	R
189	45	189	10000	U
189	45	102	1	R
189	45	131	1	R
27	22	181	1	R
27	22	152	1	R
27	22	27	10000	U
22	27	146	1	R
22	27	56	3	L
22	27	152	3	L
22	27	22	10000	U
34	25	111	1	R
34	25	38	3	L
34	25	16	3	L
34	25	41	1	R
34	25	34	10000	U
25	34	92	1	R
25	34	115	1	R
25	34	25	10000	U
71	6	102	3	L
71	6	96	3	L
71	6	71	10000	U
71	6	111	1	R
6	71	162	3	L
6	71	91	1	R
6	71	194	1	R
6	71	79	1	R
6	71	6	10000	U
6	71	121	3	L
111	6	102	3	L
111	6	96	1	R
111	6	71	3	L
111	6	111	10000	U
6	111	34	1	R
6	111	103	1	R
6	111	6	10000	U
70	5	49	1	R
70	5	122	1	R
70	5	67	1	R
70	5	70	10000	U
5	70	156	3	L
5	70	68	1	R
5	70	5	10000	U
143	59	74	3	L
143	59	158	1	R
143	59	183	3	L
143	59	20	1	R
143	59	143	10000	U
143	59	99	3	L
59	143	134	1	R
59	143	15	1	R
59	143	55	1	R
59	143	59	10000	U
73	186	167	3	L
73	186	44	3	L
73	186	73	10000	U
186	73	140	3	L
186	73	4	3	L
186	73	183	1	R
186	73	186	10000	U
53	99	97	3	L
53	99	135	1	R
53	99	194	3	L
53	99	156	3	L
53	99	53	10000	U
53	99	59	1	R
99	53	79	1	R
99	53	178	1	R
99	53	124	1	R
99	53	99	10000	U
99	53	14	1	R
74	114	173	1	R
74	114	13	1	R
74	114	101	1	R
74	114	21	1	R
74	114	74	10000	U
74	114	26	3	L
114	74	155	3	L
114	74	52	1	R
114	74	20	1	R
114	74	114	10000	U
130	85	133	1	R
130	85	116	3	L
130	85	191	1	R
130	85	138	1	R
130	85	130	10000	U
85	130	100	1	R
85	130	32	1	R
85	130	85	10000	U
85	130	83	3	L
59	99	97	3	L
59	99	135	1	R
59	99	194	3	L
59	99	156	3	L
59	99	53	3	L
59	99	59	10000	U
99	59	74	1	R
99	59	158	1	R
99	59	183	1	R
99	59	20	1	R
99	59	143	1	R
99	59	99	10000	U
102	45	103	3	L
102	45	89	1	R
102	45	96	3	L
102	45	189	3	L
102	45	102	10000	U
102	45	131	3	L
45	102	130	1	R
45	102	66	3	L
45	102	45	10000	U
91	30	47	3	L
91	30	31	3	L
91	30	91	10000	U
30	91	63	3	L
30	91	145	3	L
30	91	137	1	R
30	91	30	10000	U
121	81	33	3	L
121	81	46	3	L
121	81	121	10000	U
121	81	179	1	R
81	121	31	3	L
81	121	25	1	R
81	121	81	10000	U
81	121	71	1	R
88	76	196	3	L
88	76	194	3	L
88	76	139	3	L
88	76	88	10000	U
76	88	50	3	L
76	88	168	1	R
76	88	76	10000	U
76	88	113	1	R
71	121	31	3	L
71	121	25	3	L
71	121	81	3	L
71	121	71	10000	U
121	71	162	1	R
121	71	91	1	R
121	71	194	1	R
121	71	79	1	R
121	71	6	1	R
121	71	121	10000	U
50	43	76	3	L
50	43	37	3	L
50	43	183	3	L
50	43	50	10000	U
43	50	23	3	L
43	50	39	3	L
43	50	43	10000	U
26	114	173	1	R
26	114	13	1	R
26	114	101	1	R
26	114	21	1	R
26	114	74	1	R
26	114	26	10000	U
114	26	52	1	R
114	26	129	3	L
114	26	114	10000	U
81	179	9	1	R
81	179	101	1	R
81	179	81	10000	U
179	81	33	3	L
179	81	46	3	L
179	81	121	3	L
179	81	179	10000	U
200	63	20	1	R
200	63	167	3	L
200	63	200	10000	U
63	200	25	1	R
63	200	92	1	R
63	200	63	10000	U
45	131	123	1	R
45	131	147	3	L
45	131	45	10000	U
131	45	103	1	R
131	45	89	1	R
131	45	96	3	L
131	45	189	3	L
131	45	102	1	R
131	45	131	10000	U
137	182	69	3	L
137	182	6	3	L
137	182	137	10000	U
182	137	105	3	L
182	137	131	3	L
182	137	182	10000	U
130	83	170	1	R
130	83	146	3	L
130	83	109	1	R
130	83	130	10000	U
83	130	100	1	R
83	130	32	1	R
83	130	85	1	R
83	130	83	10000	U
122	46	98	1	R
122	46	2	3	L
122	46	122	10000	U
46	122	5	3	L
46	122	62	3	L
46	122	55	1	R
46	122	46	10000	U
88	113	197	3	L
88	113	140	1	R
88	113	88	10000	U
113	88	50	3	L
113	88	168	3	L
113	88	76	3	L
113	88	113	10000	U
53	14	200	3	L
53	14	132	1	R
53	14	53	10000	U
14	53	79	3	L
14	53	178	1	R
14	53	124	3	L
14	53	99	3	L
14	53	14	10000	U
171	60	109	3	L
171	60	69	1	R
171	60	64	3	L
171	60	171	10000	U
60	171	110	1	R
60	171	84	1	R
60	171	60	10000	U
