Name:		mgval_0.40_4A
Optimal value:	400
#Vehicles:	3
Capacity:	225
Depot Node:	1
#Nodes:		41
#Edges:		26
#Arcs:		69
#Required N:	26
#Required E:	15
#Required A:	41

ReN.	DEMAND	S. COST
N2	2	2
N3	15	15
N4	2	2
N7	15	15
N8	2	2
N10	1	1
N11	4	4
N13	8	8
N14	4	4
N15	22	22
N16	9	9
N17	2	2
N20	14	14
N23	18	18
N24	28	28
N25	5	5
N26	5	5
N27	14	14
N30	25	25
N31	17	17
N34	12	12
N35	7	7
N36	10	10
N37	6	6
N40	11	11
N41	5	5

ReE.	FROM N.	TO N.	T. COST	DEMAND	S. COST
E12	8	9	2	3	3
E13	5	11	4	8	8
E14	21	27	1	3	3
E15	17	20	2	4	4
E16	2	8	10	20	20
E17	1	2	1	2	2
E18	21	22	4	9	9
E19	17	18	4	7	7
E20	34	35	2	4	4
E21	32	36	10	13	13
E22	13	23	7	14	14
E23	5	6	6	13	13
E24	35	36	8	12	12
E25	14	23	3	7	7
E26	16	19	1	2	2

EDGE	FROM N.	TO N.	T. COST
NrE1	23	24	3
NrE2	24	30	8
NrE3	31	35	4
NrE4	15	25	9
NrE5	1	7	5
NrE6	2	3	1
NrE7	34	38	7
NrE8	23	29	5
NrE9	27	32	3
NrE10	20	21	5
NrE11	4	5	1

ReA.	FROM N.	TO N.	T. COST	DEMAND	S. COST
A29	9	14	5	5	5
A30	16	17	9	15	15
A31	20	27	5	4	4
A32	28	27	7	7	7
A33	11	10	4	4	4
A34	9	10	3	3	3
A35	12	6	3	8	8
A36	26	25	6	5	5
A37	39	38	9	5	5
A38	10	11	4	3	3
A39	14	13	8	8	8
A40	37	33	2	2	2
A41	11	16	6	6	6
A42	29	34	14	17	17
A43	36	40	4	3	3
A44	7	8	2	1	1
A45	11	17	2	2	2
A46	3	9	1	1	1
A47	32	31	5	5	5
A48	22	28	5	12	12
A49	14	9	5	5	5
A50	39	36	3	5	5
A51	33	37	2	2	2
A52	18	22	6	14	14
A53	4	10	3	3	3
A54	15	10	1	2	2
A55	26	32	7	13	13
A56	10	9	3	3	3
A57	15	14	3	4	4
A58	27	20	5	4	4
A59	27	26	7	11	11
A60	25	24	4	4	4
A61	25	26	6	4	4
A62	13	7	7	14	14
A63	19	26	8	5	5
A64	39	35	10	7	7
A65	12	11	5	5	5
A66	33	27	5	9	9
A67	37	41	5	4	4
A68	10	4	3	4	4
A69	38	39	9	5	5

ARC	FROM N.	TO N.	T. COST
NrA1	40	39	2
NrA2	24	14	4
NrA3	25	31	7
NrA4	16	15	3
NrA5	41	37	5
NrA6	36	39	3
NrA7	13	14	8
NrA8	14	15	3
NrA9	26	19	8
NrA10	11	12	5
NrA11	31	32	5
NrA12	15	16	3
NrA13	27	28	7
NrA14	37	36	8
NrA15	3	4	7
NrA16	10	15	1
NrA17	16	11	6
NrA18	17	11	2
NrA19	8	7	2
NrA20	30	31	12
NrA21	20	19	3
NrA22	30	29	3
NrA23	35	39	10
NrA24	40	41	4
NrA25	24	25	4
NrA26	36	37	8
NrA27	40	36	4
NrA28	31	25	7
