Name:		mgval_0.40_5A
Optimal value:	426
#Vehicles:	3
Capacity:	220
Depot Node:	1
#Nodes:		34
#Edges:		22
#Arcs:		74
#Required N:	25
#Required E:	13
#Required A:	44

ReN.	DEMAND	S. COST
N3	14	14
N4	15	15
N6	3	3
N7	9	9
N8	7	7
N9	4	4
N10	15	15
N12	11	11
N13	23	23
N14	5	5
N15	4	4
N16	16	16
N17	13	13
N20	6	6
N22	19	19
N24	12	12
N25	3	3
N26	12	12
N27	22	22
N28	7	7
N29	5	5
N30	8	8
N31	6	6
N33	5	5
N34	10	10

ReE.	FROM N.	TO N.	T. COST	DEMAND	S. COST
E10	2	3	5	6	6
E11	6	7	9	12	12
E12	11	24	15	19	19
E13	28	34	2	9	9
E14	8	14	2	5	5
E15	19	20	6	12	12
E16	6	18	9	18	18
E17	28	33	3	8	8
E18	16	17	5	8	8
E19	9	10	3	7	7
E20	4	5	9	12	12
E21	21	22	5	8	8
E22	8	9	7	8	8

EDGE	FROM N.	TO N.	T. COST
NrE1	4	11	10
NrE2	16	23	9
NrE3	20	21	2
NrE4	13	14	4
NrE5	30	31	6
NrE6	27	32	5
NrE7	1	7	8
NrE8	27	28	10
NrE9	10	11	8

ReA.	FROM N.	TO N.	T. COST	DEMAND	S. COST
A31	14	15	1	3	3
A32	21	15	4	6	6
A33	11	5	4	3	3
A34	19	18	7	7	7
A35	26	25	9	8	8
A36	18	29	9	15	15
A37	19	13	6	8	8
A38	25	26	9	8	8
A39	16	15	5	9	9
A40	25	30	5	5	5
A41	12	18	5	5	5
A42	15	21	4	6	6
A43	19	12	4	9	9
A44	7	13	5	3	3
A45	18	12	5	6	6
A46	20	14	3	5	5
A47	27	21	7	11	11
A48	22	23	1	1	1
A49	15	14	1	3	3
A50	11	17	7	4	4
A51	2	1	10	6	6
A52	23	22	1	1	1
A53	2	13	9	8	8
A54	4	3	3	4	4
A55	30	25	5	6	6
A56	19	25	5	3	3
A57	5	11	4	3	3
A58	4	10	4	3	3
A59	33	34	1	2	2
A60	1	2	10	5	5
A61	9	15	5	4	4
A62	16	10	2	4	4
A63	25	29	7	4	4
A64	23	28	5	2	2
A65	1	6	2	2	2
A66	23	24	5	3	3
A67	18	19	7	7	7
A68	32	33	5	5	5
A69	2	8	8	6	6
A70	13	7	5	3	3
A71	30	29	4	7	7
A72	17	11	7	5	5
A73	10	4	4	3	3
A74	31	32	3	7	7

ARC	FROM N.	TO N.	T. COST
NrA1	6	1	2
NrA2	31	26	9
NrA3	8	2	8
NrA4	15	9	5
NrA5	28	23	5
NrA6	13	12	2
NrA7	20	26	3
NrA8	26	20	3
NrA9	12	6	7
NrA10	10	16	2
NrA11	28	22	4
NrA12	3	10	2
NrA13	29	25	7
NrA14	34	33	1
NrA15	25	19	5
NrA16	17	24	9
NrA17	26	27	4
NrA18	9	3	6
NrA19	22	15	9
NrA20	3	9	6
NrA21	34	24	10
NrA22	14	20	3
NrA23	24	34	10
NrA24	26	31	9
NrA25	22	28	4
NrA26	27	26	4
NrA27	33	32	5
NrA28	13	2	9
NrA29	3	4	3
NrA30	24	23	5
