Name:		mgval_0.40_5B
Optimal value:	-1
#Vehicles:	4
Capacity:	165
Depot Node:	1
#Nodes:		34
#Edges:		35
#Arcs:		56
#Required N:	23
#Required E:	21
#Required A:	33

ReN.	DEMAND	S. COST
N2	20	20
N4	15	15
N6	5	5
N9	12	12
N10	10	10
N11	10	10
N12	4	4
N13	16	16
N15	18	18
N16	8	8
N18	14	14
N20	8	8
N21	15	15
N22	10	10
N23	5	5
N24	16	16
N25	12	12
N26	8	8
N27	6	6
N28	16	16
N29	15	15
N30	8	8
N33	4	4

ReE.	FROM N.	TO N.	T. COST	DEMAND	S. COST
E15	25	30	5	11	11
E16	4	5	9	12	12
E17	23	24	5	7	7
E18	3	10	2	8	8
E19	32	33	5	10	10
E20	3	4	3	7	7
E21	5	11	4	6	6
E22	28	33	3	8	8
E23	6	12	7	11	11
E24	1	7	8	9	9
E25	15	16	5	9	9
E26	6	18	9	18	18
E27	1	2	10	11	11
E28	19	25	5	6	6
E29	17	24	9	13	13
E30	19	20	6	12	12
E31	22	28	4	8	8
E32	10	16	2	7	7
E33	4	10	4	6	6
E34	7	13	5	6	6
E35	12	13	2	7	7

EDGE	FROM N.	TO N.	T. COST
NrE1	30	31	6
NrE2	29	30	4
NrE3	23	28	5
NrE4	20	26	3
NrE5	28	34	2
NrE6	22	23	1
NrE7	4	11	10
NrE8	18	19	7
NrE9	2	3	5
NrE10	24	34	10
NrE11	13	19	6
NrE12	15	21	4
NrE13	33	34	1
NrE14	9	15	5

ReA.	FROM N.	TO N.	T. COST	DEMAND	S. COST
A24	31	32	3	3	3
A25	26	31	9	6	6
A26	24	11	15	10	10
A27	14	8	2	3	3
A28	12	18	5	5	5
A29	14	13	4	4	4
A30	16	17	5	4	4
A31	7	6	9	6	6
A32	9	10	3	3	3
A33	11	24	15	9	9
A34	17	16	5	4	4
A35	20	14	3	5	5
A36	6	7	9	6	6
A37	3	9	6	3	3
A38	18	29	9	7	7
A39	27	26	4	5	5
A40	17	11	7	5	5
A41	9	3	6	4	4
A42	18	12	5	6	6
A43	15	22	9	7	7
A44	21	20	2	2	2
A45	19	12	4	5	5
A46	14	20	3	5	5
A47	8	9	7	4	4
A48	23	16	9	8	8
A49	22	21	5	4	4
A50	8	2	8	7	7
A51	13	14	4	4	4
A52	32	31	3	4	4
A53	8	14	2	2	2
A54	31	26	9	6	6
A55	29	25	7	5	5
A56	27	28	10	6	6

ARC	FROM N.	TO N.	T. COST
NrA1	1	6	2
NrA2	28	27	10
NrA3	11	10	8
NrA4	26	25	9
NrA5	29	18	9
NrA6	9	8	7
NrA7	16	23	9
NrA8	25	29	7
NrA9	13	2	9
NrA10	21	27	7
NrA11	15	14	1
NrA12	2	13	9
NrA13	2	8	8
NrA14	25	26	9
NrA15	11	17	7
NrA16	20	21	2
NrA17	22	15	9
NrA18	6	1	2
NrA19	12	19	4
NrA20	10	11	8
NrA21	21	22	5
NrA22	27	32	5
NrA23	10	9	3
