Name:		mgval_0.50_4D
Optimal value:	-1
#Vehicles:	9
Capacity:	75
Depot Node:	1
#Nodes:		41
#Edges:		21
#Arcs:		83
#Required N:	32
#Required E:	10
#Required A:	41

ReN.	DEMAND	S. COST
N2	3	3
N3	7	7
N4	7	7
N6	4	4
N7	9	9
N8	10	10
N9	10	10
N10	7	7
N11	12	12
N13	7	7
N15	19	19
N16	15	15
N17	7	7
N18	14	14
N19	3	3
N20	8	8
N23	16	16
N24	28	28
N25	11	11
N26	11	11
N27	19	19
N29	10	10
N30	22	22
N31	16	16
N32	7	7
N34	15	15
N36	12	12
N37	4	4
N38	5	5
N39	14	14
N40	2	2
N41	5	5

ReE.	FROM N.	TO N.	T. COST	DEMAND	S. COST
E12	21	22	4	9	9
E13	5	6	6	13	13
E14	14	15	3	8	8
E15	3	9	1	1	1
E16	11	16	6	12	12
E17	8	9	2	3	3
E18	9	10	3	6	6
E19	4	5	1	2	2
E20	36	40	4	7	7
E21	20	21	5	10	10

EDGE	FROM N.	TO N.	T. COST
NrE1	30	31	12
NrE2	25	31	7
NrE3	27	32	3
NrE4	24	30	8
NrE5	17	18	4
NrE6	11	17	2
NrE7	24	25	4
NrE8	16	17	9
NrE9	10	11	4
NrE10	15	25	9
NrE11	9	14	5

ReA.	FROM N.	TO N.	T. COST	DEMAND	S. COST
A43	15	16	3	3	3
A44	13	7	7	14	14
A45	8	7	2	2	2
A46	10	15	1	1	1
A47	16	15	3	3	3
A48	1	7	5	7	7
A49	33	27	5	5	5
A50	26	19	8	5	5
A51	39	35	10	7	7
A52	16	19	1	1	1
A53	37	33	2	4	4
A54	17	20	2	2	2
A55	35	34	2	2	2
A56	14	13	8	8	8
A57	12	6	3	4	4
A58	41	40	4	2	2
A59	38	34	7	6	6
A60	32	36	10	6	6
A61	28	27	7	13	13
A62	35	39	10	7	7
A63	11	12	5	4	4
A64	28	22	5	6	6
A65	4	3	7	8	8
A66	15	10	1	2	2
A67	37	36	8	6	6
A68	12	11	5	5	5
A69	23	14	3	7	7
A70	2	8	10	10	10
A71	22	28	5	6	6
A72	35	36	8	6	6
A73	25	26	6	4	4
A74	27	26	7	11	11
A75	39	40	2	1	1
A76	40	41	4	2	2
A77	29	34	14	8	8
A78	13	14	8	8	8
A79	34	35	2	2	2
A80	36	32	10	7	7
A81	19	26	8	5	5
A82	14	24	4	6	6
A83	3	2	1	1	1

ARC	FROM N.	TO N.	T. COST
NrA1	40	39	2
NrA2	29	23	5
NrA3	23	13	7
NrA4	27	20	5
NrA5	13	23	7
NrA6	32	26	7
NrA7	34	29	14
NrA8	39	38	9
NrA9	30	29	3
NrA10	24	23	3
NrA11	7	8	2
NrA12	31	32	5
NrA13	27	21	1
NrA14	24	14	4
NrA15	6	12	3
NrA16	2	3	1
NrA17	27	33	5
NrA18	36	35	8
NrA19	23	24	3
NrA20	20	19	3
NrA21	26	25	6
NrA22	19	20	3
NrA23	31	35	4
NrA24	18	22	6
NrA25	26	32	7
NrA26	41	37	5
NrA27	38	39	9
NrA28	39	36	3
NrA29	11	5	4
NrA30	23	29	5
NrA31	36	37	8
NrA32	7	1	5
NrA33	29	30	3
NrA34	20	27	5
NrA35	37	41	5
NrA36	20	17	2
NrA37	4	10	3
NrA38	8	2	10
NrA39	34	38	7
NrA40	3	4	7
NrA41	19	16	1
NrA42	1	2	1
